ODB Name,Step,Frame,Part Instance Name, Element Label,         Facet,    Node Label,X,Y,Z,Section Name,Material Name,Section Point,CNORMF-Magnitude,CNORMF-CNORMF1,CNORMF-CNORMF2,CNORMF-CNORMF3,        CSLIP1,        CSLIP2,       CSTATUS
D:/MoVerHu_Projekt/FE_Modell/FE-Abaqus-Model/Job-19.odb,Step-658,Increment      6: Step Time =    1.000,"LAGERSITZ_NEU-1",          4111,             4,           106,      -122.384,       48.5145,      -12.5873,"ASSEMBLY_LAGERSITZ_NEU-1_SET-GEHAEUSE","ALUMINIUM",NA,       7.71791,  -10.7957E-03,       7.55156,       1.59369,  -2.21007E-15,  -539.951E-18,       NoValue
D:/MoVerHu_Projekt/FE_Modell/FE-Abaqus-Model/Job-19.odb,Step-658,Increment      6: Step Time =    1.000,"LAGERSITZ_NEU-1",          4108,             4,           106,      -122.384,       48.5145,      -12.5873,"ASSEMBLY_LAGERSITZ_NEU-1_SET-GEHAEUSE","ALUMINIUM",NA,       7.71791,  -10.7957E-03,       7.55156,       1.59369,  -2.21007E-15,  -539.951E-18,       NoValue
D:/MoVerHu_Projekt/FE_Modell/FE-Abaqus-Model/Job-19.odb,Step-658,Increment      6: Step Time =    1.000,"LAGERSITZ_NEU-1",          4099,             4,           109,      -122.384,       50.0598,      -25.6373,"ASSEMBLY_LAGERSITZ_NEU-1_SET-GEHAEUSE","ALUMINIUM",NA,       10.3241,  -16.2794E-03,       10.3201,   289.144E-03,   192.855E-03,  -120.612E-03,       NoValue
D:/MoVerHu_Projekt/FE_Modell/FE-Abaqus-Model/Job-19.odb,Step-658,Increment      6: Step Time =    1.000,"LAGERSITZ_NEU-1",          4456,             4,           109,      -122.384,       50.0598,      -25.6373,"ASSEMBLY_LAGERSITZ_NEU-1_SET-GEHAEUSE","ALUMINIUM",NA,       10.3241,  -16.2794E-03,       10.3201,   289.144E-03,   192.855E-03,  -120.612E-03,       NoValue
D:/MoVerHu_Projekt/FE_Modell/FE-Abaqus-Model/Job-19.odb,Step-658,Increment      6: Step Time =    1.000,"LAGERSITZ_NEU-1",         13097,             3,           221,      -97.1837,       50.9442,      -11.9989,"ASSEMBLY_LAGERSITZ_NEU-1_SET-GEHAEUSE","ALUMINIUM",NA,       66.5635,       66.5634,   115.469E-03,   424.443E-06,  -836.799E-18,  -787.170E-18,       NoValue
D:/MoVerHu_Projekt/FE_Modell/FE-Abaqus-Model/Job-19.odb,Step-658,Increment      6: Step Time =    1.000,"LAGERSITZ_NEU-1",         13092,             3,           221,      -97.1837,       50.9442,      -11.9989,"ASSEMBLY_LAGERSITZ_NEU-1_SET-GEHAEUSE","ALUMINIUM",NA,       66.5635,       66.5634,   115.469E-03,   424.443E-06,  -836.799E-18,  -787.170E-18,       NoValue
D:/MoVerHu_Projekt/FE_Modell/FE-Abaqus-Model/Job-19.odb,Step-658,Increment      6: Step Time =    1.000,"LAGERSITZ_NEU-1",          4458,             4,           228,      -112.184,       50.0598,      -25.6373,"ASSEMBLY_LAGERSITZ_NEU-1_SET-GEHAEUSE","ALUMINIUM",NA,       91.7365,  -138.158E-03,       91.7294,       1.13550,   178.126E-03,  -47.5416E-03,            2.
D:/MoVerHu_Projekt/FE_Modell/FE-Abaqus-Model/Job-19.odb,Step-658,Increment      6: Step Time =    1.000,"LAGERSITZ_NEU-1",         13073,             6,           228,      -112.184,       50.0598,      -25.6373,"ASSEMBLY_LAGERSITZ_NEU-1_SET-GEHAEUSE","ALUMINIUM",NA,       91.7365,  -138.158E-03,       91.7294,       1.13550,   178.126E-03,  -47.5416E-03,            2.
D:/MoVerHu_Projekt/FE_Modell/FE-Abaqus-Model/Job-19.odb,Step-658,Increment      6: Step Time =    1.000,"LAGERSITZ_NEU-1",          4101,             4,           228,      -112.184,       50.0598,      -25.6373,"ASSEMBLY_LAGERSITZ_NEU-1_SET-GEHAEUSE","ALUMINIUM",NA,       91.7365,  -138.158E-03,       91.7294,       1.13550,   178.126E-03,  -47.5416E-03,            2.
D:/MoVerHu_Projekt/FE_Modell/FE-Abaqus-Model/Job-19.odb,Step-658,Increment      6: Step Time =    1.000,"LAGERSITZ_NEU-1",         13068,             6,           228,      -112.184,       50.0598,      -25.6373,"ASSEMBLY_LAGERSITZ_NEU-1_SET-GEHAEUSE","ALUMINIUM",NA,       91.7365,  -138.158E-03,       91.7294,       1.13550,   178.126E-03,  -47.5416E-03,            2.
D:/MoVerHu_Projekt/FE_Modell/FE-Abaqus-Model/Job-19.odb,Step-658,Increment      6: Step Time =    1.000,"LAGERSITZ_NEU-1",          4113,             4,           230,      -112.184,       48.5145,      -12.5873,"ASSEMBLY_LAGERSITZ_NEU-1_SET-GEHAEUSE","ALUMINIUM",NA,       31.6913,  -41.0768E-03,       31.0044,       6.56225,   99.9327E-03,  -176.932E-03,       NoValue
D:/MoVerHu_Projekt/FE_Modell/FE-Abaqus-Model/Job-19.odb,Step-658,Increment      6: Step Time =    1.000,"LAGERSITZ_NEU-1",         13088,             6,           230,      -112.184,       48.5145,      -12.5873,"ASSEMBLY_LAGERSITZ_NEU-1_SET-GEHAEUSE","ALUMINIUM",NA,       31.6913,  -41.0768E-03,       31.0044,       6.56225,   99.9327E-03,  -176.932E-03,       NoValue
D:/MoVerHu_Projekt/FE_Modell/FE-Abaqus-Model/Job-19.odb,Step-658,Increment      6: Step Time =    1.000,"LAGERSITZ_NEU-1",         13093,             6,           230,      -112.184,       48.5145,      -12.5873,"ASSEMBLY_LAGERSITZ_NEU-1_SET-GEHAEUSE","ALUMINIUM",NA,       31.6913,  -41.0768E-03,       31.0044,       6.56225,   99.9327E-03,  -176.932E-03,       NoValue
D:/MoVerHu_Projekt/FE_Modell/FE-Abaqus-Model/Job-19.odb,Step-658,Increment      6: Step Time =    1.000,"LAGERSITZ_NEU-1",          4110,             4,           230,      -112.184,       48.5145,      -12.5873,"ASSEMBLY_LAGERSITZ_NEU-1_SET-GEHAEUSE","ALUMINIUM",NA,       31.6913,  -41.0768E-03,       31.0044,       6.56225,   99.9327E-03,  -176.932E-03,       NoValue
D:/MoVerHu_Projekt/FE_Modell/FE-Abaqus-Model/Job-19.odb,Step-658,Increment      6: Step Time =    1.000,"LAGERSITZ_NEU-1",         13077,             6,           368,      -97.1837,       50.0598,      -25.6373,"ASSEMBLY_LAGERSITZ_NEU-1_SET-GEHAEUSE","ALUMINIUM",NA,       88.4156,      -23.0520,       85.3510,       1.06357,  -6.06723E-06,  -793.205E-06,            2.
D:/MoVerHu_Projekt/FE_Modell/FE-Abaqus-Model/Job-19.odb,Step-658,Increment      6: Step Time =    1.000,"LAGERSITZ_NEU-1",         13077,             3,           368,      -97.1837,       50.0598,      -25.6373,"ASSEMBLY_LAGERSITZ_NEU-1_SET-GEHAEUSE","ALUMINIUM",NA,       88.4156,      -23.0520,       85.3510,       1.06357,   6.47600E-03,   5.42944E-03,            2.
D:/MoVerHu_Projekt/FE_Modell/FE-Abaqus-Model/Job-19.odb,Step-658,Increment      6: Step Time =    1.000,"LAGERSITZ_NEU-1",         13072,             3,           368,      -97.1837,       50.0598,      -25.6373,"ASSEMBLY_LAGERSITZ_NEU-1_SET-GEHAEUSE","ALUMINIUM",NA,       88.4156,      -23.0520,       85.3510,       1.06357,   6.47600E-03,   5.42944E-03,            2.
D:/MoVerHu_Projekt/FE_Modell/FE-Abaqus-Model/Job-19.odb,Step-658,Increment      6: Step Time =    1.000,"LAGERSITZ_NEU-1",         13072,             6,           368,      -97.1837,       50.0598,      -25.6373,"ASSEMBLY_LAGERSITZ_NEU-1_SET-GEHAEUSE","ALUMINIUM",NA,       88.4156,      -23.0520,       85.3510,       1.06357,  -6.06723E-06,  -793.205E-06,            2.
D:/MoVerHu_Projekt/FE_Modell/FE-Abaqus-Model/Job-19.odb,Step-658,Increment      6: Step Time =    1.000,"LAGERSITZ_NEU-1",         13072,             3,           369,      -97.1837,       52.5598,      -25.6420,"ASSEMBLY_LAGERSITZ_NEU-1_SET-GEHAEUSE","ALUMINIUM",NA,       21.9303,      -21.9303,  -23.4115E-03,  -87.6152E-06,   737.360E-06,  -1.10300E-03,            2.
D:/MoVerHu_Projekt/FE_Modell/FE-Abaqus-Model/Job-19.odb,Step-658,Increment      6: Step Time =    1.000,"LAGERSITZ_NEU-1",         13077,             3,           369,      -97.1837,       52.5598,      -25.6420,"ASSEMBLY_LAGERSITZ_NEU-1_SET-GEHAEUSE","ALUMINIUM",NA,       21.9303,      -21.9303,  -23.4115E-03,  -87.6152E-06,   737.360E-06,  -1.10300E-03,            2.
D:/MoVerHu_Projekt/FE_Modell/FE-Abaqus-Model/Job-19.odb,Step-658,Increment      6: Step Time =    1.000,"LAGERSITZ_NEU-1",         13092,             3,           370,      -97.1837,       48.5145,      -12.5873,"ASSEMBLY_LAGERSITZ_NEU-1_SET-GEHAEUSE","ALUMINIUM",NA,       27.4232,      -2.22729,       26.7119,       5.79193,  -523.739E-18,  -1.55907E-15,       NoValue
D:/MoVerHu_Projekt/FE_Modell/FE-Abaqus-Model/Job-19.odb,Step-658,Increment      6: Step Time =    1.000,"LAGERSITZ_NEU-1",         13092,             6,           370,      -97.1837,       48.5145,      -12.5873,"ASSEMBLY_LAGERSITZ_NEU-1_SET-GEHAEUSE","ALUMINIUM",NA,       27.4232,      -2.22729,       26.7119,       5.79193,  -32.2384E-03,  -80.5488E-03,            2.
D:/MoVerHu_Projekt/FE_Modell/FE-Abaqus-Model/Job-19.odb,Step-658,Increment      6: Step Time =    1.000,"LAGERSITZ_NEU-1",         13097,             3,           370,      -97.1837,       48.5145,      -12.5873,"ASSEMBLY_LAGERSITZ_NEU-1_SET-GEHAEUSE","ALUMINIUM",NA,       27.4232,      -2.22729,       26.7119,       5.79193,  -523.739E-18,  -1.55907E-15,       NoValue
D:/MoVerHu_Projekt/FE_Modell/FE-Abaqus-Model/Job-19.odb,Step-658,Increment      6: Step Time =    1.000,"LAGERSITZ_NEU-1",         13097,             6,           370,      -97.1837,       48.5145,      -12.5873,"ASSEMBLY_LAGERSITZ_NEU-1_SET-GEHAEUSE","ALUMINIUM",NA,       27.4232,      -2.22729,       26.7119,       5.79193,  -32.2384E-03,  -80.5488E-03,            2.
D:/MoVerHu_Projekt/FE_Modell/FE-Abaqus-Model/Job-19.odb,Step-658,Increment      6: Step Time =    1.000,"LAGERSITZ_NEU-1",          4114,             4,          1353,      -122.384,       47.7074,      -9.62024,"ASSEMBLY_LAGERSITZ_NEU-1_SET-GEHAEUSE","ALUMINIUM",NA,            0.,            0.,            0.,            0.,   2.21099E-15,  -19.5655E-18,       NoValue
D:/MoVerHu_Projekt/FE_Modell/FE-Abaqus-Model/Job-19.odb,Step-658,Increment      6: Step Time =    1.000,"LAGERSITZ_NEU-1",          4111,             4,          1353,      -122.384,       47.7074,      -9.62024,"ASSEMBLY_LAGERSITZ_NEU-1_SET-GEHAEUSE","ALUMINIUM",NA,            0.,            0.,            0.,            0.,   2.21099E-15,  -19.5655E-18,       NoValue
D:/MoVerHu_Projekt/FE_Modell/FE-Abaqus-Model/Job-19.odb,Step-658,Increment      6: Step Time =    1.000,"LAGERSITZ_NEU-1",          4114,             4,          1354,      -122.384,       46.7358,      -6.70289,"ASSEMBLY_LAGERSITZ_NEU-1_SET-GEHAEUSE","ALUMINIUM",NA,   60.8235E-03,  -53.8332E-06,   56.5352E-03,   22.4336E-03,   4.23154E-15,   545.697E-18,       NoValue
D:/MoVerHu_Projekt/FE_Modell/FE-Abaqus-Model/Job-19.odb,Step-658,Increment      6: Step Time =    1.000,"LAGERSITZ_NEU-1",          4447,             4,          1377,      -122.384,       49.0336,      -36.1090,"ASSEMBLY_LAGERSITZ_NEU-1_SET-GEHAEUSE","ALUMINIUM",NA,       30.0088,  -50.3362E-03,       29.4427,      -5.80120,   230.598E-03,  -1.42414E-03,            2.
D:/MoVerHu_Projekt/FE_Modell/FE-Abaqus-Model/Job-19.odb,Step-658,Increment      6: Step Time =    1.000,"LAGERSITZ_NEU-1",          4450,             4,          1378,      -122.384,       49.4780,      -33.5125,"ASSEMBLY_LAGERSITZ_NEU-1_SET-GEHAEUSE","ALUMINIUM",NA,       10.7056,  -17.6862E-03,       10.5768,      -1.65572,   289.580E-03,  -39.0633E-03,       NoValue
D:/MoVerHu_Projekt/FE_Modell/FE-Abaqus-Model/Job-19.odb,Step-658,Increment      6: Step Time =    1.000,"LAGERSITZ_NEU-1",          4447,             4,          1378,      -122.384,       49.4780,      -33.5125,"ASSEMBLY_LAGERSITZ_NEU-1_SET-GEHAEUSE","ALUMINIUM",NA,       10.7056,  -17.6862E-03,       10.5768,      -1.65572,   289.580E-03,  -39.0633E-03,       NoValue
D:/MoVerHu_Projekt/FE_Modell/FE-Abaqus-Model/Job-19.odb,Step-658,Increment      6: Step Time =    1.000,"LAGERSITZ_NEU-1",          4453,             4,          1379,      -122.384,       49.7977,      -30.8977,"ASSEMBLY_LAGERSITZ_NEU-1_SET-GEHAEUSE","ALUMINIUM",NA,       1.04808,  -1.63916E-03,       1.04035,  -127.062E-03,   187.370E-03,  -59.0722E-03,       NoValue
D:/MoVerHu_Projekt/FE_Modell/FE-Abaqus-Model/Job-19.odb,Step-658,Increment      6: Step Time =    1.000,"LAGERSITZ_NEU-1",          4450,             4,          1379,      -122.384,       49.7977,      -30.8977,"ASSEMBLY_LAGERSITZ_NEU-1_SET-GEHAEUSE","ALUMINIUM",NA,       1.04808,  -1.63916E-03,       1.04035,  -127.062E-03,   187.370E-03,  -59.0722E-03,       NoValue
D:/MoVerHu_Projekt/FE_Modell/FE-Abaqus-Model/Job-19.odb,Step-658,Increment      6: Step Time =    1.000,"LAGERSITZ_NEU-1",          4456,             4,          1380,      -122.384,       49.9917,      -28.2706,"ASSEMBLY_LAGERSITZ_NEU-1_SET-GEHAEUSE","ALUMINIUM",NA,            0.,            0.,            0.,            0.,   1.67553E-15,  -444.056E-18,       NoValue
D:/MoVerHu_Projekt/FE_Modell/FE-Abaqus-Model/Job-19.odb,Step-658,Increment      6: Step Time =    1.000,"LAGERSITZ_NEU-1",          4453,             4,          1380,      -122.384,       49.9917,      -28.2706,"ASSEMBLY_LAGERSITZ_NEU-1_SET-GEHAEUSE","ALUMINIUM",NA,            0.,            0.,            0.,            0.,   1.67553E-15,  -444.056E-18,       NoValue
D:/MoVerHu_Projekt/FE_Modell/FE-Abaqus-Model/Job-19.odb,Step-658,Increment      6: Step Time =    1.000,"LAGERSITZ_NEU-1",          4102,             4,          1519,      -122.384,       49.9674,      -22.3459,"ASSEMBLY_LAGERSITZ_NEU-1_SET-GEHAEUSE","ALUMINIUM",NA,       88.7258,  -149.306E-03,       88.5279,       5.92065,   111.210E-03,  -55.2673E-03,            2.
D:/MoVerHu_Projekt/FE_Modell/FE-Abaqus-Model/Job-19.odb,Step-658,Increment      6: Step Time =    1.000,"LAGERSITZ_NEU-1",          4099,             4,          1519,      -122.384,       49.9674,      -22.3459,"ASSEMBLY_LAGERSITZ_NEU-1_SET-GEHAEUSE","ALUMINIUM",NA,       88.7258,  -149.306E-03,       88.5279,       5.92065,   111.210E-03,  -55.2673E-03,            2.
D:/MoVerHu_Projekt/FE_Modell/FE-Abaqus-Model/Job-19.odb,Step-658,Increment      6: Step Time =    1.000,"LAGERSITZ_NEU-1",          4102,             4,          1520,      -122.384,       49.6783,      -19.0660,"ASSEMBLY_LAGERSITZ_NEU-1_SET-GEHAEUSE","ALUMINIUM",NA,       178.905,  -303.340E-03,       177.669,       20.9896,   3.88478E-03,  -2.01472E-03,            2.
D:/MoVerHu_Projekt/FE_Modell/FE-Abaqus-Model/Job-19.odb,Step-658,Increment      6: Step Time =    1.000,"LAGERSITZ_NEU-1",          4105,             4,          1520,      -122.384,       49.6783,      -19.0660,"ASSEMBLY_LAGERSITZ_NEU-1_SET-GEHAEUSE","ALUMINIUM",NA,       178.905,  -303.340E-03,       177.669,       20.9896,   3.88478E-03,  -2.01472E-03,            2.
D:/MoVerHu_Projekt/FE_Modell/FE-Abaqus-Model/Job-19.odb,Step-658,Increment      6: Step Time =    1.000,"LAGERSITZ_NEU-1",          4108,             4,          1521,      -122.384,       49.1934,      -15.8092,"ASSEMBLY_LAGERSITZ_NEU-1_SET-GEHAEUSE","ALUMINIUM",NA,       73.1095,  -115.416E-03,       72.0880,       12.1781,   90.8975E-03,  -130.697E-03,            2.
D:/MoVerHu_Projekt/FE_Modell/FE-Abaqus-Model/Job-19.odb,Step-658,Increment      6: Step Time =    1.000,"LAGERSITZ_NEU-1",          4105,             4,          1521,      -122.384,       49.1934,      -15.8092,"ASSEMBLY_LAGERSITZ_NEU-1_SET-GEHAEUSE","ALUMINIUM",NA,       73.1095,  -115.416E-03,       72.0880,       12.1781,   90.8975E-03,  -130.697E-03,            2.
D:/MoVerHu_Projekt/FE_Modell/FE-Abaqus-Model/Job-19.odb,Step-658,Increment      6: Step Time =    1.000,"LAGERSITZ_NEU-1",         13102,             3,          2294,      -97.1837,       49.0847,      -5.84694,"ASSEMBLY_LAGERSITZ_NEU-1_SET-GEHAEUSE","ALUMINIUM",NA,            0.,            0.,            0.,            0.,  -137.124E-18,  -2.50794E-15,       NoValue
D:/MoVerHu_Projekt/FE_Modell/FE-Abaqus-Model/Job-19.odb,Step-658,Increment      6: Step Time =    1.000,"LAGERSITZ_NEU-1",         13097,             3,          2295,      -97.1837,       50.1005,      -8.89690,"ASSEMBLY_LAGERSITZ_NEU-1_SET-GEHAEUSE","ALUMINIUM",NA,            0.,            0.,            0.,            0.,   660.035E-18,   391.977E-18,       NoValue
D:/MoVerHu_Projekt/FE_Modell/FE-Abaqus-Model/Job-19.odb,Step-658,Increment      6: Step Time =    1.000,"LAGERSITZ_NEU-1",         13102,             3,          2295,      -97.1837,       50.1005,      -8.89690,"ASSEMBLY_LAGERSITZ_NEU-1_SET-GEHAEUSE","ALUMINIUM",NA,            0.,            0.,            0.,            0.,   660.035E-18,   391.977E-18,       NoValue
D:/MoVerHu_Projekt/FE_Modell/FE-Abaqus-Model/Job-19.odb,Step-658,Increment      6: Step Time =    1.000,"LAGERSITZ_NEU-1",          4100,             4,          2296,      -118.984,       50.0598,      -25.6373,"ASSEMBLY_LAGERSITZ_NEU-1_SET-GEHAEUSE","ALUMINIUM",NA,       29.5329,  -47.5401E-03,       29.5241,   719.245E-03,   278.873E-03,  -119.235E-03,       NoValue
D:/MoVerHu_Projekt/FE_Modell/FE-Abaqus-Model/Job-19.odb,Step-658,Increment      6: Step Time =    1.000,"LAGERSITZ_NEU-1",          4456,             4,          2296,      -118.984,       50.0598,      -25.6373,"ASSEMBLY_LAGERSITZ_NEU-1_SET-GEHAEUSE","ALUMINIUM",NA,       29.5329,  -47.5401E-03,       29.5241,   719.245E-03,   278.873E-03,  -119.235E-03,       NoValue
D:/MoVerHu_Projekt/FE_Modell/FE-Abaqus-Model/Job-19.odb,Step-658,Increment      6: Step Time =    1.000,"LAGERSITZ_NEU-1",          4099,             4,          2296,      -118.984,       50.0598,      -25.6373,"ASSEMBLY_LAGERSITZ_NEU-1_SET-GEHAEUSE","ALUMINIUM",NA,       29.5329,  -47.5401E-03,       29.5241,   719.245E-03,   278.873E-03,  -119.235E-03,       NoValue
D:/MoVerHu_Projekt/FE_Modell/FE-Abaqus-Model/Job-19.odb,Step-658,Increment      6: Step Time =    1.000,"LAGERSITZ_NEU-1",          4457,             4,          2296,      -118.984,       50.0598,      -25.6373,"ASSEMBLY_LAGERSITZ_NEU-1_SET-GEHAEUSE","ALUMINIUM",NA,       29.5329,  -47.5401E-03,       29.5241,   719.245E-03,   278.873E-03,  -119.235E-03,       NoValue
D:/MoVerHu_Projekt/FE_Modell/FE-Abaqus-Model/Job-19.odb,Step-658,Increment      6: Step Time =    1.000,"LAGERSITZ_NEU-1",          4458,             4,          2297,      -115.584,       50.0598,      -25.6373,"ASSEMBLY_LAGERSITZ_NEU-1_SET-GEHAEUSE","ALUMINIUM",NA,       65.6412,  -103.270E-03,       65.6335,   998.561E-03,   259.737E-03,  -84.9967E-03,            2.
D:/MoVerHu_Projekt/FE_Modell/FE-Abaqus-Model/Job-19.odb,Step-658,Increment      6: Step Time =    1.000,"LAGERSITZ_NEU-1",          4101,             4,          2297,      -115.584,       50.0598,      -25.6373,"ASSEMBLY_LAGERSITZ_NEU-1_SET-GEHAEUSE","ALUMINIUM",NA,       65.6412,  -103.270E-03,       65.6335,   998.561E-03,   259.737E-03,  -84.9967E-03,            2.
D:/MoVerHu_Projekt/FE_Modell/FE-Abaqus-Model/Job-19.odb,Step-658,Increment      6: Step Time =    1.000,"LAGERSITZ_NEU-1",          4457,             4,          2297,      -115.584,       50.0598,      -25.6373,"ASSEMBLY_LAGERSITZ_NEU-1_SET-GEHAEUSE","ALUMINIUM",NA,       65.6412,  -103.270E-03,       65.6335,   998.561E-03,   259.737E-03,  -84.9967E-03,            2.
D:/MoVerHu_Projekt/FE_Modell/FE-Abaqus-Model/Job-19.odb,Step-658,Increment      6: Step Time =    1.000,"LAGERSITZ_NEU-1",          4100,             4,          2297,      -115.584,       50.0598,      -25.6373,"ASSEMBLY_LAGERSITZ_NEU-1_SET-GEHAEUSE","ALUMINIUM",NA,       65.6412,  -103.270E-03,       65.6335,   998.561E-03,   259.737E-03,  -84.9967E-03,            2.
D:/MoVerHu_Projekt/FE_Modell/FE-Abaqus-Model/Job-19.odb,Step-658,Increment      6: Step Time =    1.000,"LAGERSITZ_NEU-1",          4101,             4,          2303,      -112.184,       49.9674,      -22.3459,"ASSEMBLY_LAGERSITZ_NEU-1_SET-GEHAEUSE","ALUMINIUM",NA,       262.523,  -380.394E-03,       262.001,       16.5414,   26.8173E-03,  -2.95284E-03,            2.
D:/MoVerHu_Projekt/FE_Modell/FE-Abaqus-Model/Job-19.odb,Step-658,Increment      6: Step Time =    1.000,"LAGERSITZ_NEU-1",         13078,             6,          2303,      -112.184,       49.9674,      -22.3459,"ASSEMBLY_LAGERSITZ_NEU-1_SET-GEHAEUSE","ALUMINIUM",NA,       262.523,  -380.394E-03,       262.001,       16.5414,   26.8173E-03,  -2.95284E-03,            2.
D:/MoVerHu_Projekt/FE_Modell/FE-Abaqus-Model/Job-19.odb,Step-658,Increment      6: Step Time =    1.000,"LAGERSITZ_NEU-1",         13073,             6,          2303,      -112.184,       49.9674,      -22.3459,"ASSEMBLY_LAGERSITZ_NEU-1_SET-GEHAEUSE","ALUMINIUM",NA,       262.523,  -380.394E-03,       262.001,       16.5414,   26.8173E-03,  -2.95284E-03,            2.
D:/MoVerHu_Projekt/FE_Modell/FE-Abaqus-Model/Job-19.odb,Step-658,Increment      6: Step Time =    1.000,"LAGERSITZ_NEU-1",          4104,             4,          2303,      -112.184,       49.9674,      -22.3459,"ASSEMBLY_LAGERSITZ_NEU-1_SET-GEHAEUSE","ALUMINIUM",NA,       262.523,  -380.394E-03,       262.001,       16.5414,   26.8173E-03,  -2.95284E-03,            2.
D:/MoVerHu_Projekt/FE_Modell/FE-Abaqus-Model/Job-19.odb,Step-658,Increment      6: Step Time =    1.000,"LAGERSITZ_NEU-1",         13083,             6,          2304,      -112.184,       49.6783,      -19.0660,"ASSEMBLY_LAGERSITZ_NEU-1_SET-GEHAEUSE","ALUMINIUM",NA,       406.855,  -570.658E-03,       404.020,       47.9397,   1.24346E-03,  -1.50342E-03,            2.
D:/MoVerHu_Projekt/FE_Modell/FE-Abaqus-Model/Job-19.odb,Step-658,Increment      6: Step Time =    1.000,"LAGERSITZ_NEU-1",          4107,             4,          2304,      -112.184,       49.6783,      -19.0660,"ASSEMBLY_LAGERSITZ_NEU-1_SET-GEHAEUSE","ALUMINIUM",NA,       406.855,  -570.658E-03,       404.020,       47.9397,   1.24346E-03,  -1.50342E-03,            2.
D:/MoVerHu_Projekt/FE_Modell/FE-Abaqus-Model/Job-19.odb,Step-658,Increment      6: Step Time =    1.000,"LAGERSITZ_NEU-1",         13078,             6,          2304,      -112.184,       49.6783,      -19.0660,"ASSEMBLY_LAGERSITZ_NEU-1_SET-GEHAEUSE","ALUMINIUM",NA,       406.855,  -570.658E-03,       404.020,       47.9397,   1.24346E-03,  -1.50342E-03,            2.
D:/MoVerHu_Projekt/FE_Modell/FE-Abaqus-Model/Job-19.odb,Step-658,Increment      6: Step Time =    1.000,"LAGERSITZ_NEU-1",          4104,             4,          2304,      -112.184,       49.6783,      -19.0660,"ASSEMBLY_LAGERSITZ_NEU-1_SET-GEHAEUSE","ALUMINIUM",NA,       406.855,  -570.658E-03,       404.020,       47.9397,   1.24346E-03,  -1.50342E-03,            2.
D:/MoVerHu_Projekt/FE_Modell/FE-Abaqus-Model/Job-19.odb,Step-658,Increment      6: Step Time =    1.000,"LAGERSITZ_NEU-1",          4107,             4,          2305,      -112.184,       49.1934,      -15.8092,"ASSEMBLY_LAGERSITZ_NEU-1_SET-GEHAEUSE","ALUMINIUM",NA,       247.170,  -331.532E-03,       243.536,       42.2253,   21.2796E-03,  -16.6304E-03,            2.
D:/MoVerHu_Projekt/FE_Modell/FE-Abaqus-Model/Job-19.odb,Step-658,Increment      6: Step Time =    1.000,"LAGERSITZ_NEU-1",          4110,             4,          2305,      -112.184,       49.1934,      -15.8092,"ASSEMBLY_LAGERSITZ_NEU-1_SET-GEHAEUSE","ALUMINIUM",NA,       247.170,  -331.532E-03,       243.536,       42.2253,   21.2796E-03,  -16.6304E-03,            2.
D:/MoVerHu_Projekt/FE_Modell/FE-Abaqus-Model/Job-19.odb,Step-658,Increment      6: Step Time =    1.000,"LAGERSITZ_NEU-1",         13088,             6,          2305,      -112.184,       49.1934,      -15.8092,"ASSEMBLY_LAGERSITZ_NEU-1_SET-GEHAEUSE","ALUMINIUM",NA,       247.170,  -331.532E-03,       243.536,       42.2253,   21.2796E-03,  -16.6304E-03,            2.
D:/MoVerHu_Projekt/FE_Modell/FE-Abaqus-Model/Job-19.odb,Step-658,Increment      6: Step Time =    1.000,"LAGERSITZ_NEU-1",         13083,             6,          2305,      -112.184,       49.1934,      -15.8092,"ASSEMBLY_LAGERSITZ_NEU-1_SET-GEHAEUSE","ALUMINIUM",NA,       247.170,  -331.532E-03,       243.536,       42.2253,   21.2796E-03,  -16.6304E-03,            2.
D:/MoVerHu_Projekt/FE_Modell/FE-Abaqus-Model/Job-19.odb,Step-658,Increment      6: Step Time =    1.000,"LAGERSITZ_NEU-1",          4112,             4,          2306,      -115.584,       48.5145,      -12.5873,"ASSEMBLY_LAGERSITZ_NEU-1_SET-GEHAEUSE","ALUMINIUM",NA,       28.7613,  -39.0131E-03,       28.1386,       5.95270,   134.714E-03,  -221.965E-03,       NoValue
D:/MoVerHu_Projekt/FE_Modell/FE-Abaqus-Model/Job-19.odb,Step-658,Increment      6: Step Time =    1.000,"LAGERSITZ_NEU-1",          4109,             4,          2306,      -115.584,       48.5145,      -12.5873,"ASSEMBLY_LAGERSITZ_NEU-1_SET-GEHAEUSE","ALUMINIUM",NA,       28.7613,  -39.0131E-03,       28.1386,       5.95270,   134.714E-03,  -221.965E-03,       NoValue
D:/MoVerHu_Projekt/FE_Modell/FE-Abaqus-Model/Job-19.odb,Step-658,Increment      6: Step Time =    1.000,"LAGERSITZ_NEU-1",          4110,             4,          2306,      -115.584,       48.5145,      -12.5873,"ASSEMBLY_LAGERSITZ_NEU-1_SET-GEHAEUSE","ALUMINIUM",NA,       28.7613,  -39.0131E-03,       28.1386,       5.95270,   134.714E-03,  -221.965E-03,       NoValue
D:/MoVerHu_Projekt/FE_Modell/FE-Abaqus-Model/Job-19.odb,Step-658,Increment      6: Step Time =    1.000,"LAGERSITZ_NEU-1",          4113,             4,          2306,      -115.584,       48.5145,      -12.5873,"ASSEMBLY_LAGERSITZ_NEU-1_SET-GEHAEUSE","ALUMINIUM",NA,       28.7613,  -39.0131E-03,       28.1386,       5.95270,   134.714E-03,  -221.965E-03,       NoValue
D:/MoVerHu_Projekt/FE_Modell/FE-Abaqus-Model/Job-19.odb,Step-658,Increment      6: Step Time =    1.000,"LAGERSITZ_NEU-1",          4108,             4,          2307,      -118.984,       48.5145,      -12.5873,"ASSEMBLY_LAGERSITZ_NEU-1_SET-GEHAEUSE","ALUMINIUM",NA,       21.7985,  -30.6727E-03,       21.3275,       4.50681,   96.7976E-03,  -211.874E-03,       NoValue
D:/MoVerHu_Projekt/FE_Modell/FE-Abaqus-Model/Job-19.odb,Step-658,Increment      6: Step Time =    1.000,"LAGERSITZ_NEU-1",          4109,             4,          2307,      -118.984,       48.5145,      -12.5873,"ASSEMBLY_LAGERSITZ_NEU-1_SET-GEHAEUSE","ALUMINIUM",NA,       21.7985,  -30.6727E-03,       21.3275,       4.50681,   96.7976E-03,  -211.874E-03,       NoValue
D:/MoVerHu_Projekt/FE_Modell/FE-Abaqus-Model/Job-19.odb,Step-658,Increment      6: Step Time =    1.000,"LAGERSITZ_NEU-1",          4112,             4,          2307,      -118.984,       48.5145,      -12.5873,"ASSEMBLY_LAGERSITZ_NEU-1_SET-GEHAEUSE","ALUMINIUM",NA,       21.7985,  -30.6727E-03,       21.3275,       4.50681,   96.7976E-03,  -211.874E-03,       NoValue
D:/MoVerHu_Projekt/FE_Modell/FE-Abaqus-Model/Job-19.odb,Step-658,Increment      6: Step Time =    1.000,"LAGERSITZ_NEU-1",          4111,             4,          2307,      -118.984,       48.5145,      -12.5873,"ASSEMBLY_LAGERSITZ_NEU-1_SET-GEHAEUSE","ALUMINIUM",NA,       21.7985,  -30.6727E-03,       21.3275,       4.50681,   96.7976E-03,  -211.874E-03,       NoValue
D:/MoVerHu_Projekt/FE_Modell/FE-Abaqus-Model/Job-19.odb,Step-658,Increment      6: Step Time =    1.000,"LAGERSITZ_NEU-1",         13093,             6,          2308,      -112.184,       47.7074,      -9.62024,"ASSEMBLY_LAGERSITZ_NEU-1_SET-GEHAEUSE","ALUMINIUM",NA,       10.5612,  -11.9224E-03,       10.0191,       3.34002,   51.0521E-03,  -175.294E-03,       NoValue
D:/MoVerHu_Projekt/FE_Modell/FE-Abaqus-Model/Job-19.odb,Step-658,Increment      6: Step Time =    1.000,"LAGERSITZ_NEU-1",          4116,             4,          2308,      -112.184,       47.7074,      -9.62024,"ASSEMBLY_LAGERSITZ_NEU-1_SET-GEHAEUSE","ALUMINIUM",NA,       10.5612,  -11.9224E-03,       10.0191,       3.34002,   51.0521E-03,  -175.294E-03,       NoValue
D:/MoVerHu_Projekt/FE_Modell/FE-Abaqus-Model/Job-19.odb,Step-658,Increment      6: Step Time =    1.000,"LAGERSITZ_NEU-1",         13098,             6,          2308,      -112.184,       47.7074,      -9.62024,"ASSEMBLY_LAGERSITZ_NEU-1_SET-GEHAEUSE","ALUMINIUM",NA,       10.5612,  -11.9224E-03,       10.0191,       3.34002,   51.0521E-03,  -175.294E-03,       NoValue
D:/MoVerHu_Projekt/FE_Modell/FE-Abaqus-Model/Job-19.odb,Step-658,Increment      6: Step Time =    1.000,"LAGERSITZ_NEU-1",          4113,             4,          2308,      -112.184,       47.7074,      -9.62024,"ASSEMBLY_LAGERSITZ_NEU-1_SET-GEHAEUSE","ALUMINIUM",NA,       10.5612,  -11.9224E-03,       10.0191,       3.34002,   51.0521E-03,  -175.294E-03,       NoValue
D:/MoVerHu_Projekt/FE_Modell/FE-Abaqus-Model/Job-19.odb,Step-658,Increment      6: Step Time =    1.000,"LAGERSITZ_NEU-1",         13098,             6,          2309,      -112.184,       46.7358,      -6.70289,"ASSEMBLY_LAGERSITZ_NEU-1_SET-GEHAEUSE","ALUMINIUM",NA,       77.4205,  -84.6863E-03,       72.5954,       26.9042,  -31.3387E-03,  -184.584E-03,            2.
D:/MoVerHu_Projekt/FE_Modell/FE-Abaqus-Model/Job-19.odb,Step-658,Increment      6: Step Time =    1.000,"LAGERSITZ_NEU-1",          4116,             4,          2309,      -112.184,       46.7358,      -6.70289,"ASSEMBLY_LAGERSITZ_NEU-1_SET-GEHAEUSE","ALUMINIUM",NA,       77.4205,  -84.6863E-03,       72.5954,       26.9042,  -31.3387E-03,  -184.584E-03,            2.
D:/MoVerHu_Projekt/FE_Modell/FE-Abaqus-Model/Job-19.odb,Step-658,Increment      6: Step Time =    1.000,"LAGERSITZ_NEU-1",         13053,             6,          2508,      -112.184,       49.0336,      -36.1090,"ASSEMBLY_LAGERSITZ_NEU-1_SET-GEHAEUSE","ALUMINIUM",NA,       169.078,  -264.468E-03,       165.950,      -32.3757,   58.5905E-03,   17.1284E-03,            2.
D:/MoVerHu_Projekt/FE_Modell/FE-Abaqus-Model/Job-19.odb,Step-658,Increment      6: Step Time =    1.000,"LAGERSITZ_NEU-1",          4449,             4,          2508,      -112.184,       49.0336,      -36.1090,"ASSEMBLY_LAGERSITZ_NEU-1_SET-GEHAEUSE","ALUMINIUM",NA,       169.078,  -264.468E-03,       165.950,      -32.3757,   58.5905E-03,   17.1284E-03,            2.
D:/MoVerHu_Projekt/FE_Modell/FE-Abaqus-Model/Job-19.odb,Step-658,Increment      6: Step Time =    1.000,"LAGERSITZ_NEU-1",         13053,             6,          2509,      -112.184,       49.4780,      -33.5125,"ASSEMBLY_LAGERSITZ_NEU-1_SET-GEHAEUSE","ALUMINIUM",NA,       156.844,  -245.202E-03,       155.148,      -23.0048,   101.340E-03,   8.27962E-03,            2.
D:/MoVerHu_Projekt/FE_Modell/FE-Abaqus-Model/Job-19.odb,Step-658,Increment      6: Step Time =    1.000,"LAGERSITZ_NEU-1",          4449,             4,          2509,      -112.184,       49.4780,      -33.5125,"ASSEMBLY_LAGERSITZ_NEU-1_SET-GEHAEUSE","ALUMINIUM",NA,       156.844,  -245.202E-03,       155.148,      -23.0048,   101.340E-03,   8.27962E-03,            2.
D:/MoVerHu_Projekt/FE_Modell/FE-Abaqus-Model/Job-19.odb,Step-658,Increment      6: Step Time =    1.000,"LAGERSITZ_NEU-1",          4452,             4,          2509,      -112.184,       49.4780,      -33.5125,"ASSEMBLY_LAGERSITZ_NEU-1_SET-GEHAEUSE","ALUMINIUM",NA,       156.844,  -245.202E-03,       155.148,      -23.0048,   101.340E-03,   8.27962E-03,            2.
D:/MoVerHu_Projekt/FE_Modell/FE-Abaqus-Model/Job-19.odb,Step-658,Increment      6: Step Time =    1.000,"LAGERSITZ_NEU-1",         13058,             6,          2509,      -112.184,       49.4780,      -33.5125,"ASSEMBLY_LAGERSITZ_NEU-1_SET-GEHAEUSE","ALUMINIUM",NA,       156.844,  -245.202E-03,       155.148,      -23.0048,   101.340E-03,   8.27962E-03,            2.
D:/MoVerHu_Projekt/FE_Modell/FE-Abaqus-Model/Job-19.odb,Step-658,Increment      6: Step Time =    1.000,"LAGERSITZ_NEU-1",          4455,             4,          2510,      -112.184,       49.7977,      -30.8977,"ASSEMBLY_LAGERSITZ_NEU-1_SET-GEHAEUSE","ALUMINIUM",NA,       82.2034,  -128.556E-03,       81.7639,      -8.48879,   182.044E-03,  -9.34024E-03,            2.
D:/MoVerHu_Projekt/FE_Modell/FE-Abaqus-Model/Job-19.odb,Step-658,Increment      6: Step Time =    1.000,"LAGERSITZ_NEU-1",          4452,             4,          2510,      -112.184,       49.7977,      -30.8977,"ASSEMBLY_LAGERSITZ_NEU-1_SET-GEHAEUSE","ALUMINIUM",NA,       82.2034,  -128.556E-03,       81.7639,      -8.48879,   182.044E-03,  -9.34024E-03,            2.
D:/MoVerHu_Projekt/FE_Modell/FE-Abaqus-Model/Job-19.odb,Step-658,Increment      6: Step Time =    1.000,"LAGERSITZ_NEU-1",         13063,             6,          2510,      -112.184,       49.7977,      -30.8977,"ASSEMBLY_LAGERSITZ_NEU-1_SET-GEHAEUSE","ALUMINIUM",NA,       82.2034,  -128.556E-03,       81.7639,      -8.48879,   182.044E-03,  -9.34024E-03,            2.
D:/MoVerHu_Projekt/FE_Modell/FE-Abaqus-Model/Job-19.odb,Step-658,Increment      6: Step Time =    1.000,"LAGERSITZ_NEU-1",         13058,             6,          2510,      -112.184,       49.7977,      -30.8977,"ASSEMBLY_LAGERSITZ_NEU-1_SET-GEHAEUSE","ALUMINIUM",NA,       82.2034,  -128.556E-03,       81.7639,      -8.48879,   182.044E-03,  -9.34024E-03,            2.
D:/MoVerHu_Projekt/FE_Modell/FE-Abaqus-Model/Job-19.odb,Step-658,Increment      6: Step Time =    1.000,"LAGERSITZ_NEU-1",         13063,             6,          2511,      -112.184,       49.9917,      -28.2706,"ASSEMBLY_LAGERSITZ_NEU-1_SET-GEHAEUSE","ALUMINIUM",NA,       19.0350,  -29.3222E-03,       19.0097,  -980.429E-03,   247.909E-03,  -46.5401E-03,       NoValue
D:/MoVerHu_Projekt/FE_Modell/FE-Abaqus-Model/Job-19.odb,Step-658,Increment      6: Step Time =    1.000,"LAGERSITZ_NEU-1",         13068,             6,          2511,      -112.184,       49.9917,      -28.2706,"ASSEMBLY_LAGERSITZ_NEU-1_SET-GEHAEUSE","ALUMINIUM",NA,       19.0350,  -29.3222E-03,       19.0097,  -980.429E-03,   247.909E-03,  -46.5401E-03,       NoValue
D:/MoVerHu_Projekt/FE_Modell/FE-Abaqus-Model/Job-19.odb,Step-658,Increment      6: Step Time =    1.000,"LAGERSITZ_NEU-1",          4458,             4,          2511,      -112.184,       49.9917,      -28.2706,"ASSEMBLY_LAGERSITZ_NEU-1_SET-GEHAEUSE","ALUMINIUM",NA,       19.0350,  -29.3222E-03,       19.0097,  -980.429E-03,   247.909E-03,  -46.5401E-03,       NoValue
D:/MoVerHu_Projekt/FE_Modell/FE-Abaqus-Model/Job-19.odb,Step-658,Increment      6: Step Time =    1.000,"LAGERSITZ_NEU-1",          4455,             4,          2511,      -112.184,       49.9917,      -28.2706,"ASSEMBLY_LAGERSITZ_NEU-1_SET-GEHAEUSE","ALUMINIUM",NA,       19.0350,  -29.3222E-03,       19.0097,  -980.429E-03,   247.909E-03,  -46.5401E-03,       NoValue
D:/MoVerHu_Projekt/FE_Modell/FE-Abaqus-Model/Job-19.odb,Step-658,Increment      6: Step Time =    1.000,"LAGERSITZ_NEU-1",         13057,             3,          4090,      -97.1837,       51.4869,      -36.5897,"ASSEMBLY_LAGERSITZ_NEU-1_SET-GEHAEUSE","ALUMINIUM",NA,       16.0707,       16.0707,   20.1343E-03,  -3.45099E-03,  -26.5151E-03,  -5.37838E-03,            2.
D:/MoVerHu_Projekt/FE_Modell/FE-Abaqus-Model/Job-19.odb,Step-658,Increment      6: Step Time =    1.000,"LAGERSITZ_NEU-1",         13062,             3,          4091,      -97.1837,       51.9516,      -33.8752,"ASSEMBLY_LAGERSITZ_NEU-1_SET-GEHAEUSE","ALUMINIUM",NA,       20.0012,      -20.0012,  -22.8527E-03,   1.70616E-03,  -13.9179E-03,  -189.704E-06,            2.
D:/MoVerHu_Projekt/FE_Modell/FE-Abaqus-Model/Job-19.odb,Step-658,Increment      6: Step Time =    1.000,"LAGERSITZ_NEU-1",         13057,             3,          4091,      -97.1837,       51.9516,      -33.8752,"ASSEMBLY_LAGERSITZ_NEU-1_SET-GEHAEUSE","ALUMINIUM",NA,       20.0012,      -20.0012,  -22.8527E-03,   1.70616E-03,  -13.9179E-03,  -189.704E-06,            2.
D:/MoVerHu_Projekt/FE_Modell/FE-Abaqus-Model/Job-19.odb,Step-658,Increment      6: Step Time =    1.000,"LAGERSITZ_NEU-1",         13067,             3,          4092,      -97.1837,       52.2858,      -31.1416,"ASSEMBLY_LAGERSITZ_NEU-1_SET-GEHAEUSE","ALUMINIUM",NA,       11.9791,      -11.9791,  -13.4174E-03,   856.043E-06,  -12.0640E-03,   2.11560E-03,            2.
D:/MoVerHu_Projekt/FE_Modell/FE-Abaqus-Model/Job-19.odb,Step-658,Increment      6: Step Time =    1.000,"LAGERSITZ_NEU-1",         13062,             3,          4092,      -97.1837,       52.2858,      -31.1416,"ASSEMBLY_LAGERSITZ_NEU-1_SET-GEHAEUSE","ALUMINIUM",NA,       11.9791,      -11.9791,  -13.4174E-03,   856.043E-06,  -12.0640E-03,   2.11560E-03,            2.
D:/MoVerHu_Projekt/FE_Modell/FE-Abaqus-Model/Job-19.odb,Step-658,Increment      6: Step Time =    1.000,"LAGERSITZ_NEU-1",         13067,             3,          4093,      -97.1837,       52.4886,      -28.3950,"ASSEMBLY_LAGERSITZ_NEU-1_SET-GEHAEUSE","ALUMINIUM",NA,       12.6362,      -12.6362,  -12.7350E-03,   205.387E-06,   257.054E-06,   170.468E-06,       NoValue
D:/MoVerHu_Projekt/FE_Modell/FE-Abaqus-Model/Job-19.odb,Step-658,Increment      6: Step Time =    1.000,"LAGERSITZ_NEU-1",         13072,             3,          4093,      -97.1837,       52.4886,      -28.3950,"ASSEMBLY_LAGERSITZ_NEU-1_SET-GEHAEUSE","ALUMINIUM",NA,       12.6362,      -12.6362,  -12.7350E-03,   205.387E-06,   257.054E-06,   170.468E-06,       NoValue
D:/MoVerHu_Projekt/FE_Modell/FE-Abaqus-Model/Job-19.odb,Step-658,Increment      6: Step Time =    1.000,"LAGERSITZ_NEU-1",         13067,             6,          4094,      -97.1837,       49.9917,      -28.2706,"ASSEMBLY_LAGERSITZ_NEU-1_SET-GEHAEUSE","ALUMINIUM",NA,       11.4667,      -7.25817,       8.87314,  -267.853E-03,  -7.89492E-15,   147.247E-18,       NoValue
D:/MoVerHu_Projekt/FE_Modell/FE-Abaqus-Model/Job-19.odb,Step-658,Increment      6: Step Time =    1.000,"LAGERSITZ_NEU-1",         13072,             6,          4094,      -97.1837,       49.9917,      -28.2706,"ASSEMBLY_LAGERSITZ_NEU-1_SET-GEHAEUSE","ALUMINIUM",NA,       11.4667,      -7.25817,       8.87314,  -267.853E-03,  -7.89492E-15,   147.247E-18,       NoValue
D:/MoVerHu_Projekt/FE_Modell/FE-Abaqus-Model/Job-19.odb,Step-658,Increment      6: Step Time =    1.000,"LAGERSITZ_NEU-1",         13067,             3,          4094,      -97.1837,       49.9917,      -28.2706,"ASSEMBLY_LAGERSITZ_NEU-1_SET-GEHAEUSE","ALUMINIUM",NA,       11.4667,      -7.25817,       8.87314,  -267.853E-03,   4.30148E-03,  -11.4495E-03,            2.
D:/MoVerHu_Projekt/FE_Modell/FE-Abaqus-Model/Job-19.odb,Step-658,Increment      6: Step Time =    1.000,"LAGERSITZ_NEU-1",         13072,             3,          4094,      -97.1837,       49.9917,      -28.2706,"ASSEMBLY_LAGERSITZ_NEU-1_SET-GEHAEUSE","ALUMINIUM",NA,       11.4667,      -7.25817,       8.87314,  -267.853E-03,   4.30148E-03,  -11.4495E-03,            2.
D:/MoVerHu_Projekt/FE_Modell/FE-Abaqus-Model/Job-19.odb,Step-658,Increment      6: Step Time =    1.000,"LAGERSITZ_NEU-1",         13062,             6,          4095,      -97.1837,       49.7977,      -30.8977,"ASSEMBLY_LAGERSITZ_NEU-1_SET-GEHAEUSE","ALUMINIUM",NA,       7.83781,      -2.75801,       7.29502,  -779.281E-03,   20.2198E-03,   17.2324E-03,            2.
D:/MoVerHu_Projekt/FE_Modell/FE-Abaqus-Model/Job-19.odb,Step-658,Increment      6: Step Time =    1.000,"LAGERSITZ_NEU-1",         13067,             3,          4095,      -97.1837,       49.7977,      -30.8977,"ASSEMBLY_LAGERSITZ_NEU-1_SET-GEHAEUSE","ALUMINIUM",NA,       7.83781,      -2.75801,       7.29502,  -779.281E-03,  -143.742E-06,  -772.756E-06,       NoValue
D:/MoVerHu_Projekt/FE_Modell/FE-Abaqus-Model/Job-19.odb,Step-658,Increment      6: Step Time =    1.000,"LAGERSITZ_NEU-1",         13067,             6,          4095,      -97.1837,       49.7977,      -30.8977,"ASSEMBLY_LAGERSITZ_NEU-1_SET-GEHAEUSE","ALUMINIUM",NA,       7.83781,      -2.75801,       7.29502,  -779.281E-03,   20.2198E-03,   17.2324E-03,            2.
D:/MoVerHu_Projekt/FE_Modell/FE-Abaqus-Model/Job-19.odb,Step-658,Increment      6: Step Time =    1.000,"LAGERSITZ_NEU-1",         13062,             3,          4095,      -97.1837,       49.7977,      -30.8977,"ASSEMBLY_LAGERSITZ_NEU-1_SET-GEHAEUSE","ALUMINIUM",NA,       7.83781,      -2.75801,       7.29502,  -779.281E-03,  -143.742E-06,  -772.756E-06,       NoValue
D:/MoVerHu_Projekt/FE_Modell/FE-Abaqus-Model/Job-19.odb,Step-658,Increment      6: Step Time =    1.000,"LAGERSITZ_NEU-1",         13062,             3,          4096,      -97.1837,       49.4780,      -33.5125,"ASSEMBLY_LAGERSITZ_NEU-1_SET-GEHAEUSE","ALUMINIUM",NA,       22.0733,      -9.22902,       19.8326,      -2.95354,  -36.7403E-03,  -5.90545E-03,            2.
D:/MoVerHu_Projekt/FE_Modell/FE-Abaqus-Model/Job-19.odb,Step-658,Increment      6: Step Time =    1.000,"LAGERSITZ_NEU-1",         13057,             3,          4096,      -97.1837,       49.4780,      -33.5125,"ASSEMBLY_LAGERSITZ_NEU-1_SET-GEHAEUSE","ALUMINIUM",NA,       22.0733,      -9.22902,       19.8326,      -2.95354,  -36.7403E-03,  -5.90545E-03,            2.
D:/MoVerHu_Projekt/FE_Modell/FE-Abaqus-Model/Job-19.odb,Step-658,Increment      6: Step Time =    1.000,"LAGERSITZ_NEU-1",         13057,             6,          4096,      -97.1837,       49.4780,      -33.5125,"ASSEMBLY_LAGERSITZ_NEU-1_SET-GEHAEUSE","ALUMINIUM",NA,       22.0733,      -9.22902,       19.8326,      -2.95354,   25.6359E-03,   20.5936E-03,            2.
D:/MoVerHu_Projekt/FE_Modell/FE-Abaqus-Model/Job-19.odb,Step-658,Increment      6: Step Time =    1.000,"LAGERSITZ_NEU-1",         13062,             6,          4096,      -97.1837,       49.4780,      -33.5125,"ASSEMBLY_LAGERSITZ_NEU-1_SET-GEHAEUSE","ALUMINIUM",NA,       22.0733,      -9.22902,       19.8326,      -2.95354,   25.6359E-03,   20.5936E-03,            2.
D:/MoVerHu_Projekt/FE_Modell/FE-Abaqus-Model/Job-19.odb,Step-658,Increment      6: Step Time =    1.000,"LAGERSITZ_NEU-1",         13057,             6,          4097,      -97.1837,       49.0336,      -36.1090,"ASSEMBLY_LAGERSITZ_NEU-1_SET-GEHAEUSE","ALUMINIUM",NA,       20.5473,      -6.06470,       19.2784,      -3.70848,   8.81237E-03,   8.14423E-03,            2.
D:/MoVerHu_Projekt/FE_Modell/FE-Abaqus-Model/Job-19.odb,Step-658,Increment      6: Step Time =    1.000,"LAGERSITZ_NEU-1",         13057,             3,          4097,      -97.1837,       49.0336,      -36.1090,"ASSEMBLY_LAGERSITZ_NEU-1_SET-GEHAEUSE","ALUMINIUM",NA,       20.5473,      -6.06470,       19.2784,      -3.70848,  -64.2147E-03,  -12.9469E-03,            2.
D:/MoVerHu_Projekt/FE_Modell/FE-Abaqus-Model/Job-19.odb,Step-658,Increment      6: Step Time =    1.000,"LAGERSITZ_NEU-1",         13074,             6,          4098,      -109.184,       50.0598,      -25.6373,"ASSEMBLY_LAGERSITZ_NEU-1_SET-GEHAEUSE","ALUMINIUM",NA,       67.3896,  -94.0038E-03,       67.3830,   937.632E-03,   174.199E-03,  -49.6202E-03,            2.
D:/MoVerHu_Projekt/FE_Modell/FE-Abaqus-Model/Job-19.odb,Step-658,Increment      6: Step Time =    1.000,"LAGERSITZ_NEU-1",         13073,             6,          4098,      -109.184,       50.0598,      -25.6373,"ASSEMBLY_LAGERSITZ_NEU-1_SET-GEHAEUSE","ALUMINIUM",NA,       67.3896,  -94.0038E-03,       67.3830,   937.632E-03,   174.199E-03,  -49.6202E-03,            2.
D:/MoVerHu_Projekt/FE_Modell/FE-Abaqus-Model/Job-19.odb,Step-658,Increment      6: Step Time =    1.000,"LAGERSITZ_NEU-1",         13069,             6,          4098,      -109.184,       50.0598,      -25.6373,"ASSEMBLY_LAGERSITZ_NEU-1_SET-GEHAEUSE","ALUMINIUM",NA,       67.3896,  -94.0038E-03,       67.3830,   937.632E-03,   174.199E-03,  -49.6202E-03,            2.
D:/MoVerHu_Projekt/FE_Modell/FE-Abaqus-Model/Job-19.odb,Step-658,Increment      6: Step Time =    1.000,"LAGERSITZ_NEU-1",         13068,             6,          4098,      -109.184,       50.0598,      -25.6373,"ASSEMBLY_LAGERSITZ_NEU-1_SET-GEHAEUSE","ALUMINIUM",NA,       67.3896,  -94.0038E-03,       67.3830,   937.632E-03,   174.199E-03,  -49.6202E-03,            2.
D:/MoVerHu_Projekt/FE_Modell/FE-Abaqus-Model/Job-19.odb,Step-658,Increment      6: Step Time =    1.000,"LAGERSITZ_NEU-1",         13069,             6,          4099,      -106.184,       50.0598,      -25.6373,"ASSEMBLY_LAGERSITZ_NEU-1_SET-GEHAEUSE","ALUMINIUM",NA,       58.5048,  -76.6357E-03,       58.4982,   875.506E-03,   120.966E-03,  -36.8571E-03,            2.
D:/MoVerHu_Projekt/FE_Modell/FE-Abaqus-Model/Job-19.odb,Step-658,Increment      6: Step Time =    1.000,"LAGERSITZ_NEU-1",         13074,             6,          4099,      -106.184,       50.0598,      -25.6373,"ASSEMBLY_LAGERSITZ_NEU-1_SET-GEHAEUSE","ALUMINIUM",NA,       58.5048,  -76.6357E-03,       58.4982,   875.506E-03,   120.966E-03,  -36.8571E-03,            2.
D:/MoVerHu_Projekt/FE_Modell/FE-Abaqus-Model/Job-19.odb,Step-658,Increment      6: Step Time =    1.000,"LAGERSITZ_NEU-1",         13075,             6,          4099,      -106.184,       50.0598,      -25.6373,"ASSEMBLY_LAGERSITZ_NEU-1_SET-GEHAEUSE","ALUMINIUM",NA,       58.5048,  -76.6357E-03,       58.4982,   875.506E-03,   120.966E-03,  -36.8571E-03,            2.
D:/MoVerHu_Projekt/FE_Modell/FE-Abaqus-Model/Job-19.odb,Step-658,Increment      6: Step Time =    1.000,"LAGERSITZ_NEU-1",         13070,             6,          4099,      -106.184,       50.0598,      -25.6373,"ASSEMBLY_LAGERSITZ_NEU-1_SET-GEHAEUSE","ALUMINIUM",NA,       58.5048,  -76.6357E-03,       58.4982,   875.506E-03,   120.966E-03,  -36.8571E-03,            2.
D:/MoVerHu_Projekt/FE_Modell/FE-Abaqus-Model/Job-19.odb,Step-658,Increment      6: Step Time =    1.000,"LAGERSITZ_NEU-1",         13071,             6,          4100,      -103.184,       50.0598,      -25.6373,"ASSEMBLY_LAGERSITZ_NEU-1_SET-GEHAEUSE","ALUMINIUM",NA,       49.6815,  -59.1154E-03,       49.6745,   829.538E-03,   86.5292E-03,  -38.5862E-03,            2.
D:/MoVerHu_Projekt/FE_Modell/FE-Abaqus-Model/Job-19.odb,Step-658,Increment      6: Step Time =    1.000,"LAGERSITZ_NEU-1",         13076,             6,          4100,      -103.184,       50.0598,      -25.6373,"ASSEMBLY_LAGERSITZ_NEU-1_SET-GEHAEUSE","ALUMINIUM",NA,       49.6815,  -59.1154E-03,       49.6745,   829.538E-03,   86.5292E-03,  -38.5862E-03,            2.
D:/MoVerHu_Projekt/FE_Modell/FE-Abaqus-Model/Job-19.odb,Step-658,Increment      6: Step Time =    1.000,"LAGERSITZ_NEU-1",         13070,             6,          4100,      -103.184,       50.0598,      -25.6373,"ASSEMBLY_LAGERSITZ_NEU-1_SET-GEHAEUSE","ALUMINIUM",NA,       49.6815,  -59.1154E-03,       49.6745,   829.538E-03,   86.5292E-03,  -38.5862E-03,            2.
D:/MoVerHu_Projekt/FE_Modell/FE-Abaqus-Model/Job-19.odb,Step-658,Increment      6: Step Time =    1.000,"LAGERSITZ_NEU-1",         13075,             6,          4100,      -103.184,       50.0598,      -25.6373,"ASSEMBLY_LAGERSITZ_NEU-1_SET-GEHAEUSE","ALUMINIUM",NA,       49.6815,  -59.1154E-03,       49.6745,   829.538E-03,   86.5292E-03,  -38.5862E-03,            2.
D:/MoVerHu_Projekt/FE_Modell/FE-Abaqus-Model/Job-19.odb,Step-658,Increment      6: Step Time =    1.000,"LAGERSITZ_NEU-1",         13071,             6,          4101,      -100.184,       50.0598,      -25.6373,"ASSEMBLY_LAGERSITZ_NEU-1_SET-GEHAEUSE","ALUMINIUM",NA,       116.035,  -140.904E-03,       116.024,       1.54194,   19.0886E-03,  -2.28392E-03,            2.
D:/MoVerHu_Projekt/FE_Modell/FE-Abaqus-Model/Job-19.odb,Step-658,Increment      6: Step Time =    1.000,"LAGERSITZ_NEU-1",         13072,             6,          4101,      -100.184,       50.0598,      -25.6373,"ASSEMBLY_LAGERSITZ_NEU-1_SET-GEHAEUSE","ALUMINIUM",NA,       116.035,  -140.904E-03,       116.024,       1.54194,   19.0886E-03,  -2.28392E-03,            2.
D:/MoVerHu_Projekt/FE_Modell/FE-Abaqus-Model/Job-19.odb,Step-658,Increment      6: Step Time =    1.000,"LAGERSITZ_NEU-1",         13077,             6,          4101,      -100.184,       50.0598,      -25.6373,"ASSEMBLY_LAGERSITZ_NEU-1_SET-GEHAEUSE","ALUMINIUM",NA,       116.035,  -140.904E-03,       116.024,       1.54194,   19.0886E-03,  -2.28392E-03,            2.
D:/MoVerHu_Projekt/FE_Modell/FE-Abaqus-Model/Job-19.odb,Step-658,Increment      6: Step Time =    1.000,"LAGERSITZ_NEU-1",         13076,             6,          4101,      -100.184,       50.0598,      -25.6373,"ASSEMBLY_LAGERSITZ_NEU-1_SET-GEHAEUSE","ALUMINIUM",NA,       116.035,  -140.904E-03,       116.024,       1.54194,   19.0886E-03,  -2.28392E-03,            2.
D:/MoVerHu_Projekt/FE_Modell/FE-Abaqus-Model/Job-19.odb,Step-658,Increment      6: Step Time =    1.000,"LAGERSITZ_NEU-1",         13082,             3,          4106,      -97.1837,       52.4632,      -22.2010,"ASSEMBLY_LAGERSITZ_NEU-1_SET-GEHAEUSE","ALUMINIUM",NA,       84.3469,      -84.3468,  -93.1148E-03,  -1.70560E-03,   501.912E-06,   1.65532E-03,            2.
D:/MoVerHu_Projekt/FE_Modell/FE-Abaqus-Model/Job-19.odb,Step-658,Increment      6: Step Time =    1.000,"LAGERSITZ_NEU-1",         13077,             3,          4106,      -97.1837,       52.4632,      -22.2010,"ASSEMBLY_LAGERSITZ_NEU-1_SET-GEHAEUSE","ALUMINIUM",NA,       84.3469,      -84.3468,  -93.1148E-03,  -1.70560E-03,   501.912E-06,   1.65532E-03,            2.
D:/MoVerHu_Projekt/FE_Modell/FE-Abaqus-Model/Job-19.odb,Step-658,Increment      6: Step Time =    1.000,"LAGERSITZ_NEU-1",         13087,             3,          4107,      -97.1837,       52.1609,      -18.7720,"ASSEMBLY_LAGERSITZ_NEU-1_SET-GEHAEUSE","ALUMINIUM",NA,       109.615,      -109.615,  -126.887E-03,   4.34919E-03,   947.580E-06,   2.45228E-03,            2.
D:/MoVerHu_Projekt/FE_Modell/FE-Abaqus-Model/Job-19.odb,Step-658,Increment      6: Step Time =    1.000,"LAGERSITZ_NEU-1",         13082,             3,          4107,      -97.1837,       52.1609,      -18.7720,"ASSEMBLY_LAGERSITZ_NEU-1_SET-GEHAEUSE","ALUMINIUM",NA,       109.615,      -109.615,  -126.887E-03,   4.34919E-03,   947.580E-06,   2.45228E-03,            2.
D:/MoVerHu_Projekt/FE_Modell/FE-Abaqus-Model/Job-19.odb,Step-658,Increment      6: Step Time =    1.000,"LAGERSITZ_NEU-1",         13092,             3,          4108,      -97.1837,       51.6540,      -15.3672,"ASSEMBLY_LAGERSITZ_NEU-1_SET-GEHAEUSE","ALUMINIUM",NA,       20.5160,       20.5159,   21.4874E-03,   1.98549E-03,   1.14042E-03,   1.67580E-03,            2.
D:/MoVerHu_Projekt/FE_Modell/FE-Abaqus-Model/Job-19.odb,Step-658,Increment      6: Step Time =    1.000,"LAGERSITZ_NEU-1",         13087,             3,          4108,      -97.1837,       51.6540,      -15.3672,"ASSEMBLY_LAGERSITZ_NEU-1_SET-GEHAEUSE","ALUMINIUM",NA,       20.5160,       20.5159,   21.4874E-03,   1.98549E-03,   1.14042E-03,   1.67580E-03,            2.
D:/MoVerHu_Projekt/FE_Modell/FE-Abaqus-Model/Job-19.odb,Step-658,Increment      6: Step Time =    1.000,"LAGERSITZ_NEU-1",         13092,             6,          4109,      -97.1837,       49.1934,      -15.8092,"ASSEMBLY_LAGERSITZ_NEU-1_SET-GEHAEUSE","ALUMINIUM",NA,       185.877,      -24.9840,       181.489,       31.4323,  -272.147E-06,  -2.20902E-03,            2.
D:/MoVerHu_Projekt/FE_Modell/FE-Abaqus-Model/Job-19.odb,Step-658,Increment      6: Step Time =    1.000,"LAGERSITZ_NEU-1",         13087,             3,          4109,      -97.1837,       49.1934,      -15.8092,"ASSEMBLY_LAGERSITZ_NEU-1_SET-GEHAEUSE","ALUMINIUM",NA,       185.877,      -24.9840,       181.489,       31.4323,   2.55550E-03,   3.96053E-03,            2.
D:/MoVerHu_Projekt/FE_Modell/FE-Abaqus-Model/Job-19.odb,Step-658,Increment      6: Step Time =    1.000,"LAGERSITZ_NEU-1",         13087,             6,          4109,      -97.1837,       49.1934,      -15.8092,"ASSEMBLY_LAGERSITZ_NEU-1_SET-GEHAEUSE","ALUMINIUM",NA,       185.877,      -24.9840,       181.489,       31.4323,  -272.147E-06,  -2.20902E-03,            2.
D:/MoVerHu_Projekt/FE_Modell/FE-Abaqus-Model/Job-19.odb,Step-658,Increment      6: Step Time =    1.000,"LAGERSITZ_NEU-1",         13092,             3,          4109,      -97.1837,       49.1934,      -15.8092,"ASSEMBLY_LAGERSITZ_NEU-1_SET-GEHAEUSE","ALUMINIUM",NA,       185.877,      -24.9840,       181.489,       31.4323,   2.55550E-03,   3.96053E-03,            2.
D:/MoVerHu_Projekt/FE_Modell/FE-Abaqus-Model/Job-19.odb,Step-658,Increment      6: Step Time =    1.000,"LAGERSITZ_NEU-1",         13082,             3,          4110,      -97.1837,       49.6783,      -19.0660,"ASSEMBLY_LAGERSITZ_NEU-1_SET-GEHAEUSE","ALUMINIUM",NA,       341.617,      -80.4991,       329.703,       38.9592,   1.93960E-03,   5.59358E-03,            2.
D:/MoVerHu_Projekt/FE_Modell/FE-Abaqus-Model/Job-19.odb,Step-658,Increment      6: Step Time =    1.000,"LAGERSITZ_NEU-1",         13087,             6,          4110,      -97.1837,       49.6783,      -19.0660,"ASSEMBLY_LAGERSITZ_NEU-1_SET-GEHAEUSE","ALUMINIUM",NA,       341.617,      -80.4991,       329.703,       38.9592,  -35.7758E-06,  -1.45765E-03,            2.
D:/MoVerHu_Projekt/FE_Modell/FE-Abaqus-Model/Job-19.odb,Step-658,Increment      6: Step Time =    1.000,"LAGERSITZ_NEU-1",         13082,             6,          4110,      -97.1837,       49.6783,      -19.0660,"ASSEMBLY_LAGERSITZ_NEU-1_SET-GEHAEUSE","ALUMINIUM",NA,       341.617,      -80.4991,       329.703,       38.9592,  -35.7758E-06,  -1.45765E-03,            2.
D:/MoVerHu_Projekt/FE_Modell/FE-Abaqus-Model/Job-19.odb,Step-658,Increment      6: Step Time =    1.000,"LAGERSITZ_NEU-1",         13087,             3,          4110,      -97.1837,       49.6783,      -19.0660,"ASSEMBLY_LAGERSITZ_NEU-1_SET-GEHAEUSE","ALUMINIUM",NA,       341.617,      -80.4991,       329.703,       38.9592,   1.93960E-03,   5.59358E-03,            2.
D:/MoVerHu_Projekt/FE_Modell/FE-Abaqus-Model/Job-19.odb,Step-658,Increment      6: Step Time =    1.000,"LAGERSITZ_NEU-1",         13082,             6,          4111,      -97.1837,       49.9674,      -22.3459,"ASSEMBLY_LAGERSITZ_NEU-1_SET-GEHAEUSE","ALUMINIUM",NA,       248.748,      -65.3592,       239.542,       14.9470,   11.6876E-06,  -1.00809E-03,            2.
D:/MoVerHu_Projekt/FE_Modell/FE-Abaqus-Model/Job-19.odb,Step-658,Increment      6: Step Time =    1.000,"LAGERSITZ_NEU-1",         13077,             6,          4111,      -97.1837,       49.9674,      -22.3459,"ASSEMBLY_LAGERSITZ_NEU-1_SET-GEHAEUSE","ALUMINIUM",NA,       248.748,      -65.3592,       239.542,       14.9470,   11.6876E-06,  -1.00809E-03,            2.
D:/MoVerHu_Projekt/FE_Modell/FE-Abaqus-Model/Job-19.odb,Step-658,Increment      6: Step Time =    1.000,"LAGERSITZ_NEU-1",         13077,             3,          4111,      -97.1837,       49.9674,      -22.3459,"ASSEMBLY_LAGERSITZ_NEU-1_SET-GEHAEUSE","ALUMINIUM",NA,       248.748,      -65.3592,       239.542,       14.9470,   1.14422E-03,   4.04798E-03,            2.
D:/MoVerHu_Projekt/FE_Modell/FE-Abaqus-Model/Job-19.odb,Step-658,Increment      6: Step Time =    1.000,"LAGERSITZ_NEU-1",         13082,             3,          4111,      -97.1837,       49.9674,      -22.3459,"ASSEMBLY_LAGERSITZ_NEU-1_SET-GEHAEUSE","ALUMINIUM",NA,       248.748,      -65.3592,       239.542,       14.9470,   1.14422E-03,   4.04798E-03,            2.
D:/MoVerHu_Projekt/FE_Modell/FE-Abaqus-Model/Job-19.odb,Step-658,Increment      6: Step Time =    1.000,"LAGERSITZ_NEU-1",         13091,             6,          4112,      -100.184,       48.5145,      -12.5873,"ASSEMBLY_LAGERSITZ_NEU-1_SET-GEHAEUSE","ALUMINIUM",NA,       39.7459,  -44.0162E-03,       38.8750,       8.27458,   21.6121E-06,  -537.661E-06,       NoValue
D:/MoVerHu_Projekt/FE_Modell/FE-Abaqus-Model/Job-19.odb,Step-658,Increment      6: Step Time =    1.000,"LAGERSITZ_NEU-1",         13096,             6,          4112,      -100.184,       48.5145,      -12.5873,"ASSEMBLY_LAGERSITZ_NEU-1_SET-GEHAEUSE","ALUMINIUM",NA,       39.7459,  -44.0162E-03,       38.8750,       8.27458,   21.6121E-06,  -537.661E-06,       NoValue
D:/MoVerHu_Projekt/FE_Modell/FE-Abaqus-Model/Job-19.odb,Step-658,Increment      6: Step Time =    1.000,"LAGERSITZ_NEU-1",         13092,             6,          4112,      -100.184,       48.5145,      -12.5873,"ASSEMBLY_LAGERSITZ_NEU-1_SET-GEHAEUSE","ALUMINIUM",NA,       39.7459,  -44.0162E-03,       38.8750,       8.27458,   21.6121E-06,  -537.661E-06,       NoValue
D:/MoVerHu_Projekt/FE_Modell/FE-Abaqus-Model/Job-19.odb,Step-658,Increment      6: Step Time =    1.000,"LAGERSITZ_NEU-1",         13097,             6,          4112,      -100.184,       48.5145,      -12.5873,"ASSEMBLY_LAGERSITZ_NEU-1_SET-GEHAEUSE","ALUMINIUM",NA,       39.7459,  -44.0162E-03,       38.8750,       8.27458,   21.6121E-06,  -537.661E-06,       NoValue
D:/MoVerHu_Projekt/FE_Modell/FE-Abaqus-Model/Job-19.odb,Step-658,Increment      6: Step Time =    1.000,"LAGERSITZ_NEU-1",         13091,             6,          4113,      -103.184,       48.5145,      -12.5873,"ASSEMBLY_LAGERSITZ_NEU-1_SET-GEHAEUSE","ALUMINIUM",NA,       25.0070,  -29.0375E-03,       24.4644,       5.18112,   25.5494E-03,  -150.361E-03,       NoValue
D:/MoVerHu_Projekt/FE_Modell/FE-Abaqus-Model/Job-19.odb,Step-658,Increment      6: Step Time =    1.000,"LAGERSITZ_NEU-1",         13095,             6,          4113,      -103.184,       48.5145,      -12.5873,"ASSEMBLY_LAGERSITZ_NEU-1_SET-GEHAEUSE","ALUMINIUM",NA,       25.0070,  -29.0375E-03,       24.4644,       5.18112,   25.5494E-03,  -150.361E-03,       NoValue
D:/MoVerHu_Projekt/FE_Modell/FE-Abaqus-Model/Job-19.odb,Step-658,Increment      6: Step Time =    1.000,"LAGERSITZ_NEU-1",         13090,             6,          4113,      -103.184,       48.5145,      -12.5873,"ASSEMBLY_LAGERSITZ_NEU-1_SET-GEHAEUSE","ALUMINIUM",NA,       25.0070,  -29.0375E-03,       24.4644,       5.18112,   25.5494E-03,  -150.361E-03,       NoValue
D:/MoVerHu_Projekt/FE_Modell/FE-Abaqus-Model/Job-19.odb,Step-658,Increment      6: Step Time =    1.000,"LAGERSITZ_NEU-1",         13096,             6,          4113,      -103.184,       48.5145,      -12.5873,"ASSEMBLY_LAGERSITZ_NEU-1_SET-GEHAEUSE","ALUMINIUM",NA,       25.0070,  -29.0375E-03,       24.4644,       5.18112,   25.5494E-03,  -150.361E-03,       NoValue
D:/MoVerHu_Projekt/FE_Modell/FE-Abaqus-Model/Job-19.odb,Step-658,Increment      6: Step Time =    1.000,"LAGERSITZ_NEU-1",         13090,             6,          4114,      -106.184,       48.5145,      -12.5873,"ASSEMBLY_LAGERSITZ_NEU-1_SET-GEHAEUSE","ALUMINIUM",NA,       29.0799,  -34.4415E-03,       28.4493,       6.02284,   57.0241E-03,  -144.487E-03,       NoValue
D:/MoVerHu_Projekt/FE_Modell/FE-Abaqus-Model/Job-19.odb,Step-658,Increment      6: Step Time =    1.000,"LAGERSITZ_NEU-1",         13095,             6,          4114,      -106.184,       48.5145,      -12.5873,"ASSEMBLY_LAGERSITZ_NEU-1_SET-GEHAEUSE","ALUMINIUM",NA,       29.0799,  -34.4415E-03,       28.4493,       6.02284,   57.0241E-03,  -144.487E-03,       NoValue
D:/MoVerHu_Projekt/FE_Modell/FE-Abaqus-Model/Job-19.odb,Step-658,Increment      6: Step Time =    1.000,"LAGERSITZ_NEU-1",         13094,             6,          4114,      -106.184,       48.5145,      -12.5873,"ASSEMBLY_LAGERSITZ_NEU-1_SET-GEHAEUSE","ALUMINIUM",NA,       29.0799,  -34.4415E-03,       28.4493,       6.02284,   57.0241E-03,  -144.487E-03,       NoValue
D:/MoVerHu_Projekt/FE_Modell/FE-Abaqus-Model/Job-19.odb,Step-658,Increment      6: Step Time =    1.000,"LAGERSITZ_NEU-1",         13089,             6,          4114,      -106.184,       48.5145,      -12.5873,"ASSEMBLY_LAGERSITZ_NEU-1_SET-GEHAEUSE","ALUMINIUM",NA,       29.0799,  -34.4415E-03,       28.4493,       6.02284,   57.0241E-03,  -144.487E-03,       NoValue
D:/MoVerHu_Projekt/FE_Modell/FE-Abaqus-Model/Job-19.odb,Step-658,Increment      6: Step Time =    1.000,"LAGERSITZ_NEU-1",         13089,             6,          4115,      -109.184,       48.5145,      -12.5873,"ASSEMBLY_LAGERSITZ_NEU-1_SET-GEHAEUSE","ALUMINIUM",NA,       28.9732,  -35.3905E-03,       28.3449,       6.00081,   76.9863E-03,  -164.926E-03,       NoValue
D:/MoVerHu_Projekt/FE_Modell/FE-Abaqus-Model/Job-19.odb,Step-658,Increment      6: Step Time =    1.000,"LAGERSITZ_NEU-1",         13088,             6,          4115,      -109.184,       48.5145,      -12.5873,"ASSEMBLY_LAGERSITZ_NEU-1_SET-GEHAEUSE","ALUMINIUM",NA,       28.9732,  -35.3905E-03,       28.3449,       6.00081,   76.9863E-03,  -164.926E-03,       NoValue
D:/MoVerHu_Projekt/FE_Modell/FE-Abaqus-Model/Job-19.odb,Step-658,Increment      6: Step Time =    1.000,"LAGERSITZ_NEU-1",         13094,             6,          4115,      -109.184,       48.5145,      -12.5873,"ASSEMBLY_LAGERSITZ_NEU-1_SET-GEHAEUSE","ALUMINIUM",NA,       28.9732,  -35.3905E-03,       28.3449,       6.00081,   76.9863E-03,  -164.926E-03,       NoValue
D:/MoVerHu_Projekt/FE_Modell/FE-Abaqus-Model/Job-19.odb,Step-658,Increment      6: Step Time =    1.000,"LAGERSITZ_NEU-1",         13093,             6,          4115,      -109.184,       48.5145,      -12.5873,"ASSEMBLY_LAGERSITZ_NEU-1_SET-GEHAEUSE","ALUMINIUM",NA,       28.9732,  -35.3905E-03,       28.3449,       6.00081,   76.9863E-03,  -164.926E-03,       NoValue
D:/MoVerHu_Projekt/FE_Modell/FE-Abaqus-Model/Job-19.odb,Step-658,Increment      6: Step Time =    1.000,"LAGERSITZ_NEU-1",         13102,             3,          4126,      -97.1837,       46.7358,      -6.70289,"ASSEMBLY_LAGERSITZ_NEU-1_SET-GEHAEUSE","ALUMINIUM",NA,       4.81314,  -3.69047E-03,       4.51148,       1.67713,  -136.843E-18,  -1.11081E-15,       NoValue
D:/MoVerHu_Projekt/FE_Modell/FE-Abaqus-Model/Job-19.odb,Step-658,Increment      6: Step Time =    1.000,"LAGERSITZ_NEU-1",         13102,             6,          4126,      -97.1837,       46.7358,      -6.70289,"ASSEMBLY_LAGERSITZ_NEU-1_SET-GEHAEUSE","ALUMINIUM",NA,       4.81314,  -3.69047E-03,       4.51148,       1.67713,  -65.3411E-03,  -91.8033E-03,            2.
D:/MoVerHu_Projekt/FE_Modell/FE-Abaqus-Model/Job-19.odb,Step-658,Increment      6: Step Time =    1.000,"LAGERSITZ_NEU-1",         13097,             6,          4127,      -97.1837,       47.7074,      -9.62024,"ASSEMBLY_LAGERSITZ_NEU-1_SET-GEHAEUSE","ALUMINIUM",NA,       1.36350,  -1.12280E-03,       1.30557,   393.239E-03,  -7.89557E-15,   96.2498E-18,       NoValue
D:/MoVerHu_Projekt/FE_Modell/FE-Abaqus-Model/Job-19.odb,Step-658,Increment      6: Step Time =    1.000,"LAGERSITZ_NEU-1",         13102,             6,          4127,      -97.1837,       47.7074,      -9.62024,"ASSEMBLY_LAGERSITZ_NEU-1_SET-GEHAEUSE","ALUMINIUM",NA,       1.36350,  -1.12280E-03,       1.30557,   393.239E-03,  -7.89557E-15,   96.2498E-18,       NoValue
D:/MoVerHu_Projekt/FE_Modell/FE-Abaqus-Model/Job-19.odb,Step-658,Increment      6: Step Time =    1.000,"LAGERSITZ_NEU-1",         13102,             3,          4127,      -97.1837,       47.7074,      -9.62024,"ASSEMBLY_LAGERSITZ_NEU-1_SET-GEHAEUSE","ALUMINIUM",NA,       1.36350,  -1.12280E-03,       1.30557,   393.239E-03,  -126.723E-18,   976.038E-18,       NoValue
D:/MoVerHu_Projekt/FE_Modell/FE-Abaqus-Model/Job-19.odb,Step-658,Increment      6: Step Time =    1.000,"LAGERSITZ_NEU-1",         13097,             3,          4127,      -97.1837,       47.7074,      -9.62024,"ASSEMBLY_LAGERSITZ_NEU-1_SET-GEHAEUSE","ALUMINIUM",NA,       1.36350,  -1.12280E-03,       1.30557,   393.239E-03,  -126.723E-18,   976.038E-18,       NoValue
D:/MoVerHu_Projekt/FE_Modell/FE-Abaqus-Model/Job-19.odb,Step-658,Increment      6: Step Time =    1.000,"LAGERSITZ_NEU-1",          4099,             4,          6854,      -118.984,       49.9674,      -22.3459,"ASSEMBLY_LAGERSITZ_NEU-1_SET-GEHAEUSE","ALUMINIUM",NA,       207.447,  -336.746E-03,       207.002,       13.5839,   49.5313E-03,  -9.46335E-03,            2.
D:/MoVerHu_Projekt/FE_Modell/FE-Abaqus-Model/Job-19.odb,Step-658,Increment      6: Step Time =    1.000,"LAGERSITZ_NEU-1",          4103,             4,          6854,      -118.984,       49.9674,      -22.3459,"ASSEMBLY_LAGERSITZ_NEU-1_SET-GEHAEUSE","ALUMINIUM",NA,       207.447,  -336.746E-03,       207.002,       13.5839,   49.5313E-03,  -9.46335E-03,            2.
D:/MoVerHu_Projekt/FE_Modell/FE-Abaqus-Model/Job-19.odb,Step-658,Increment      6: Step Time =    1.000,"LAGERSITZ_NEU-1",          4100,             4,          6854,      -118.984,       49.9674,      -22.3459,"ASSEMBLY_LAGERSITZ_NEU-1_SET-GEHAEUSE","ALUMINIUM",NA,       207.447,  -336.746E-03,       207.002,       13.5839,   49.5313E-03,  -9.46335E-03,            2.
D:/MoVerHu_Projekt/FE_Modell/FE-Abaqus-Model/Job-19.odb,Step-658,Increment      6: Step Time =    1.000,"LAGERSITZ_NEU-1",          4102,             4,          6854,      -118.984,       49.9674,      -22.3459,"ASSEMBLY_LAGERSITZ_NEU-1_SET-GEHAEUSE","ALUMINIUM",NA,       207.447,  -336.746E-03,       207.002,       13.5839,   49.5313E-03,  -9.46335E-03,            2.
D:/MoVerHu_Projekt/FE_Modell/FE-Abaqus-Model/Job-19.odb,Step-658,Increment      6: Step Time =    1.000,"LAGERSITZ_NEU-1",          4100,             4,          6855,      -115.584,       49.9674,      -22.3459,"ASSEMBLY_LAGERSITZ_NEU-1_SET-GEHAEUSE","ALUMINIUM",NA,       251.750,  -382.135E-03,       251.234,       16.1036,   36.6274E-03,  -5.81160E-03,            2.
D:/MoVerHu_Projekt/FE_Modell/FE-Abaqus-Model/Job-19.odb,Step-658,Increment      6: Step Time =    1.000,"LAGERSITZ_NEU-1",          4103,             4,          6855,      -115.584,       49.9674,      -22.3459,"ASSEMBLY_LAGERSITZ_NEU-1_SET-GEHAEUSE","ALUMINIUM",NA,       251.750,  -382.135E-03,       251.234,       16.1036,   36.6274E-03,  -5.81160E-03,            2.
D:/MoVerHu_Projekt/FE_Modell/FE-Abaqus-Model/Job-19.odb,Step-658,Increment      6: Step Time =    1.000,"LAGERSITZ_NEU-1",          4104,             4,          6855,      -115.584,       49.9674,      -22.3459,"ASSEMBLY_LAGERSITZ_NEU-1_SET-GEHAEUSE","ALUMINIUM",NA,       251.750,  -382.135E-03,       251.234,       16.1036,   36.6274E-03,  -5.81160E-03,            2.
D:/MoVerHu_Projekt/FE_Modell/FE-Abaqus-Model/Job-19.odb,Step-658,Increment      6: Step Time =    1.000,"LAGERSITZ_NEU-1",          4101,             4,          6855,      -115.584,       49.9674,      -22.3459,"ASSEMBLY_LAGERSITZ_NEU-1_SET-GEHAEUSE","ALUMINIUM",NA,       251.750,  -382.135E-03,       251.234,       16.1036,   36.6274E-03,  -5.81160E-03,            2.
D:/MoVerHu_Projekt/FE_Modell/FE-Abaqus-Model/Job-19.odb,Step-658,Increment      6: Step Time =    1.000,"LAGERSITZ_NEU-1",          4103,             4,          6856,      -118.984,       49.6783,      -19.0660,"ASSEMBLY_LAGERSITZ_NEU-1_SET-GEHAEUSE","ALUMINIUM",NA,       378.173,  -601.890E-03,       375.551,       44.4442,   1.72018E-03,  -1.82870E-03,            2.
D:/MoVerHu_Projekt/FE_Modell/FE-Abaqus-Model/Job-19.odb,Step-658,Increment      6: Step Time =    1.000,"LAGERSITZ_NEU-1",          4105,             4,          6856,      -118.984,       49.6783,      -19.0660,"ASSEMBLY_LAGERSITZ_NEU-1_SET-GEHAEUSE","ALUMINIUM",NA,       378.173,  -601.890E-03,       375.551,       44.4442,   1.72018E-03,  -1.82870E-03,            2.
D:/MoVerHu_Projekt/FE_Modell/FE-Abaqus-Model/Job-19.odb,Step-658,Increment      6: Step Time =    1.000,"LAGERSITZ_NEU-1",          4106,             4,          6856,      -118.984,       49.6783,      -19.0660,"ASSEMBLY_LAGERSITZ_NEU-1_SET-GEHAEUSE","ALUMINIUM",NA,       378.173,  -601.890E-03,       375.551,       44.4442,   1.72018E-03,  -1.82870E-03,            2.
D:/MoVerHu_Projekt/FE_Modell/FE-Abaqus-Model/Job-19.odb,Step-658,Increment      6: Step Time =    1.000,"LAGERSITZ_NEU-1",          4102,             4,          6856,      -118.984,       49.6783,      -19.0660,"ASSEMBLY_LAGERSITZ_NEU-1_SET-GEHAEUSE","ALUMINIUM",NA,       378.173,  -601.890E-03,       375.551,       44.4442,   1.72018E-03,  -1.82870E-03,            2.
D:/MoVerHu_Projekt/FE_Modell/FE-Abaqus-Model/Job-19.odb,Step-658,Increment      6: Step Time =    1.000,"LAGERSITZ_NEU-1",          4103,             4,          6857,      -115.584,       49.6783,      -19.0660,"ASSEMBLY_LAGERSITZ_NEU-1_SET-GEHAEUSE","ALUMINIUM",NA,       415.068,  -603.477E-03,       412.183,       48.8443,   1.50083E-03,  -1.67070E-03,            2.
D:/MoVerHu_Projekt/FE_Modell/FE-Abaqus-Model/Job-19.odb,Step-658,Increment      6: Step Time =    1.000,"LAGERSITZ_NEU-1",          4104,             4,          6857,      -115.584,       49.6783,      -19.0660,"ASSEMBLY_LAGERSITZ_NEU-1_SET-GEHAEUSE","ALUMINIUM",NA,       415.068,  -603.477E-03,       412.183,       48.8443,   1.50083E-03,  -1.67070E-03,            2.
D:/MoVerHu_Projekt/FE_Modell/FE-Abaqus-Model/Job-19.odb,Step-658,Increment      6: Step Time =    1.000,"LAGERSITZ_NEU-1",          4107,             4,          6857,      -115.584,       49.6783,      -19.0660,"ASSEMBLY_LAGERSITZ_NEU-1_SET-GEHAEUSE","ALUMINIUM",NA,       415.068,  -603.477E-03,       412.183,       48.8443,   1.50083E-03,  -1.67070E-03,            2.
D:/MoVerHu_Projekt/FE_Modell/FE-Abaqus-Model/Job-19.odb,Step-658,Increment      6: Step Time =    1.000,"LAGERSITZ_NEU-1",          4106,             4,          6857,      -115.584,       49.6783,      -19.0660,"ASSEMBLY_LAGERSITZ_NEU-1_SET-GEHAEUSE","ALUMINIUM",NA,       415.068,  -603.477E-03,       412.183,       48.8443,   1.50083E-03,  -1.67070E-03,            2.
D:/MoVerHu_Projekt/FE_Modell/FE-Abaqus-Model/Job-19.odb,Step-658,Increment      6: Step Time =    1.000,"LAGERSITZ_NEU-1",          4105,             4,          6858,      -118.984,       49.1934,      -15.8092,"ASSEMBLY_LAGERSITZ_NEU-1_SET-GEHAEUSE","ALUMINIUM",NA,       185.916,  -281.839E-03,       183.250,       31.3734,   46.4191E-03,  -48.0363E-03,            2.
D:/MoVerHu_Projekt/FE_Modell/FE-Abaqus-Model/Job-19.odb,Step-658,Increment      6: Step Time =    1.000,"LAGERSITZ_NEU-1",          4106,             4,          6858,      -118.984,       49.1934,      -15.8092,"ASSEMBLY_LAGERSITZ_NEU-1_SET-GEHAEUSE","ALUMINIUM",NA,       185.916,  -281.839E-03,       183.250,       31.3734,   46.4191E-03,  -48.0363E-03,            2.
D:/MoVerHu_Projekt/FE_Modell/FE-Abaqus-Model/Job-19.odb,Step-658,Increment      6: Step Time =    1.000,"LAGERSITZ_NEU-1",          4109,             4,          6858,      -118.984,       49.1934,      -15.8092,"ASSEMBLY_LAGERSITZ_NEU-1_SET-GEHAEUSE","ALUMINIUM",NA,       185.916,  -281.839E-03,       183.250,       31.3734,   46.4191E-03,  -48.0363E-03,            2.
D:/MoVerHu_Projekt/FE_Modell/FE-Abaqus-Model/Job-19.odb,Step-658,Increment      6: Step Time =    1.000,"LAGERSITZ_NEU-1",          4108,             4,          6858,      -118.984,       49.1934,      -15.8092,"ASSEMBLY_LAGERSITZ_NEU-1_SET-GEHAEUSE","ALUMINIUM",NA,       185.916,  -281.839E-03,       183.250,       31.3734,   46.4191E-03,  -48.0363E-03,            2.
D:/MoVerHu_Projekt/FE_Modell/FE-Abaqus-Model/Job-19.odb,Step-658,Increment      6: Step Time =    1.000,"LAGERSITZ_NEU-1",          4107,             4,          6859,      -115.584,       49.1934,      -15.8092,"ASSEMBLY_LAGERSITZ_NEU-1_SET-GEHAEUSE","ALUMINIUM",NA,       231.699,  -326.496E-03,       228.324,       39.4003,   34.6056E-03,  -30.3330E-03,            2.
D:/MoVerHu_Projekt/FE_Modell/FE-Abaqus-Model/Job-19.odb,Step-658,Increment      6: Step Time =    1.000,"LAGERSITZ_NEU-1",          4109,             4,          6859,      -115.584,       49.1934,      -15.8092,"ASSEMBLY_LAGERSITZ_NEU-1_SET-GEHAEUSE","ALUMINIUM",NA,       231.699,  -326.496E-03,       228.324,       39.4003,   34.6056E-03,  -30.3330E-03,            2.
D:/MoVerHu_Projekt/FE_Modell/FE-Abaqus-Model/Job-19.odb,Step-658,Increment      6: Step Time =    1.000,"LAGERSITZ_NEU-1",          4110,             4,          6859,      -115.584,       49.1934,      -15.8092,"ASSEMBLY_LAGERSITZ_NEU-1_SET-GEHAEUSE","ALUMINIUM",NA,       231.699,  -326.496E-03,       228.324,       39.4003,   34.6056E-03,  -30.3330E-03,            2.
D:/MoVerHu_Projekt/FE_Modell/FE-Abaqus-Model/Job-19.odb,Step-658,Increment      6: Step Time =    1.000,"LAGERSITZ_NEU-1",          4106,             4,          6859,      -115.584,       49.1934,      -15.8092,"ASSEMBLY_LAGERSITZ_NEU-1_SET-GEHAEUSE","ALUMINIUM",NA,       231.699,  -326.496E-03,       228.324,       39.4003,   34.6056E-03,  -30.3330E-03,            2.
D:/MoVerHu_Projekt/FE_Modell/FE-Abaqus-Model/Job-19.odb,Step-658,Increment      6: Step Time =    1.000,"LAGERSITZ_NEU-1",          4112,             4,          6860,      -118.984,       47.7074,      -9.62024,"ASSEMBLY_LAGERSITZ_NEU-1_SET-GEHAEUSE","ALUMINIUM",NA,   517.113E-03,  -588.582E-06,   490.563E-03,   163.564E-03,   1.81997E-03,  -8.36505E-03,       NoValue
D:/MoVerHu_Projekt/FE_Modell/FE-Abaqus-Model/Job-19.odb,Step-658,Increment      6: Step Time =    1.000,"LAGERSITZ_NEU-1",          4111,             4,          6860,      -118.984,       47.7074,      -9.62024,"ASSEMBLY_LAGERSITZ_NEU-1_SET-GEHAEUSE","ALUMINIUM",NA,   517.113E-03,  -588.582E-06,   490.563E-03,   163.564E-03,   1.81997E-03,  -8.36505E-03,       NoValue
D:/MoVerHu_Projekt/FE_Modell/FE-Abaqus-Model/Job-19.odb,Step-658,Increment      6: Step Time =    1.000,"LAGERSITZ_NEU-1",          4115,             4,          6860,      -118.984,       47.7074,      -9.62024,"ASSEMBLY_LAGERSITZ_NEU-1_SET-GEHAEUSE","ALUMINIUM",NA,   517.113E-03,  -588.582E-06,   490.563E-03,   163.564E-03,   1.81997E-03,  -8.36505E-03,       NoValue
D:/MoVerHu_Projekt/FE_Modell/FE-Abaqus-Model/Job-19.odb,Step-658,Increment      6: Step Time =    1.000,"LAGERSITZ_NEU-1",          4114,             4,          6860,      -118.984,       47.7074,      -9.62024,"ASSEMBLY_LAGERSITZ_NEU-1_SET-GEHAEUSE","ALUMINIUM",NA,   517.113E-03,  -588.582E-06,   490.563E-03,   163.564E-03,   1.81997E-03,  -8.36505E-03,       NoValue
D:/MoVerHu_Projekt/FE_Modell/FE-Abaqus-Model/Job-19.odb,Step-658,Increment      6: Step Time =    1.000,"LAGERSITZ_NEU-1",          4115,             4,          6861,      -115.584,       47.7074,      -9.62024,"ASSEMBLY_LAGERSITZ_NEU-1_SET-GEHAEUSE","ALUMINIUM",NA,       4.63606,  -5.34984E-03,       4.39805,       1.46635,   56.7559E-03,  -157.926E-03,       NoValue
D:/MoVerHu_Projekt/FE_Modell/FE-Abaqus-Model/Job-19.odb,Step-658,Increment      6: Step Time =    1.000,"LAGERSITZ_NEU-1",          4113,             4,          6861,      -115.584,       47.7074,      -9.62024,"ASSEMBLY_LAGERSITZ_NEU-1_SET-GEHAEUSE","ALUMINIUM",NA,       4.63606,  -5.34984E-03,       4.39805,       1.46635,   56.7559E-03,  -157.926E-03,       NoValue
D:/MoVerHu_Projekt/FE_Modell/FE-Abaqus-Model/Job-19.odb,Step-658,Increment      6: Step Time =    1.000,"LAGERSITZ_NEU-1",          4112,             4,          6861,      -115.584,       47.7074,      -9.62024,"ASSEMBLY_LAGERSITZ_NEU-1_SET-GEHAEUSE","ALUMINIUM",NA,       4.63606,  -5.34984E-03,       4.39805,       1.46635,   56.7559E-03,  -157.926E-03,       NoValue
D:/MoVerHu_Projekt/FE_Modell/FE-Abaqus-Model/Job-19.odb,Step-658,Increment      6: Step Time =    1.000,"LAGERSITZ_NEU-1",          4116,             4,          6861,      -115.584,       47.7074,      -9.62024,"ASSEMBLY_LAGERSITZ_NEU-1_SET-GEHAEUSE","ALUMINIUM",NA,       4.63606,  -5.34984E-03,       4.39805,       1.46635,   56.7559E-03,  -157.926E-03,       NoValue
D:/MoVerHu_Projekt/FE_Modell/FE-Abaqus-Model/Job-19.odb,Step-658,Increment      6: Step Time =    1.000,"LAGERSITZ_NEU-1",          4114,             4,          6862,      -118.984,       46.7358,      -6.70289,"ASSEMBLY_LAGERSITZ_NEU-1_SET-GEHAEUSE","ALUMINIUM",NA,       4.59594,  -5.13068E-03,       4.30317,       1.61413,  -2.63865E-03,  -347.514E-03,       NoValue
D:/MoVerHu_Projekt/FE_Modell/FE-Abaqus-Model/Job-19.odb,Step-658,Increment      6: Step Time =    1.000,"LAGERSITZ_NEU-1",          4115,             4,          6862,      -118.984,       46.7358,      -6.70289,"ASSEMBLY_LAGERSITZ_NEU-1_SET-GEHAEUSE","ALUMINIUM",NA,       4.59594,  -5.13068E-03,       4.30317,       1.61413,  -2.63865E-03,  -347.514E-03,       NoValue
D:/MoVerHu_Projekt/FE_Modell/FE-Abaqus-Model/Job-19.odb,Step-658,Increment      6: Step Time =    1.000,"LAGERSITZ_NEU-1",          4116,             4,          6863,      -115.584,       46.7358,      -6.70289,"ASSEMBLY_LAGERSITZ_NEU-1_SET-GEHAEUSE","ALUMINIUM",NA,       36.6358,  -41.4697E-03,       34.3321,       12.7864,  -7.13571E-03,  -284.706E-03,            2.
D:/MoVerHu_Projekt/FE_Modell/FE-Abaqus-Model/Job-19.odb,Step-658,Increment      6: Step Time =    1.000,"LAGERSITZ_NEU-1",          4115,             4,          6863,      -115.584,       46.7358,      -6.70289,"ASSEMBLY_LAGERSITZ_NEU-1_SET-GEHAEUSE","ALUMINIUM",NA,       36.6358,  -41.4697E-03,       34.3321,       12.7864,  -7.13571E-03,  -284.706E-03,            2.
D:/MoVerHu_Projekt/FE_Modell/FE-Abaqus-Model/Job-19.odb,Step-658,Increment      6: Step Time =    1.000,"LAGERSITZ_NEU-1",          4448,             4,          7204,      -118.984,       49.0336,      -36.1090,"ASSEMBLY_LAGERSITZ_NEU-1_SET-GEHAEUSE","ALUMINIUM",NA,       105.824,  -177.343E-03,       103.847,      -20.3596,   162.734E-03,   6.60256E-03,            2.
D:/MoVerHu_Projekt/FE_Modell/FE-Abaqus-Model/Job-19.odb,Step-658,Increment      6: Step Time =    1.000,"LAGERSITZ_NEU-1",          4447,             4,          7204,      -118.984,       49.0336,      -36.1090,"ASSEMBLY_LAGERSITZ_NEU-1_SET-GEHAEUSE","ALUMINIUM",NA,       105.824,  -177.343E-03,       103.847,      -20.3596,   162.734E-03,   6.60256E-03,            2.
D:/MoVerHu_Projekt/FE_Modell/FE-Abaqus-Model/Job-19.odb,Step-658,Increment      6: Step Time =    1.000,"LAGERSITZ_NEU-1",          4449,             4,          7205,      -115.584,       49.0336,      -36.1090,"ASSEMBLY_LAGERSITZ_NEU-1_SET-GEHAEUSE","ALUMINIUM",NA,       153.095,  -251.661E-03,       150.255,      -29.3510,   94.2399E-03,   16.2999E-03,            2.
D:/MoVerHu_Projekt/FE_Modell/FE-Abaqus-Model/Job-19.odb,Step-658,Increment      6: Step Time =    1.000,"LAGERSITZ_NEU-1",          4448,             4,          7205,      -115.584,       49.0336,      -36.1090,"ASSEMBLY_LAGERSITZ_NEU-1_SET-GEHAEUSE","ALUMINIUM",NA,       153.095,  -251.661E-03,       150.255,      -29.3510,   94.2399E-03,   16.2999E-03,            2.
D:/MoVerHu_Projekt/FE_Modell/FE-Abaqus-Model/Job-19.odb,Step-658,Increment      6: Step Time =    1.000,"LAGERSITZ_NEU-1",          4451,             4,          7206,      -118.984,       49.4780,      -33.5125,"ASSEMBLY_LAGERSITZ_NEU-1_SET-GEHAEUSE","ALUMINIUM",NA,       65.9807,  -110.757E-03,       65.2354,      -9.88900,   223.531E-03,  -14.6092E-03,            2.
D:/MoVerHu_Projekt/FE_Modell/FE-Abaqus-Model/Job-19.odb,Step-658,Increment      6: Step Time =    1.000,"LAGERSITZ_NEU-1",          4450,             4,          7206,      -118.984,       49.4780,      -33.5125,"ASSEMBLY_LAGERSITZ_NEU-1_SET-GEHAEUSE","ALUMINIUM",NA,       65.9807,  -110.757E-03,       65.2354,      -9.88900,   223.531E-03,  -14.6092E-03,            2.
D:/MoVerHu_Projekt/FE_Modell/FE-Abaqus-Model/Job-19.odb,Step-658,Increment      6: Step Time =    1.000,"LAGERSITZ_NEU-1",          4447,             4,          7206,      -118.984,       49.4780,      -33.5125,"ASSEMBLY_LAGERSITZ_NEU-1_SET-GEHAEUSE","ALUMINIUM",NA,       65.9807,  -110.757E-03,       65.2354,      -9.88900,   223.531E-03,  -14.6092E-03,            2.
D:/MoVerHu_Projekt/FE_Modell/FE-Abaqus-Model/Job-19.odb,Step-658,Increment      6: Step Time =    1.000,"LAGERSITZ_NEU-1",          4448,             4,          7206,      -118.984,       49.4780,      -33.5125,"ASSEMBLY_LAGERSITZ_NEU-1_SET-GEHAEUSE","ALUMINIUM",NA,       65.9807,  -110.757E-03,       65.2354,      -9.88900,   223.531E-03,  -14.6092E-03,            2.
D:/MoVerHu_Projekt/FE_Modell/FE-Abaqus-Model/Job-19.odb,Step-658,Increment      6: Step Time =    1.000,"LAGERSITZ_NEU-1",          4452,             4,          7207,      -115.584,       49.4780,      -33.5125,"ASSEMBLY_LAGERSITZ_NEU-1_SET-GEHAEUSE","ALUMINIUM",NA,       126.733,  -209.324E-03,       125.345,      -18.7068,   168.084E-03,   3.19088E-03,            2.
D:/MoVerHu_Projekt/FE_Modell/FE-Abaqus-Model/Job-19.odb,Step-658,Increment      6: Step Time =    1.000,"LAGERSITZ_NEU-1",          4448,             4,          7207,      -115.584,       49.4780,      -33.5125,"ASSEMBLY_LAGERSITZ_NEU-1_SET-GEHAEUSE","ALUMINIUM",NA,       126.733,  -209.324E-03,       125.345,      -18.7068,   168.084E-03,   3.19088E-03,            2.
D:/MoVerHu_Projekt/FE_Modell/FE-Abaqus-Model/Job-19.odb,Step-658,Increment      6: Step Time =    1.000,"LAGERSITZ_NEU-1",          4449,             4,          7207,      -115.584,       49.4780,      -33.5125,"ASSEMBLY_LAGERSITZ_NEU-1_SET-GEHAEUSE","ALUMINIUM",NA,       126.733,  -209.324E-03,       125.345,      -18.7068,   168.084E-03,   3.19088E-03,            2.
D:/MoVerHu_Projekt/FE_Modell/FE-Abaqus-Model/Job-19.odb,Step-658,Increment      6: Step Time =    1.000,"LAGERSITZ_NEU-1",          4451,             4,          7207,      -115.584,       49.4780,      -33.5125,"ASSEMBLY_LAGERSITZ_NEU-1_SET-GEHAEUSE","ALUMINIUM",NA,       126.733,  -209.324E-03,       125.345,      -18.7068,   168.084E-03,   3.19088E-03,            2.
D:/MoVerHu_Projekt/FE_Modell/FE-Abaqus-Model/Job-19.odb,Step-658,Increment      6: Step Time =    1.000,"LAGERSITZ_NEU-1",          4453,             4,          7208,      -118.984,       49.7977,      -30.8977,"ASSEMBLY_LAGERSITZ_NEU-1_SET-GEHAEUSE","ALUMINIUM",NA,       12.7390,  -21.0891E-03,       12.6572,      -1.44056,   306.844E-03,  -60.1156E-03,       NoValue
D:/MoVerHu_Projekt/FE_Modell/FE-Abaqus-Model/Job-19.odb,Step-658,Increment      6: Step Time =    1.000,"LAGERSITZ_NEU-1",          4454,             4,          7208,      -118.984,       49.7977,      -30.8977,"ASSEMBLY_LAGERSITZ_NEU-1_SET-GEHAEUSE","ALUMINIUM",NA,       12.7390,  -21.0891E-03,       12.6572,      -1.44056,   306.844E-03,  -60.1156E-03,       NoValue
D:/MoVerHu_Projekt/FE_Modell/FE-Abaqus-Model/Job-19.odb,Step-658,Increment      6: Step Time =    1.000,"LAGERSITZ_NEU-1",          4451,             4,          7208,      -118.984,       49.7977,      -30.8977,"ASSEMBLY_LAGERSITZ_NEU-1_SET-GEHAEUSE","ALUMINIUM",NA,       12.7390,  -21.0891E-03,       12.6572,      -1.44056,   306.844E-03,  -60.1156E-03,       NoValue
D:/MoVerHu_Projekt/FE_Modell/FE-Abaqus-Model/Job-19.odb,Step-658,Increment      6: Step Time =    1.000,"LAGERSITZ_NEU-1",          4450,             4,          7208,      -118.984,       49.7977,      -30.8977,"ASSEMBLY_LAGERSITZ_NEU-1_SET-GEHAEUSE","ALUMINIUM",NA,       12.7390,  -21.0891E-03,       12.6572,      -1.44056,   306.844E-03,  -60.1156E-03,       NoValue
D:/MoVerHu_Projekt/FE_Modell/FE-Abaqus-Model/Job-19.odb,Step-658,Increment      6: Step Time =    1.000,"LAGERSITZ_NEU-1",          4451,             4,          7209,      -115.584,       49.7977,      -30.8977,"ASSEMBLY_LAGERSITZ_NEU-1_SET-GEHAEUSE","ALUMINIUM",NA,       51.4297,  -84.8826E-03,       51.1451,      -5.40236,   283.482E-03,  -31.6182E-03,            2.
D:/MoVerHu_Projekt/FE_Modell/FE-Abaqus-Model/Job-19.odb,Step-658,Increment      6: Step Time =    1.000,"LAGERSITZ_NEU-1",          4455,             4,          7209,      -115.584,       49.7977,      -30.8977,"ASSEMBLY_LAGERSITZ_NEU-1_SET-GEHAEUSE","ALUMINIUM",NA,       51.4297,  -84.8826E-03,       51.1451,      -5.40236,   283.482E-03,  -31.6182E-03,            2.
D:/MoVerHu_Projekt/FE_Modell/FE-Abaqus-Model/Job-19.odb,Step-658,Increment      6: Step Time =    1.000,"LAGERSITZ_NEU-1",          4452,             4,          7209,      -115.584,       49.7977,      -30.8977,"ASSEMBLY_LAGERSITZ_NEU-1_SET-GEHAEUSE","ALUMINIUM",NA,       51.4297,  -84.8826E-03,       51.1451,      -5.40236,   283.482E-03,  -31.6182E-03,            2.
D:/MoVerHu_Projekt/FE_Modell/FE-Abaqus-Model/Job-19.odb,Step-658,Increment      6: Step Time =    1.000,"LAGERSITZ_NEU-1",          4454,             4,          7209,      -115.584,       49.7977,      -30.8977,"ASSEMBLY_LAGERSITZ_NEU-1_SET-GEHAEUSE","ALUMINIUM",NA,       51.4297,  -84.8826E-03,       51.1451,      -5.40236,   283.482E-03,  -31.6182E-03,            2.
D:/MoVerHu_Projekt/FE_Modell/FE-Abaqus-Model/Job-19.odb,Step-658,Increment      6: Step Time =    1.000,"LAGERSITZ_NEU-1",          4453,             4,          7210,      -118.984,       49.9917,      -28.2706,"ASSEMBLY_LAGERSITZ_NEU-1_SET-GEHAEUSE","ALUMINIUM",NA,       1.35221,  -2.22947E-03,       1.35043,  -69.2804E-03,   171.975E-03,  -60.7090E-03,       NoValue
D:/MoVerHu_Projekt/FE_Modell/FE-Abaqus-Model/Job-19.odb,Step-658,Increment      6: Step Time =    1.000,"LAGERSITZ_NEU-1",          4454,             4,          7210,      -118.984,       49.9917,      -28.2706,"ASSEMBLY_LAGERSITZ_NEU-1_SET-GEHAEUSE","ALUMINIUM",NA,       1.35221,  -2.22947E-03,       1.35043,  -69.2804E-03,   171.975E-03,  -60.7090E-03,       NoValue
D:/MoVerHu_Projekt/FE_Modell/FE-Abaqus-Model/Job-19.odb,Step-658,Increment      6: Step Time =    1.000,"LAGERSITZ_NEU-1",          4456,             4,          7210,      -118.984,       49.9917,      -28.2706,"ASSEMBLY_LAGERSITZ_NEU-1_SET-GEHAEUSE","ALUMINIUM",NA,       1.35221,  -2.22947E-03,       1.35043,  -69.2804E-03,   171.975E-03,  -60.7090E-03,       NoValue
D:/MoVerHu_Projekt/FE_Modell/FE-Abaqus-Model/Job-19.odb,Step-658,Increment      6: Step Time =    1.000,"LAGERSITZ_NEU-1",          4457,             4,          7210,      -118.984,       49.9917,      -28.2706,"ASSEMBLY_LAGERSITZ_NEU-1_SET-GEHAEUSE","ALUMINIUM",NA,       1.35221,  -2.22947E-03,       1.35043,  -69.2804E-03,   171.975E-03,  -60.7090E-03,       NoValue
D:/MoVerHu_Projekt/FE_Modell/FE-Abaqus-Model/Job-19.odb,Step-658,Increment      6: Step Time =    1.000,"LAGERSITZ_NEU-1",          4455,             4,          7211,      -115.584,       49.9917,      -28.2706,"ASSEMBLY_LAGERSITZ_NEU-1_SET-GEHAEUSE","ALUMINIUM",NA,       10.9090,  -17.3644E-03,       10.8947,  -558.055E-03,   248.853E-03,  -58.5063E-03,       NoValue
D:/MoVerHu_Projekt/FE_Modell/FE-Abaqus-Model/Job-19.odb,Step-658,Increment      6: Step Time =    1.000,"LAGERSITZ_NEU-1",          4454,             4,          7211,      -115.584,       49.9917,      -28.2706,"ASSEMBLY_LAGERSITZ_NEU-1_SET-GEHAEUSE","ALUMINIUM",NA,       10.9090,  -17.3644E-03,       10.8947,  -558.055E-03,   248.853E-03,  -58.5063E-03,       NoValue
D:/MoVerHu_Projekt/FE_Modell/FE-Abaqus-Model/Job-19.odb,Step-658,Increment      6: Step Time =    1.000,"LAGERSITZ_NEU-1",          4458,             4,          7211,      -115.584,       49.9917,      -28.2706,"ASSEMBLY_LAGERSITZ_NEU-1_SET-GEHAEUSE","ALUMINIUM",NA,       10.9090,  -17.3644E-03,       10.8947,  -558.055E-03,   248.853E-03,  -58.5063E-03,       NoValue
D:/MoVerHu_Projekt/FE_Modell/FE-Abaqus-Model/Job-19.odb,Step-658,Increment      6: Step Time =    1.000,"LAGERSITZ_NEU-1",          4457,             4,          7211,      -115.584,       49.9917,      -28.2706,"ASSEMBLY_LAGERSITZ_NEU-1_SET-GEHAEUSE","ALUMINIUM",NA,       10.9090,  -17.3644E-03,       10.8947,  -558.055E-03,   248.853E-03,  -58.5063E-03,       NoValue
D:/MoVerHu_Projekt/FE_Modell/FE-Abaqus-Model/Job-19.odb,Step-658,Increment      6: Step Time =    1.000,"LAGERSITZ_NEU-1",         13053,             6,         12761,      -109.184,       49.0336,      -36.1090,"ASSEMBLY_LAGERSITZ_NEU-1_SET-GEHAEUSE","ALUMINIUM",NA,       160.399,  -233.114E-03,       157.432,      -30.7097,   44.5786E-03,   17.3384E-03,            2.
D:/MoVerHu_Projekt/FE_Modell/FE-Abaqus-Model/Job-19.odb,Step-658,Increment      6: Step Time =    1.000,"LAGERSITZ_NEU-1",         13054,             6,         12761,      -109.184,       49.0336,      -36.1090,"ASSEMBLY_LAGERSITZ_NEU-1_SET-GEHAEUSE","ALUMINIUM",NA,       160.399,  -233.114E-03,       157.432,      -30.7097,   44.5786E-03,   17.3384E-03,            2.
D:/MoVerHu_Projekt/FE_Modell/FE-Abaqus-Model/Job-19.odb,Step-658,Increment      6: Step Time =    1.000,"LAGERSITZ_NEU-1",         13055,             6,         12762,      -106.184,       49.0336,      -36.1090,"ASSEMBLY_LAGERSITZ_NEU-1_SET-GEHAEUSE","ALUMINIUM",NA,       155.383,  -208.627E-03,       152.509,      -29.7442,   31.5450E-03,   14.0502E-03,            2.
D:/MoVerHu_Projekt/FE_Modell/FE-Abaqus-Model/Job-19.odb,Step-658,Increment      6: Step Time =    1.000,"LAGERSITZ_NEU-1",         13054,             6,         12762,      -106.184,       49.0336,      -36.1090,"ASSEMBLY_LAGERSITZ_NEU-1_SET-GEHAEUSE","ALUMINIUM",NA,       155.383,  -208.627E-03,       152.509,      -29.7442,   31.5450E-03,   14.0502E-03,            2.
D:/MoVerHu_Projekt/FE_Modell/FE-Abaqus-Model/Job-19.odb,Step-658,Increment      6: Step Time =    1.000,"LAGERSITZ_NEU-1",         13056,             6,         12763,      -103.184,       49.0336,      -36.1090,"ASSEMBLY_LAGERSITZ_NEU-1_SET-GEHAEUSE","ALUMINIUM",NA,       124.017,  -152.559E-03,       121.724,      -23.7386,   29.9613E-03,   17.7466E-03,            2.
D:/MoVerHu_Projekt/FE_Modell/FE-Abaqus-Model/Job-19.odb,Step-658,Increment      6: Step Time =    1.000,"LAGERSITZ_NEU-1",         13055,             6,         12763,      -103.184,       49.0336,      -36.1090,"ASSEMBLY_LAGERSITZ_NEU-1_SET-GEHAEUSE","ALUMINIUM",NA,       124.017,  -152.559E-03,       121.724,      -23.7386,   29.9613E-03,   17.7466E-03,            2.
D:/MoVerHu_Projekt/FE_Modell/FE-Abaqus-Model/Job-19.odb,Step-658,Increment      6: Step Time =    1.000,"LAGERSITZ_NEU-1",         13056,             6,         12764,      -100.184,       49.0336,      -36.1090,"ASSEMBLY_LAGERSITZ_NEU-1_SET-GEHAEUSE","ALUMINIUM",NA,       69.2801,  -76.6610E-03,       68.0313,      -13.0945,   15.3094E-03,   9.68628E-03,            2.
D:/MoVerHu_Projekt/FE_Modell/FE-Abaqus-Model/Job-19.odb,Step-658,Increment      6: Step Time =    1.000,"LAGERSITZ_NEU-1",         13057,             6,         12764,      -100.184,       49.0336,      -36.1090,"ASSEMBLY_LAGERSITZ_NEU-1_SET-GEHAEUSE","ALUMINIUM",NA,       69.2801,  -76.6610E-03,       68.0313,      -13.0945,   15.3094E-03,   9.68628E-03,            2.
D:/MoVerHu_Projekt/FE_Modell/FE-Abaqus-Model/Job-19.odb,Step-658,Increment      6: Step Time =    1.000,"LAGERSITZ_NEU-1",         13053,             6,         12765,      -109.184,       49.4780,      -33.5125,"ASSEMBLY_LAGERSITZ_NEU-1_SET-GEHAEUSE","ALUMINIUM",NA,       150.033,  -217.134E-03,       148.411,      -22.0040,   83.0032E-03,   14.1163E-03,            2.
D:/MoVerHu_Projekt/FE_Modell/FE-Abaqus-Model/Job-19.odb,Step-658,Increment      6: Step Time =    1.000,"LAGERSITZ_NEU-1",         13059,             6,         12765,      -109.184,       49.4780,      -33.5125,"ASSEMBLY_LAGERSITZ_NEU-1_SET-GEHAEUSE","ALUMINIUM",NA,       150.033,  -217.134E-03,       148.411,      -22.0040,   83.0032E-03,   14.1163E-03,            2.
D:/MoVerHu_Projekt/FE_Modell/FE-Abaqus-Model/Job-19.odb,Step-658,Increment      6: Step Time =    1.000,"LAGERSITZ_NEU-1",         13054,             6,         12765,      -109.184,       49.4780,      -33.5125,"ASSEMBLY_LAGERSITZ_NEU-1_SET-GEHAEUSE","ALUMINIUM",NA,       150.033,  -217.134E-03,       148.411,      -22.0040,   83.0032E-03,   14.1163E-03,            2.
D:/MoVerHu_Projekt/FE_Modell/FE-Abaqus-Model/Job-19.odb,Step-658,Increment      6: Step Time =    1.000,"LAGERSITZ_NEU-1",         13058,             6,         12765,      -109.184,       49.4780,      -33.5125,"ASSEMBLY_LAGERSITZ_NEU-1_SET-GEHAEUSE","ALUMINIUM",NA,       150.033,  -217.134E-03,       148.411,      -22.0040,   83.0032E-03,   14.1163E-03,            2.
D:/MoVerHu_Projekt/FE_Modell/FE-Abaqus-Model/Job-19.odb,Step-658,Increment      6: Step Time =    1.000,"LAGERSITZ_NEU-1",         13060,             6,         12766,      -106.184,       49.4780,      -33.5125,"ASSEMBLY_LAGERSITZ_NEU-1_SET-GEHAEUSE","ALUMINIUM",NA,       142.141,  -190.122E-03,       140.599,      -20.8853,   66.6405E-03,   16.1376E-03,            2.
D:/MoVerHu_Projekt/FE_Modell/FE-Abaqus-Model/Job-19.odb,Step-658,Increment      6: Step Time =    1.000,"LAGERSITZ_NEU-1",         13059,             6,         12766,      -106.184,       49.4780,      -33.5125,"ASSEMBLY_LAGERSITZ_NEU-1_SET-GEHAEUSE","ALUMINIUM",NA,       142.141,  -190.122E-03,       140.599,      -20.8853,   66.6405E-03,   16.1376E-03,            2.
D:/MoVerHu_Projekt/FE_Modell/FE-Abaqus-Model/Job-19.odb,Step-658,Increment      6: Step Time =    1.000,"LAGERSITZ_NEU-1",         13055,             6,         12766,      -106.184,       49.4780,      -33.5125,"ASSEMBLY_LAGERSITZ_NEU-1_SET-GEHAEUSE","ALUMINIUM",NA,       142.141,  -190.122E-03,       140.599,      -20.8853,   66.6405E-03,   16.1376E-03,            2.
D:/MoVerHu_Projekt/FE_Modell/FE-Abaqus-Model/Job-19.odb,Step-658,Increment      6: Step Time =    1.000,"LAGERSITZ_NEU-1",         13054,             6,         12766,      -106.184,       49.4780,      -33.5125,"ASSEMBLY_LAGERSITZ_NEU-1_SET-GEHAEUSE","ALUMINIUM",NA,       142.141,  -190.122E-03,       140.599,      -20.8853,   66.6405E-03,   16.1376E-03,            2.
D:/MoVerHu_Projekt/FE_Modell/FE-Abaqus-Model/Job-19.odb,Step-658,Increment      6: Step Time =    1.000,"LAGERSITZ_NEU-1",         13055,             6,         12767,      -103.184,       49.4780,      -33.5125,"ASSEMBLY_LAGERSITZ_NEU-1_SET-GEHAEUSE","ALUMINIUM",NA,       109.773,  -132.937E-03,       108.576,      -16.1644,   57.4641E-03,   19.3521E-03,            2.
D:/MoVerHu_Projekt/FE_Modell/FE-Abaqus-Model/Job-19.odb,Step-658,Increment      6: Step Time =    1.000,"LAGERSITZ_NEU-1",         13061,             6,         12767,      -103.184,       49.4780,      -33.5125,"ASSEMBLY_LAGERSITZ_NEU-1_SET-GEHAEUSE","ALUMINIUM",NA,       109.773,  -132.937E-03,       108.576,      -16.1644,   57.4641E-03,   19.3521E-03,            2.
D:/MoVerHu_Projekt/FE_Modell/FE-Abaqus-Model/Job-19.odb,Step-658,Increment      6: Step Time =    1.000,"LAGERSITZ_NEU-1",         13060,             6,         12767,      -103.184,       49.4780,      -33.5125,"ASSEMBLY_LAGERSITZ_NEU-1_SET-GEHAEUSE","ALUMINIUM",NA,       109.773,  -132.937E-03,       108.576,      -16.1644,   57.4641E-03,   19.3521E-03,            2.
D:/MoVerHu_Projekt/FE_Modell/FE-Abaqus-Model/Job-19.odb,Step-658,Increment      6: Step Time =    1.000,"LAGERSITZ_NEU-1",         13056,             6,         12767,      -103.184,       49.4780,      -33.5125,"ASSEMBLY_LAGERSITZ_NEU-1_SET-GEHAEUSE","ALUMINIUM",NA,       109.773,  -132.937E-03,       108.576,      -16.1644,   57.4641E-03,   19.3521E-03,            2.
D:/MoVerHu_Projekt/FE_Modell/FE-Abaqus-Model/Job-19.odb,Step-658,Increment      6: Step Time =    1.000,"LAGERSITZ_NEU-1",         13061,             6,         12768,      -100.184,       49.4780,      -33.5125,"ASSEMBLY_LAGERSITZ_NEU-1_SET-GEHAEUSE","ALUMINIUM",NA,       77.7954,  -84.6547E-03,       76.9530,      -11.4173,   35.9323E-03,   15.8707E-03,            2.
D:/MoVerHu_Projekt/FE_Modell/FE-Abaqus-Model/Job-19.odb,Step-658,Increment      6: Step Time =    1.000,"LAGERSITZ_NEU-1",         13062,             6,         12768,      -100.184,       49.4780,      -33.5125,"ASSEMBLY_LAGERSITZ_NEU-1_SET-GEHAEUSE","ALUMINIUM",NA,       77.7954,  -84.6547E-03,       76.9530,      -11.4173,   35.9323E-03,   15.8707E-03,            2.
D:/MoVerHu_Projekt/FE_Modell/FE-Abaqus-Model/Job-19.odb,Step-658,Increment      6: Step Time =    1.000,"LAGERSITZ_NEU-1",         13056,             6,         12768,      -100.184,       49.4780,      -33.5125,"ASSEMBLY_LAGERSITZ_NEU-1_SET-GEHAEUSE","ALUMINIUM",NA,       77.7954,  -84.6547E-03,       76.9530,      -11.4173,   35.9323E-03,   15.8707E-03,            2.
D:/MoVerHu_Projekt/FE_Modell/FE-Abaqus-Model/Job-19.odb,Step-658,Increment      6: Step Time =    1.000,"LAGERSITZ_NEU-1",         13057,             6,         12768,      -100.184,       49.4780,      -33.5125,"ASSEMBLY_LAGERSITZ_NEU-1_SET-GEHAEUSE","ALUMINIUM",NA,       77.7954,  -84.6547E-03,       76.9530,      -11.4173,   35.9323E-03,   15.8707E-03,            2.
D:/MoVerHu_Projekt/FE_Modell/FE-Abaqus-Model/Job-19.odb,Step-658,Increment      6: Step Time =    1.000,"LAGERSITZ_NEU-1",         13064,             6,         12769,      -109.184,       49.7977,      -30.8977,"ASSEMBLY_LAGERSITZ_NEU-1_SET-GEHAEUSE","ALUMINIUM",NA,       77.7002,  -112.268E-03,       77.2840,      -8.03129,   156.978E-03,  -210.832E-06,            2.
D:/MoVerHu_Projekt/FE_Modell/FE-Abaqus-Model/Job-19.odb,Step-658,Increment      6: Step Time =    1.000,"LAGERSITZ_NEU-1",         13059,             6,         12769,      -109.184,       49.7977,      -30.8977,"ASSEMBLY_LAGERSITZ_NEU-1_SET-GEHAEUSE","ALUMINIUM",NA,       77.7002,  -112.268E-03,       77.2840,      -8.03129,   156.978E-03,  -210.832E-06,            2.
D:/MoVerHu_Projekt/FE_Modell/FE-Abaqus-Model/Job-19.odb,Step-658,Increment      6: Step Time =    1.000,"LAGERSITZ_NEU-1",         13063,             6,         12769,      -109.184,       49.7977,      -30.8977,"ASSEMBLY_LAGERSITZ_NEU-1_SET-GEHAEUSE","ALUMINIUM",NA,       77.7002,  -112.268E-03,       77.2840,      -8.03129,   156.978E-03,  -210.832E-06,            2.
D:/MoVerHu_Projekt/FE_Modell/FE-Abaqus-Model/Job-19.odb,Step-658,Increment      6: Step Time =    1.000,"LAGERSITZ_NEU-1",         13058,             6,         12769,      -109.184,       49.7977,      -30.8977,"ASSEMBLY_LAGERSITZ_NEU-1_SET-GEHAEUSE","ALUMINIUM",NA,       77.7002,  -112.268E-03,       77.2840,      -8.03129,   156.978E-03,  -210.832E-06,            2.
D:/MoVerHu_Projekt/FE_Modell/FE-Abaqus-Model/Job-19.odb,Step-658,Increment      6: Step Time =    1.000,"LAGERSITZ_NEU-1",         13065,             6,         12770,      -106.184,       49.7977,      -30.8977,"ASSEMBLY_LAGERSITZ_NEU-1_SET-GEHAEUSE","ALUMINIUM",NA,       67.2617,  -89.5007E-03,       66.8971,      -6.99280,   118.789E-03,   6.79939E-03,            2.
D:/MoVerHu_Projekt/FE_Modell/FE-Abaqus-Model/Job-19.odb,Step-658,Increment      6: Step Time =    1.000,"LAGERSITZ_NEU-1",         13060,             6,         12770,      -106.184,       49.7977,      -30.8977,"ASSEMBLY_LAGERSITZ_NEU-1_SET-GEHAEUSE","ALUMINIUM",NA,       67.2617,  -89.5007E-03,       66.8971,      -6.99280,   118.789E-03,   6.79939E-03,            2.
D:/MoVerHu_Projekt/FE_Modell/FE-Abaqus-Model/Job-19.odb,Step-658,Increment      6: Step Time =    1.000,"LAGERSITZ_NEU-1",         13059,             6,         12770,      -106.184,       49.7977,      -30.8977,"ASSEMBLY_LAGERSITZ_NEU-1_SET-GEHAEUSE","ALUMINIUM",NA,       67.2617,  -89.5007E-03,       66.8971,      -6.99280,   118.789E-03,   6.79939E-03,            2.
D:/MoVerHu_Projekt/FE_Modell/FE-Abaqus-Model/Job-19.odb,Step-658,Increment      6: Step Time =    1.000,"LAGERSITZ_NEU-1",         13064,             6,         12770,      -106.184,       49.7977,      -30.8977,"ASSEMBLY_LAGERSITZ_NEU-1_SET-GEHAEUSE","ALUMINIUM",NA,       67.2617,  -89.5007E-03,       66.8971,      -6.99280,   118.789E-03,   6.79939E-03,            2.
D:/MoVerHu_Projekt/FE_Modell/FE-Abaqus-Model/Job-19.odb,Step-658,Increment      6: Step Time =    1.000,"LAGERSITZ_NEU-1",         13060,             6,         12771,      -103.184,       49.7977,      -30.8977,"ASSEMBLY_LAGERSITZ_NEU-1_SET-GEHAEUSE","ALUMINIUM",NA,       46.7307,  -55.9418E-03,       46.4736,      -4.89440,   91.9478E-03,   13.8252E-03,            2.
D:/MoVerHu_Projekt/FE_Modell/FE-Abaqus-Model/Job-19.odb,Step-658,Increment      6: Step Time =    1.000,"LAGERSITZ_NEU-1",         13065,             6,         12771,      -103.184,       49.7977,      -30.8977,"ASSEMBLY_LAGERSITZ_NEU-1_SET-GEHAEUSE","ALUMINIUM",NA,       46.7307,  -55.9418E-03,       46.4736,      -4.89440,   91.9478E-03,   13.8252E-03,            2.
D:/MoVerHu_Projekt/FE_Modell/FE-Abaqus-Model/Job-19.odb,Step-658,Increment      6: Step Time =    1.000,"LAGERSITZ_NEU-1",         13061,             6,         12771,      -103.184,       49.7977,      -30.8977,"ASSEMBLY_LAGERSITZ_NEU-1_SET-GEHAEUSE","ALUMINIUM",NA,       46.7307,  -55.9418E-03,       46.4736,      -4.89440,   91.9478E-03,   13.8252E-03,            2.
D:/MoVerHu_Projekt/FE_Modell/FE-Abaqus-Model/Job-19.odb,Step-658,Increment      6: Step Time =    1.000,"LAGERSITZ_NEU-1",         13066,             6,         12771,      -103.184,       49.7977,      -30.8977,"ASSEMBLY_LAGERSITZ_NEU-1_SET-GEHAEUSE","ALUMINIUM",NA,       46.7307,  -55.9418E-03,       46.4736,      -4.89440,   91.9478E-03,   13.8252E-03,            2.
D:/MoVerHu_Projekt/FE_Modell/FE-Abaqus-Model/Job-19.odb,Step-658,Increment      6: Step Time =    1.000,"LAGERSITZ_NEU-1",         13067,             6,         12772,      -100.184,       49.7977,      -30.8977,"ASSEMBLY_LAGERSITZ_NEU-1_SET-GEHAEUSE","ALUMINIUM",NA,       29.5179,  -32.1639E-03,       29.3514,      -3.13006,   46.9356E-03,   13.6231E-03,            2.
D:/MoVerHu_Projekt/FE_Modell/FE-Abaqus-Model/Job-19.odb,Step-658,Increment      6: Step Time =    1.000,"LAGERSITZ_NEU-1",         13062,             6,         12772,      -100.184,       49.7977,      -30.8977,"ASSEMBLY_LAGERSITZ_NEU-1_SET-GEHAEUSE","ALUMINIUM",NA,       29.5179,  -32.1639E-03,       29.3514,      -3.13006,   46.9356E-03,   13.6231E-03,            2.
D:/MoVerHu_Projekt/FE_Modell/FE-Abaqus-Model/Job-19.odb,Step-658,Increment      6: Step Time =    1.000,"LAGERSITZ_NEU-1",         13061,             6,         12772,      -100.184,       49.7977,      -30.8977,"ASSEMBLY_LAGERSITZ_NEU-1_SET-GEHAEUSE","ALUMINIUM",NA,       29.5179,  -32.1639E-03,       29.3514,      -3.13006,   46.9356E-03,   13.6231E-03,            2.
D:/MoVerHu_Projekt/FE_Modell/FE-Abaqus-Model/Job-19.odb,Step-658,Increment      6: Step Time =    1.000,"LAGERSITZ_NEU-1",         13066,             6,         12772,      -100.184,       49.7977,      -30.8977,"ASSEMBLY_LAGERSITZ_NEU-1_SET-GEHAEUSE","ALUMINIUM",NA,       29.5179,  -32.1639E-03,       29.3514,      -3.13006,   46.9356E-03,   13.6231E-03,            2.
D:/MoVerHu_Projekt/FE_Modell/FE-Abaqus-Model/Job-19.odb,Step-658,Increment      6: Step Time =    1.000,"LAGERSITZ_NEU-1",         13069,             6,         12773,      -109.184,       49.9917,      -28.2706,"ASSEMBLY_LAGERSITZ_NEU-1_SET-GEHAEUSE","ALUMINIUM",NA,       15.4745,  -22.2663E-03,       15.4507,  -858.726E-03,   195.739E-03,  -36.4642E-03,       NoValue
D:/MoVerHu_Projekt/FE_Modell/FE-Abaqus-Model/Job-19.odb,Step-658,Increment      6: Step Time =    1.000,"LAGERSITZ_NEU-1",         13064,             6,         12773,      -109.184,       49.9917,      -28.2706,"ASSEMBLY_LAGERSITZ_NEU-1_SET-GEHAEUSE","ALUMINIUM",NA,       15.4745,  -22.2663E-03,       15.4507,  -858.726E-03,   195.739E-03,  -36.4642E-03,       NoValue
D:/MoVerHu_Projekt/FE_Modell/FE-Abaqus-Model/Job-19.odb,Step-658,Increment      6: Step Time =    1.000,"LAGERSITZ_NEU-1",         13068,             6,         12773,      -109.184,       49.9917,      -28.2706,"ASSEMBLY_LAGERSITZ_NEU-1_SET-GEHAEUSE","ALUMINIUM",NA,       15.4745,  -22.2663E-03,       15.4507,  -858.726E-03,   195.739E-03,  -36.4642E-03,       NoValue
D:/MoVerHu_Projekt/FE_Modell/FE-Abaqus-Model/Job-19.odb,Step-658,Increment      6: Step Time =    1.000,"LAGERSITZ_NEU-1",         13063,             6,         12773,      -109.184,       49.9917,      -28.2706,"ASSEMBLY_LAGERSITZ_NEU-1_SET-GEHAEUSE","ALUMINIUM",NA,       15.4745,  -22.2663E-03,       15.4507,  -858.726E-03,   195.739E-03,  -36.4642E-03,       NoValue
D:/MoVerHu_Projekt/FE_Modell/FE-Abaqus-Model/Job-19.odb,Step-658,Increment      6: Step Time =    1.000,"LAGERSITZ_NEU-1",         13065,             6,         12774,      -106.184,       49.9917,      -28.2706,"ASSEMBLY_LAGERSITZ_NEU-1_SET-GEHAEUSE","ALUMINIUM",NA,       12.7530,  -16.9285E-03,       12.7330,  -712.794E-03,   128.569E-03,  -22.2049E-03,       NoValue
D:/MoVerHu_Projekt/FE_Modell/FE-Abaqus-Model/Job-19.odb,Step-658,Increment      6: Step Time =    1.000,"LAGERSITZ_NEU-1",         13069,             6,         12774,      -106.184,       49.9917,      -28.2706,"ASSEMBLY_LAGERSITZ_NEU-1_SET-GEHAEUSE","ALUMINIUM",NA,       12.7530,  -16.9285E-03,       12.7330,  -712.794E-03,   128.569E-03,  -22.2049E-03,       NoValue
D:/MoVerHu_Projekt/FE_Modell/FE-Abaqus-Model/Job-19.odb,Step-658,Increment      6: Step Time =    1.000,"LAGERSITZ_NEU-1",         13064,             6,         12774,      -106.184,       49.9917,      -28.2706,"ASSEMBLY_LAGERSITZ_NEU-1_SET-GEHAEUSE","ALUMINIUM",NA,       12.7530,  -16.9285E-03,       12.7330,  -712.794E-03,   128.569E-03,  -22.2049E-03,       NoValue
D:/MoVerHu_Projekt/FE_Modell/FE-Abaqus-Model/Job-19.odb,Step-658,Increment      6: Step Time =    1.000,"LAGERSITZ_NEU-1",         13070,             6,         12774,      -106.184,       49.9917,      -28.2706,"ASSEMBLY_LAGERSITZ_NEU-1_SET-GEHAEUSE","ALUMINIUM",NA,       12.7530,  -16.9285E-03,       12.7330,  -712.794E-03,   128.569E-03,  -22.2049E-03,       NoValue
D:/MoVerHu_Projekt/FE_Modell/FE-Abaqus-Model/Job-19.odb,Step-658,Increment      6: Step Time =    1.000,"LAGERSITZ_NEU-1",         13065,             6,         12775,      -103.184,       49.9917,      -28.2706,"ASSEMBLY_LAGERSITZ_NEU-1_SET-GEHAEUSE","ALUMINIUM",NA,       8.80326,  -10.5394E-03,       8.79004,  -482.277E-03,   62.9141E-03,  -12.7896E-03,       NoValue
D:/MoVerHu_Projekt/FE_Modell/FE-Abaqus-Model/Job-19.odb,Step-658,Increment      6: Step Time =    1.000,"LAGERSITZ_NEU-1",         13070,             6,         12775,      -103.184,       49.9917,      -28.2706,"ASSEMBLY_LAGERSITZ_NEU-1_SET-GEHAEUSE","ALUMINIUM",NA,       8.80326,  -10.5394E-03,       8.79004,  -482.277E-03,   62.9141E-03,  -12.7896E-03,       NoValue
D:/MoVerHu_Projekt/FE_Modell/FE-Abaqus-Model/Job-19.odb,Step-658,Increment      6: Step Time =    1.000,"LAGERSITZ_NEU-1",         13071,             6,         12775,      -103.184,       49.9917,      -28.2706,"ASSEMBLY_LAGERSITZ_NEU-1_SET-GEHAEUSE","ALUMINIUM",NA,       8.80326,  -10.5394E-03,       8.79004,  -482.277E-03,   62.9141E-03,  -12.7896E-03,       NoValue
D:/MoVerHu_Projekt/FE_Modell/FE-Abaqus-Model/Job-19.odb,Step-658,Increment      6: Step Time =    1.000,"LAGERSITZ_NEU-1",         13066,             6,         12775,      -103.184,       49.9917,      -28.2706,"ASSEMBLY_LAGERSITZ_NEU-1_SET-GEHAEUSE","ALUMINIUM",NA,       8.80326,  -10.5394E-03,       8.79004,  -482.277E-03,   62.9141E-03,  -12.7896E-03,       NoValue
D:/MoVerHu_Projekt/FE_Modell/FE-Abaqus-Model/Job-19.odb,Step-658,Increment      6: Step Time =    1.000,"LAGERSITZ_NEU-1",         13066,             6,         12776,      -100.184,       49.9917,      -28.2706,"ASSEMBLY_LAGERSITZ_NEU-1_SET-GEHAEUSE","ALUMINIUM",NA,       13.5969,  -15.6696E-03,       13.5877,  -501.298E-03,  -1.28522E-03,  -5.29407E-03,       NoValue
D:/MoVerHu_Projekt/FE_Modell/FE-Abaqus-Model/Job-19.odb,Step-658,Increment      6: Step Time =    1.000,"LAGERSITZ_NEU-1",         13067,             6,         12776,      -100.184,       49.9917,      -28.2706,"ASSEMBLY_LAGERSITZ_NEU-1_SET-GEHAEUSE","ALUMINIUM",NA,       13.5969,  -15.6696E-03,       13.5877,  -501.298E-03,  -1.28522E-03,  -5.29407E-03,       NoValue
D:/MoVerHu_Projekt/FE_Modell/FE-Abaqus-Model/Job-19.odb,Step-658,Increment      6: Step Time =    1.000,"LAGERSITZ_NEU-1",         13071,             6,         12776,      -100.184,       49.9917,      -28.2706,"ASSEMBLY_LAGERSITZ_NEU-1_SET-GEHAEUSE","ALUMINIUM",NA,       13.5969,  -15.6696E-03,       13.5877,  -501.298E-03,  -1.28522E-03,  -5.29407E-03,       NoValue
D:/MoVerHu_Projekt/FE_Modell/FE-Abaqus-Model/Job-19.odb,Step-658,Increment      6: Step Time =    1.000,"LAGERSITZ_NEU-1",         13072,             6,         12776,      -100.184,       49.9917,      -28.2706,"ASSEMBLY_LAGERSITZ_NEU-1_SET-GEHAEUSE","ALUMINIUM",NA,       13.5969,  -15.6696E-03,       13.5877,  -501.298E-03,  -1.28522E-03,  -5.29407E-03,       NoValue
D:/MoVerHu_Projekt/FE_Modell/FE-Abaqus-Model/Job-19.odb,Step-658,Increment      6: Step Time =    1.000,"LAGERSITZ_NEU-1",         13073,             6,         12789,      -109.184,       49.9674,      -22.3459,"ASSEMBLY_LAGERSITZ_NEU-1_SET-GEHAEUSE","ALUMINIUM",NA,       225.650,  -303.076E-03,       225.194,       14.3351,   27.0675E-03,  -3.72841E-03,            2.
D:/MoVerHu_Projekt/FE_Modell/FE-Abaqus-Model/Job-19.odb,Step-658,Increment      6: Step Time =    1.000,"LAGERSITZ_NEU-1",         13074,             6,         12789,      -109.184,       49.9674,      -22.3459,"ASSEMBLY_LAGERSITZ_NEU-1_SET-GEHAEUSE","ALUMINIUM",NA,       225.650,  -303.076E-03,       225.194,       14.3351,   27.0675E-03,  -3.72841E-03,            2.
D:/MoVerHu_Projekt/FE_Modell/FE-Abaqus-Model/Job-19.odb,Step-658,Increment      6: Step Time =    1.000,"LAGERSITZ_NEU-1",         13079,             6,         12789,      -109.184,       49.9674,      -22.3459,"ASSEMBLY_LAGERSITZ_NEU-1_SET-GEHAEUSE","ALUMINIUM",NA,       225.650,  -303.076E-03,       225.194,       14.3351,   27.0675E-03,  -3.72841E-03,            2.
D:/MoVerHu_Projekt/FE_Modell/FE-Abaqus-Model/Job-19.odb,Step-658,Increment      6: Step Time =    1.000,"LAGERSITZ_NEU-1",         13078,             6,         12789,      -109.184,       49.9674,      -22.3459,"ASSEMBLY_LAGERSITZ_NEU-1_SET-GEHAEUSE","ALUMINIUM",NA,       225.650,  -303.076E-03,       225.194,       14.3351,   27.0675E-03,  -3.72841E-03,            2.
D:/MoVerHu_Projekt/FE_Modell/FE-Abaqus-Model/Job-19.odb,Step-658,Increment      6: Step Time =    1.000,"LAGERSITZ_NEU-1",         13074,             6,         12790,      -106.184,       49.9674,      -22.3459,"ASSEMBLY_LAGERSITZ_NEU-1_SET-GEHAEUSE","ALUMINIUM",NA,       217.057,  -283.250E-03,       216.612,       13.8840,   18.0905E-03,  -1.92727E-03,            2.
D:/MoVerHu_Projekt/FE_Modell/FE-Abaqus-Model/Job-19.odb,Step-658,Increment      6: Step Time =    1.000,"LAGERSITZ_NEU-1",         13080,             6,         12790,      -106.184,       49.9674,      -22.3459,"ASSEMBLY_LAGERSITZ_NEU-1_SET-GEHAEUSE","ALUMINIUM",NA,       217.057,  -283.250E-03,       216.612,       13.8840,   18.0905E-03,  -1.92727E-03,            2.
D:/MoVerHu_Projekt/FE_Modell/FE-Abaqus-Model/Job-19.odb,Step-658,Increment      6: Step Time =    1.000,"LAGERSITZ_NEU-1",         13079,             6,         12790,      -106.184,       49.9674,      -22.3459,"ASSEMBLY_LAGERSITZ_NEU-1_SET-GEHAEUSE","ALUMINIUM",NA,       217.057,  -283.250E-03,       216.612,       13.8840,   18.0905E-03,  -1.92727E-03,            2.
D:/MoVerHu_Projekt/FE_Modell/FE-Abaqus-Model/Job-19.odb,Step-658,Increment      6: Step Time =    1.000,"LAGERSITZ_NEU-1",         13075,             6,         12790,      -106.184,       49.9674,      -22.3459,"ASSEMBLY_LAGERSITZ_NEU-1_SET-GEHAEUSE","ALUMINIUM",NA,       217.057,  -283.250E-03,       216.612,       13.8840,   18.0905E-03,  -1.92727E-03,            2.
D:/MoVerHu_Projekt/FE_Modell/FE-Abaqus-Model/Job-19.odb,Step-658,Increment      6: Step Time =    1.000,"LAGERSITZ_NEU-1",         13081,             6,         12791,      -103.184,       49.9674,      -22.3459,"ASSEMBLY_LAGERSITZ_NEU-1_SET-GEHAEUSE","ALUMINIUM",NA,       210.988,  -251.296E-03,       210.555,       13.5201,   11.3929E-03,  -2.49465E-03,            2.
D:/MoVerHu_Projekt/FE_Modell/FE-Abaqus-Model/Job-19.odb,Step-658,Increment      6: Step Time =    1.000,"LAGERSITZ_NEU-1",         13080,             6,         12791,      -103.184,       49.9674,      -22.3459,"ASSEMBLY_LAGERSITZ_NEU-1_SET-GEHAEUSE","ALUMINIUM",NA,       210.988,  -251.296E-03,       210.555,       13.5201,   11.3929E-03,  -2.49465E-03,            2.
D:/MoVerHu_Projekt/FE_Modell/FE-Abaqus-Model/Job-19.odb,Step-658,Increment      6: Step Time =    1.000,"LAGERSITZ_NEU-1",         13076,             6,         12791,      -103.184,       49.9674,      -22.3459,"ASSEMBLY_LAGERSITZ_NEU-1_SET-GEHAEUSE","ALUMINIUM",NA,       210.988,  -251.296E-03,       210.555,       13.5201,   11.3929E-03,  -2.49465E-03,            2.
D:/MoVerHu_Projekt/FE_Modell/FE-Abaqus-Model/Job-19.odb,Step-658,Increment      6: Step Time =    1.000,"LAGERSITZ_NEU-1",         13075,             6,         12791,      -103.184,       49.9674,      -22.3459,"ASSEMBLY_LAGERSITZ_NEU-1_SET-GEHAEUSE","ALUMINIUM",NA,       210.988,  -251.296E-03,       210.555,       13.5201,   11.3929E-03,  -2.49465E-03,            2.
D:/MoVerHu_Projekt/FE_Modell/FE-Abaqus-Model/Job-19.odb,Step-658,Increment      6: Step Time =    1.000,"LAGERSITZ_NEU-1",         13082,             6,         12792,      -100.184,       49.9674,      -22.3459,"ASSEMBLY_LAGERSITZ_NEU-1_SET-GEHAEUSE","ALUMINIUM",NA,       358.532,  -456.521E-03,       357.822,       22.5434,  -170.462E-06,  -732.930E-06,            2.
D:/MoVerHu_Projekt/FE_Modell/FE-Abaqus-Model/Job-19.odb,Step-658,Increment      6: Step Time =    1.000,"LAGERSITZ_NEU-1",         13076,             6,         12792,      -100.184,       49.9674,      -22.3459,"ASSEMBLY_LAGERSITZ_NEU-1_SET-GEHAEUSE","ALUMINIUM",NA,       358.532,  -456.521E-03,       357.822,       22.5434,  -170.462E-06,  -732.930E-06,            2.
D:/MoVerHu_Projekt/FE_Modell/FE-Abaqus-Model/Job-19.odb,Step-658,Increment      6: Step Time =    1.000,"LAGERSITZ_NEU-1",         13077,             6,         12792,      -100.184,       49.9674,      -22.3459,"ASSEMBLY_LAGERSITZ_NEU-1_SET-GEHAEUSE","ALUMINIUM",NA,       358.532,  -456.521E-03,       357.822,       22.5434,  -170.462E-06,  -732.930E-06,            2.
D:/MoVerHu_Projekt/FE_Modell/FE-Abaqus-Model/Job-19.odb,Step-658,Increment      6: Step Time =    1.000,"LAGERSITZ_NEU-1",         13081,             6,         12792,      -100.184,       49.9674,      -22.3459,"ASSEMBLY_LAGERSITZ_NEU-1_SET-GEHAEUSE","ALUMINIUM",NA,       358.532,  -456.521E-03,       357.822,       22.5434,  -170.462E-06,  -732.930E-06,            2.
D:/MoVerHu_Projekt/FE_Modell/FE-Abaqus-Model/Job-19.odb,Step-658,Increment      6: Step Time =    1.000,"LAGERSITZ_NEU-1",         13078,             6,         12793,      -109.184,       49.6783,      -19.0660,"ASSEMBLY_LAGERSITZ_NEU-1_SET-GEHAEUSE","ALUMINIUM",NA,       360.308,  -465.099E-03,       357.790,       42.5198,   809.578E-06,  -1.49592E-03,            2.
D:/MoVerHu_Projekt/FE_Modell/FE-Abaqus-Model/Job-19.odb,Step-658,Increment      6: Step Time =    1.000,"LAGERSITZ_NEU-1",         13079,             6,         12793,      -109.184,       49.6783,      -19.0660,"ASSEMBLY_LAGERSITZ_NEU-1_SET-GEHAEUSE","ALUMINIUM",NA,       360.308,  -465.099E-03,       357.790,       42.5198,   809.578E-06,  -1.49592E-03,            2.
D:/MoVerHu_Projekt/FE_Modell/FE-Abaqus-Model/Job-19.odb,Step-658,Increment      6: Step Time =    1.000,"LAGERSITZ_NEU-1",         13084,             6,         12793,      -109.184,       49.6783,      -19.0660,"ASSEMBLY_LAGERSITZ_NEU-1_SET-GEHAEUSE","ALUMINIUM",NA,       360.308,  -465.099E-03,       357.790,       42.5198,   809.578E-06,  -1.49592E-03,            2.
D:/MoVerHu_Projekt/FE_Modell/FE-Abaqus-Model/Job-19.odb,Step-658,Increment      6: Step Time =    1.000,"LAGERSITZ_NEU-1",         13083,             6,         12793,      -109.184,       49.6783,      -19.0660,"ASSEMBLY_LAGERSITZ_NEU-1_SET-GEHAEUSE","ALUMINIUM",NA,       360.308,  -465.099E-03,       357.790,       42.5198,   809.578E-06,  -1.49592E-03,            2.
D:/MoVerHu_Projekt/FE_Modell/FE-Abaqus-Model/Job-19.odb,Step-658,Increment      6: Step Time =    1.000,"LAGERSITZ_NEU-1",         13080,             6,         12794,      -106.184,       49.6783,      -19.0660,"ASSEMBLY_LAGERSITZ_NEU-1_SET-GEHAEUSE","ALUMINIUM",NA,       358.536,  -461.778E-03,       356.025,       42.3623,   508.409E-06,  -1.40401E-03,            2.
D:/MoVerHu_Projekt/FE_Modell/FE-Abaqus-Model/Job-19.odb,Step-658,Increment      6: Step Time =    1.000,"LAGERSITZ_NEU-1",         13084,             6,         12794,      -106.184,       49.6783,      -19.0660,"ASSEMBLY_LAGERSITZ_NEU-1_SET-GEHAEUSE","ALUMINIUM",NA,       358.536,  -461.778E-03,       356.025,       42.3623,   508.409E-06,  -1.40401E-03,            2.
D:/MoVerHu_Projekt/FE_Modell/FE-Abaqus-Model/Job-19.odb,Step-658,Increment      6: Step Time =    1.000,"LAGERSITZ_NEU-1",         13085,             6,         12794,      -106.184,       49.6783,      -19.0660,"ASSEMBLY_LAGERSITZ_NEU-1_SET-GEHAEUSE","ALUMINIUM",NA,       358.536,  -461.778E-03,       356.025,       42.3623,   508.409E-06,  -1.40401E-03,            2.
D:/MoVerHu_Projekt/FE_Modell/FE-Abaqus-Model/Job-19.odb,Step-658,Increment      6: Step Time =    1.000,"LAGERSITZ_NEU-1",         13079,             6,         12794,      -106.184,       49.6783,      -19.0660,"ASSEMBLY_LAGERSITZ_NEU-1_SET-GEHAEUSE","ALUMINIUM",NA,       358.536,  -461.778E-03,       356.025,       42.3623,   508.409E-06,  -1.40401E-03,            2.
D:/MoVerHu_Projekt/FE_Modell/FE-Abaqus-Model/Job-19.odb,Step-658,Increment      6: Step Time =    1.000,"LAGERSITZ_NEU-1",         13081,             6,         12795,      -103.184,       49.6783,      -19.0660,"ASSEMBLY_LAGERSITZ_NEU-1_SET-GEHAEUSE","ALUMINIUM",NA,       343.008,  -402.367E-03,       340.617,       40.4277,   124.311E-06,  -1.50057E-03,            2.
D:/MoVerHu_Projekt/FE_Modell/FE-Abaqus-Model/Job-19.odb,Step-658,Increment      6: Step Time =    1.000,"LAGERSITZ_NEU-1",         13085,             6,         12795,      -103.184,       49.6783,      -19.0660,"ASSEMBLY_LAGERSITZ_NEU-1_SET-GEHAEUSE","ALUMINIUM",NA,       343.008,  -402.367E-03,       340.617,       40.4277,   124.311E-06,  -1.50057E-03,            2.
D:/MoVerHu_Projekt/FE_Modell/FE-Abaqus-Model/Job-19.odb,Step-658,Increment      6: Step Time =    1.000,"LAGERSITZ_NEU-1",         13080,             6,         12795,      -103.184,       49.6783,      -19.0660,"ASSEMBLY_LAGERSITZ_NEU-1_SET-GEHAEUSE","ALUMINIUM",NA,       343.008,  -402.367E-03,       340.617,       40.4277,   124.311E-06,  -1.50057E-03,            2.
D:/MoVerHu_Projekt/FE_Modell/FE-Abaqus-Model/Job-19.odb,Step-658,Increment      6: Step Time =    1.000,"LAGERSITZ_NEU-1",         13086,             6,         12795,      -103.184,       49.6783,      -19.0660,"ASSEMBLY_LAGERSITZ_NEU-1_SET-GEHAEUSE","ALUMINIUM",NA,       343.008,  -402.367E-03,       340.617,       40.4277,   124.311E-06,  -1.50057E-03,            2.
D:/MoVerHu_Projekt/FE_Modell/FE-Abaqus-Model/Job-19.odb,Step-658,Increment      6: Step Time =    1.000,"LAGERSITZ_NEU-1",         13086,             6,         12796,      -100.184,       49.6783,      -19.0660,"ASSEMBLY_LAGERSITZ_NEU-1_SET-GEHAEUSE","ALUMINIUM",NA,       527.186,  -675.195E-03,       523.528,       61.9898,  -417.365E-06,  -1.21793E-03,            2.
D:/MoVerHu_Projekt/FE_Modell/FE-Abaqus-Model/Job-19.odb,Step-658,Increment      6: Step Time =    1.000,"LAGERSITZ_NEU-1",         13082,             6,         12796,      -100.184,       49.6783,      -19.0660,"ASSEMBLY_LAGERSITZ_NEU-1_SET-GEHAEUSE","ALUMINIUM",NA,       527.186,  -675.195E-03,       523.528,       61.9898,  -417.365E-06,  -1.21793E-03,            2.
D:/MoVerHu_Projekt/FE_Modell/FE-Abaqus-Model/Job-19.odb,Step-658,Increment      6: Step Time =    1.000,"LAGERSITZ_NEU-1",         13087,             6,         12796,      -100.184,       49.6783,      -19.0660,"ASSEMBLY_LAGERSITZ_NEU-1_SET-GEHAEUSE","ALUMINIUM",NA,       527.186,  -675.195E-03,       523.528,       61.9898,  -417.365E-06,  -1.21793E-03,            2.
D:/MoVerHu_Projekt/FE_Modell/FE-Abaqus-Model/Job-19.odb,Step-658,Increment      6: Step Time =    1.000,"LAGERSITZ_NEU-1",         13081,             6,         12796,      -100.184,       49.6783,      -19.0660,"ASSEMBLY_LAGERSITZ_NEU-1_SET-GEHAEUSE","ALUMINIUM",NA,       527.186,  -675.195E-03,       523.528,       61.9898,  -417.365E-06,  -1.21793E-03,            2.
D:/MoVerHu_Projekt/FE_Modell/FE-Abaqus-Model/Job-19.odb,Step-658,Increment      6: Step Time =    1.000,"LAGERSITZ_NEU-1",         13083,             6,         12797,      -109.184,       49.1934,      -15.8092,"ASSEMBLY_LAGERSITZ_NEU-1_SET-GEHAEUSE","ALUMINIUM",NA,       224.310,  -278.875E-03,       221.004,       38.3692,   22.2459E-03,  -23.3688E-03,            2.
D:/MoVerHu_Projekt/FE_Modell/FE-Abaqus-Model/Job-19.odb,Step-658,Increment      6: Step Time =    1.000,"LAGERSITZ_NEU-1",         13084,             6,         12797,      -109.184,       49.1934,      -15.8092,"ASSEMBLY_LAGERSITZ_NEU-1_SET-GEHAEUSE","ALUMINIUM",NA,       224.310,  -278.875E-03,       221.004,       38.3692,   22.2459E-03,  -23.3688E-03,            2.
D:/MoVerHu_Projekt/FE_Modell/FE-Abaqus-Model/Job-19.odb,Step-658,Increment      6: Step Time =    1.000,"LAGERSITZ_NEU-1",         13088,             6,         12797,      -109.184,       49.1934,      -15.8092,"ASSEMBLY_LAGERSITZ_NEU-1_SET-GEHAEUSE","ALUMINIUM",NA,       224.310,  -278.875E-03,       221.004,       38.3692,   22.2459E-03,  -23.3688E-03,            2.
D:/MoVerHu_Projekt/FE_Modell/FE-Abaqus-Model/Job-19.odb,Step-658,Increment      6: Step Time =    1.000,"LAGERSITZ_NEU-1",         13089,             6,         12797,      -109.184,       49.1934,      -15.8092,"ASSEMBLY_LAGERSITZ_NEU-1_SET-GEHAEUSE","ALUMINIUM",NA,       224.310,  -278.875E-03,       221.004,       38.3692,   22.2459E-03,  -23.3688E-03,            2.
D:/MoVerHu_Projekt/FE_Modell/FE-Abaqus-Model/Job-19.odb,Step-658,Increment      6: Step Time =    1.000,"LAGERSITZ_NEU-1",         13084,             6,         12798,      -106.184,       49.1934,      -15.8092,"ASSEMBLY_LAGERSITZ_NEU-1_SET-GEHAEUSE","ALUMINIUM",NA,       224.820,  -276.136E-03,       221.505,       38.4689,   10.1434E-03,  -10.5361E-03,            2.
D:/MoVerHu_Projekt/FE_Modell/FE-Abaqus-Model/Job-19.odb,Step-658,Increment      6: Step Time =    1.000,"LAGERSITZ_NEU-1",         13089,             6,         12798,      -106.184,       49.1934,      -15.8092,"ASSEMBLY_LAGERSITZ_NEU-1_SET-GEHAEUSE","ALUMINIUM",NA,       224.820,  -276.136E-03,       221.505,       38.4689,   10.1434E-03,  -10.5361E-03,            2.
D:/MoVerHu_Projekt/FE_Modell/FE-Abaqus-Model/Job-19.odb,Step-658,Increment      6: Step Time =    1.000,"LAGERSITZ_NEU-1",         13085,             6,         12798,      -106.184,       49.1934,      -15.8092,"ASSEMBLY_LAGERSITZ_NEU-1_SET-GEHAEUSE","ALUMINIUM",NA,       224.820,  -276.136E-03,       221.505,       38.4689,   10.1434E-03,  -10.5361E-03,            2.
D:/MoVerHu_Projekt/FE_Modell/FE-Abaqus-Model/Job-19.odb,Step-658,Increment      6: Step Time =    1.000,"LAGERSITZ_NEU-1",         13090,             6,         12798,      -106.184,       49.1934,      -15.8092,"ASSEMBLY_LAGERSITZ_NEU-1_SET-GEHAEUSE","ALUMINIUM",NA,       224.820,  -276.136E-03,       221.505,       38.4689,   10.1434E-03,  -10.5361E-03,            2.
D:/MoVerHu_Projekt/FE_Modell/FE-Abaqus-Model/Job-19.odb,Step-658,Increment      6: Step Time =    1.000,"LAGERSITZ_NEU-1",         13091,             6,         12799,      -103.184,       49.1934,      -15.8092,"ASSEMBLY_LAGERSITZ_NEU-1_SET-GEHAEUSE","ALUMINIUM",NA,       198.572,  -230.032E-03,       195.662,       33.8701,   10.4358E-03,  -20.6911E-03,            2.
D:/MoVerHu_Projekt/FE_Modell/FE-Abaqus-Model/Job-19.odb,Step-658,Increment      6: Step Time =    1.000,"LAGERSITZ_NEU-1",         13085,             6,         12799,      -103.184,       49.1934,      -15.8092,"ASSEMBLY_LAGERSITZ_NEU-1_SET-GEHAEUSE","ALUMINIUM",NA,       198.572,  -230.032E-03,       195.662,       33.8701,   10.4358E-03,  -20.6911E-03,            2.
D:/MoVerHu_Projekt/FE_Modell/FE-Abaqus-Model/Job-19.odb,Step-658,Increment      6: Step Time =    1.000,"LAGERSITZ_NEU-1",         13086,             6,         12799,      -103.184,       49.1934,      -15.8092,"ASSEMBLY_LAGERSITZ_NEU-1_SET-GEHAEUSE","ALUMINIUM",NA,       198.572,  -230.032E-03,       195.662,       33.8701,   10.4358E-03,  -20.6911E-03,            2.
D:/MoVerHu_Projekt/FE_Modell/FE-Abaqus-Model/Job-19.odb,Step-658,Increment      6: Step Time =    1.000,"LAGERSITZ_NEU-1",         13090,             6,         12799,      -103.184,       49.1934,      -15.8092,"ASSEMBLY_LAGERSITZ_NEU-1_SET-GEHAEUSE","ALUMINIUM",NA,       198.572,  -230.032E-03,       195.662,       33.8701,   10.4358E-03,  -20.6911E-03,            2.
D:/MoVerHu_Projekt/FE_Modell/FE-Abaqus-Model/Job-19.odb,Step-658,Increment      6: Step Time =    1.000,"LAGERSITZ_NEU-1",         13092,             6,         12800,      -100.184,       49.1934,      -15.8092,"ASSEMBLY_LAGERSITZ_NEU-1_SET-GEHAEUSE","ALUMINIUM",NA,       303.568,  -368.296E-03,       299.117,       51.7938,  -770.485E-06,  -1.30094E-03,            2.
D:/MoVerHu_Projekt/FE_Modell/FE-Abaqus-Model/Job-19.odb,Step-658,Increment      6: Step Time =    1.000,"LAGERSITZ_NEU-1",         13087,             6,         12800,      -100.184,       49.1934,      -15.8092,"ASSEMBLY_LAGERSITZ_NEU-1_SET-GEHAEUSE","ALUMINIUM",NA,       303.568,  -368.296E-03,       299.117,       51.7938,  -770.485E-06,  -1.30094E-03,            2.
D:/MoVerHu_Projekt/FE_Modell/FE-Abaqus-Model/Job-19.odb,Step-658,Increment      6: Step Time =    1.000,"LAGERSITZ_NEU-1",         13091,             6,         12800,      -100.184,       49.1934,      -15.8092,"ASSEMBLY_LAGERSITZ_NEU-1_SET-GEHAEUSE","ALUMINIUM",NA,       303.568,  -368.296E-03,       299.117,       51.7938,  -770.485E-06,  -1.30094E-03,            2.
D:/MoVerHu_Projekt/FE_Modell/FE-Abaqus-Model/Job-19.odb,Step-658,Increment      6: Step Time =    1.000,"LAGERSITZ_NEU-1",         13086,             6,         12800,      -100.184,       49.1934,      -15.8092,"ASSEMBLY_LAGERSITZ_NEU-1_SET-GEHAEUSE","ALUMINIUM",NA,       303.568,  -368.296E-03,       299.117,       51.7938,  -770.485E-06,  -1.30094E-03,            2.
D:/MoVerHu_Projekt/FE_Modell/FE-Abaqus-Model/Job-19.odb,Step-658,Increment      6: Step Time =    1.000,"LAGERSITZ_NEU-1",         13094,             6,         12801,      -109.184,       47.7074,      -9.62024,"ASSEMBLY_LAGERSITZ_NEU-1_SET-GEHAEUSE","ALUMINIUM",NA,       10.9859,  -11.5006E-03,       10.4219,       3.47480,   36.5775E-03,  -154.176E-03,       NoValue
D:/MoVerHu_Projekt/FE_Modell/FE-Abaqus-Model/Job-19.odb,Step-658,Increment      6: Step Time =    1.000,"LAGERSITZ_NEU-1",         13093,             6,         12801,      -109.184,       47.7074,      -9.62024,"ASSEMBLY_LAGERSITZ_NEU-1_SET-GEHAEUSE","ALUMINIUM",NA,       10.9859,  -11.5006E-03,       10.4219,       3.47480,   36.5775E-03,  -154.176E-03,       NoValue
D:/MoVerHu_Projekt/FE_Modell/FE-Abaqus-Model/Job-19.odb,Step-658,Increment      6: Step Time =    1.000,"LAGERSITZ_NEU-1",         13098,             6,         12801,      -109.184,       47.7074,      -9.62024,"ASSEMBLY_LAGERSITZ_NEU-1_SET-GEHAEUSE","ALUMINIUM",NA,       10.9859,  -11.5006E-03,       10.4219,       3.47480,   36.5775E-03,  -154.176E-03,       NoValue
D:/MoVerHu_Projekt/FE_Modell/FE-Abaqus-Model/Job-19.odb,Step-658,Increment      6: Step Time =    1.000,"LAGERSITZ_NEU-1",         13099,             6,         12801,      -109.184,       47.7074,      -9.62024,"ASSEMBLY_LAGERSITZ_NEU-1_SET-GEHAEUSE","ALUMINIUM",NA,       10.9859,  -11.5006E-03,       10.4219,       3.47480,   36.5775E-03,  -154.176E-03,       NoValue
D:/MoVerHu_Projekt/FE_Modell/FE-Abaqus-Model/Job-19.odb,Step-658,Increment      6: Step Time =    1.000,"LAGERSITZ_NEU-1",         13094,             6,         12802,      -106.184,       47.7074,      -9.62024,"ASSEMBLY_LAGERSITZ_NEU-1_SET-GEHAEUSE","ALUMINIUM",NA,       10.2822,  -10.1285E-03,       9.75406,       3.25308,   14.1879E-03,  -130.926E-03,       NoValue
D:/MoVerHu_Projekt/FE_Modell/FE-Abaqus-Model/Job-19.odb,Step-658,Increment      6: Step Time =    1.000,"LAGERSITZ_NEU-1",         13100,             6,         12802,      -106.184,       47.7074,      -9.62024,"ASSEMBLY_LAGERSITZ_NEU-1_SET-GEHAEUSE","ALUMINIUM",NA,       10.2822,  -10.1285E-03,       9.75406,       3.25308,   14.1879E-03,  -130.926E-03,       NoValue
D:/MoVerHu_Projekt/FE_Modell/FE-Abaqus-Model/Job-19.odb,Step-658,Increment      6: Step Time =    1.000,"LAGERSITZ_NEU-1",         13095,             6,         12802,      -106.184,       47.7074,      -9.62024,"ASSEMBLY_LAGERSITZ_NEU-1_SET-GEHAEUSE","ALUMINIUM",NA,       10.2822,  -10.1285E-03,       9.75406,       3.25308,   14.1879E-03,  -130.926E-03,       NoValue
D:/MoVerHu_Projekt/FE_Modell/FE-Abaqus-Model/Job-19.odb,Step-658,Increment      6: Step Time =    1.000,"LAGERSITZ_NEU-1",         13099,             6,         12802,      -106.184,       47.7074,      -9.62024,"ASSEMBLY_LAGERSITZ_NEU-1_SET-GEHAEUSE","ALUMINIUM",NA,       10.2822,  -10.1285E-03,       9.75406,       3.25308,   14.1879E-03,  -130.926E-03,       NoValue
D:/MoVerHu_Projekt/FE_Modell/FE-Abaqus-Model/Job-19.odb,Step-658,Increment      6: Step Time =    1.000,"LAGERSITZ_NEU-1",         13101,             6,         12803,      -103.184,       47.7074,      -9.62024,"ASSEMBLY_LAGERSITZ_NEU-1_SET-GEHAEUSE","ALUMINIUM",NA,       7.11723,  -6.52430E-03,       6.75139,       2.25249,  -7.40332E-03,  -97.8865E-03,       NoValue
D:/MoVerHu_Projekt/FE_Modell/FE-Abaqus-Model/Job-19.odb,Step-658,Increment      6: Step Time =    1.000,"LAGERSITZ_NEU-1",         13095,             6,         12803,      -103.184,       47.7074,      -9.62024,"ASSEMBLY_LAGERSITZ_NEU-1_SET-GEHAEUSE","ALUMINIUM",NA,       7.11723,  -6.52430E-03,       6.75139,       2.25249,  -7.40332E-03,  -97.8865E-03,       NoValue
D:/MoVerHu_Projekt/FE_Modell/FE-Abaqus-Model/Job-19.odb,Step-658,Increment      6: Step Time =    1.000,"LAGERSITZ_NEU-1",         13096,             6,         12803,      -103.184,       47.7074,      -9.62024,"ASSEMBLY_LAGERSITZ_NEU-1_SET-GEHAEUSE","ALUMINIUM",NA,       7.11723,  -6.52430E-03,       6.75139,       2.25249,  -7.40332E-03,  -97.8865E-03,       NoValue
D:/MoVerHu_Projekt/FE_Modell/FE-Abaqus-Model/Job-19.odb,Step-658,Increment      6: Step Time =    1.000,"LAGERSITZ_NEU-1",         13100,             6,         12803,      -103.184,       47.7074,      -9.62024,"ASSEMBLY_LAGERSITZ_NEU-1_SET-GEHAEUSE","ALUMINIUM",NA,       7.11723,  -6.52430E-03,       6.75139,       2.25249,  -7.40332E-03,  -97.8865E-03,       NoValue
D:/MoVerHu_Projekt/FE_Modell/FE-Abaqus-Model/Job-19.odb,Step-658,Increment      6: Step Time =    1.000,"LAGERSITZ_NEU-1",         13097,             6,         12804,      -100.184,       47.7074,      -9.62024,"ASSEMBLY_LAGERSITZ_NEU-1_SET-GEHAEUSE","ALUMINIUM",NA,       3.52061,  -2.98860E-03,       3.34372,       1.10191,  -3.37259E-15,  -515.242E-18,       NoValue
D:/MoVerHu_Projekt/FE_Modell/FE-Abaqus-Model/Job-19.odb,Step-658,Increment      6: Step Time =    1.000,"LAGERSITZ_NEU-1",         13096,             6,         12804,      -100.184,       47.7074,      -9.62024,"ASSEMBLY_LAGERSITZ_NEU-1_SET-GEHAEUSE","ALUMINIUM",NA,       3.52061,  -2.98860E-03,       3.34372,       1.10191,  -3.37259E-15,  -515.242E-18,       NoValue
D:/MoVerHu_Projekt/FE_Modell/FE-Abaqus-Model/Job-19.odb,Step-658,Increment      6: Step Time =    1.000,"LAGERSITZ_NEU-1",         13101,             6,         12804,      -100.184,       47.7074,      -9.62024,"ASSEMBLY_LAGERSITZ_NEU-1_SET-GEHAEUSE","ALUMINIUM",NA,       3.52061,  -2.98860E-03,       3.34372,       1.10191,  -3.37259E-15,  -515.242E-18,       NoValue
D:/MoVerHu_Projekt/FE_Modell/FE-Abaqus-Model/Job-19.odb,Step-658,Increment      6: Step Time =    1.000,"LAGERSITZ_NEU-1",         13102,             6,         12804,      -100.184,       47.7074,      -9.62024,"ASSEMBLY_LAGERSITZ_NEU-1_SET-GEHAEUSE","ALUMINIUM",NA,       3.52061,  -2.98860E-03,       3.34372,       1.10191,  -3.37259E-15,  -515.242E-18,       NoValue
D:/MoVerHu_Projekt/FE_Modell/FE-Abaqus-Model/Job-19.odb,Step-658,Increment      6: Step Time =    1.000,"LAGERSITZ_NEU-1",         13098,             6,         12805,      -109.184,       46.7358,      -6.70289,"ASSEMBLY_LAGERSITZ_NEU-1_SET-GEHAEUSE","ALUMINIUM",NA,       79.5039,  -79.6257E-03,       74.5552,       27.6113,  -40.7927E-03,  -156.178E-03,            2.
D:/MoVerHu_Projekt/FE_Modell/FE-Abaqus-Model/Job-19.odb,Step-658,Increment      6: Step Time =    1.000,"LAGERSITZ_NEU-1",         13099,             6,         12805,      -109.184,       46.7358,      -6.70289,"ASSEMBLY_LAGERSITZ_NEU-1_SET-GEHAEUSE","ALUMINIUM",NA,       79.5039,  -79.6257E-03,       74.5552,       27.6113,  -40.7927E-03,  -156.178E-03,            2.
D:/MoVerHu_Projekt/FE_Modell/FE-Abaqus-Model/Job-19.odb,Step-658,Increment      6: Step Time =    1.000,"LAGERSITZ_NEU-1",         13099,             6,         12806,      -106.184,       46.7358,      -6.70289,"ASSEMBLY_LAGERSITZ_NEU-1_SET-GEHAEUSE","ALUMINIUM",NA,       74.8081,  -69.6916E-03,       70.1465,       25.9944,  -56.9388E-03,  -150.292E-03,            2.
D:/MoVerHu_Projekt/FE_Modell/FE-Abaqus-Model/Job-19.odb,Step-658,Increment      6: Step Time =    1.000,"LAGERSITZ_NEU-1",         13100,             6,         12806,      -106.184,       46.7358,      -6.70289,"ASSEMBLY_LAGERSITZ_NEU-1_SET-GEHAEUSE","ALUMINIUM",NA,       74.8081,  -69.6916E-03,       70.1465,       25.9944,  -56.9388E-03,  -150.292E-03,            2.
D:/MoVerHu_Projekt/FE_Modell/FE-Abaqus-Model/Job-19.odb,Step-658,Increment      6: Step Time =    1.000,"LAGERSITZ_NEU-1",         13100,             6,         12807,      -103.184,       46.7358,      -6.70289,"ASSEMBLY_LAGERSITZ_NEU-1_SET-GEHAEUSE","ALUMINIUM",NA,       53.3649,  -45.8947E-03,       50.0251,       18.5822,  -74.1942E-03,  -162.623E-03,            2.
D:/MoVerHu_Projekt/FE_Modell/FE-Abaqus-Model/Job-19.odb,Step-658,Increment      6: Step Time =    1.000,"LAGERSITZ_NEU-1",         13101,             6,         12807,      -103.184,       46.7358,      -6.70289,"ASSEMBLY_LAGERSITZ_NEU-1_SET-GEHAEUSE","ALUMINIUM",NA,       53.3649,  -45.8947E-03,       50.0251,       18.5822,  -74.1942E-03,  -162.623E-03,            2.
D:/MoVerHu_Projekt/FE_Modell/FE-Abaqus-Model/Job-19.odb,Step-658,Increment      6: Step Time =    1.000,"LAGERSITZ_NEU-1",         13101,             6,         12808,      -100.184,       46.7358,      -6.70289,"ASSEMBLY_LAGERSITZ_NEU-1_SET-GEHAEUSE","ALUMINIUM",NA,       24.9784,  -19.6137E-03,       23.4114,       8.70780,  -98.9825E-03,  -173.980E-03,            2.
D:/MoVerHu_Projekt/FE_Modell/FE-Abaqus-Model/Job-19.odb,Step-658,Increment      6: Step Time =    1.000,"LAGERSITZ_NEU-1",         13102,             6,         12808,      -100.184,       46.7358,      -6.70289,"ASSEMBLY_LAGERSITZ_NEU-1_SET-GEHAEUSE","ALUMINIUM",NA,       24.9784,  -19.6137E-03,       23.4114,       8.70780,  -98.9825E-03,  -173.980E-03,            2.
