ODB Name,Step,Frame,Part Instance Name, Element Label,         Facet,    Node Label,X,Y,Z,Section Name,Material Name,Section Point,CNORMF-Magnitude,CNORMF-CNORMF1,CNORMF-CNORMF2,CNORMF-CNORMF3,        CSLIP1,        CSLIP2,       CSTATUS
D:/MoVerHu_Projekt/FE_Modell/FE-Abaqus-Model/Job-19.odb,Step-163,Increment      6: Step Time =    1.000,"LAGERSITZ_NEU-1",          4291,             4,            93,      -122.384,      -58.3947,      -38.4800,"ASSEMBLY_LAGERSITZ_NEU-1_SET-GEHAEUSE","ALUMINIUM",NA,            0.,            0.,            0.,            0.,  -427.989E-18,   819.032E-18,       NoValue
D:/MoVerHu_Projekt/FE_Modell/FE-Abaqus-Model/Job-19.odb,Step-163,Increment      6: Step Time =    1.000,"LAGERSITZ_NEU-1",          4288,             4,            93,      -122.384,      -58.3947,      -38.4800,"ASSEMBLY_LAGERSITZ_NEU-1_SET-GEHAEUSE","ALUMINIUM",NA,            0.,            0.,            0.,            0.,  -427.989E-18,   819.032E-18,       NoValue
D:/MoVerHu_Projekt/FE_Modell/FE-Abaqus-Model/Job-19.odb,Step-163,Increment      6: Step Time =    1.000,"LAGERSITZ_NEU-1",          4333,             4,            94,      -122.384,      -36.2804,      -70.7309,"ASSEMBLY_LAGERSITZ_NEU-1_SET-GEHAEUSE","ALUMINIUM",NA,            0.,            0.,            0.,            0.,   2.15113E-15,   2.45643E-15,       NoValue
D:/MoVerHu_Projekt/FE_Modell/FE-Abaqus-Model/Job-19.odb,Step-163,Increment      6: Step Time =    1.000,"LAGERSITZ_NEU-1",          4336,             4,            94,      -122.384,      -36.2804,      -70.7309,"ASSEMBLY_LAGERSITZ_NEU-1_SET-GEHAEUSE","ALUMINIUM",NA,            0.,            0.,            0.,            0.,   2.15113E-15,   2.45643E-15,       NoValue
D:/MoVerHu_Projekt/FE_Modell/FE-Abaqus-Model/Job-19.odb,Step-163,Increment      6: Step Time =    1.000,"LAGERSITZ_NEU-1",          4276,             4,            96,      -122.384,      -59.9400,      -25.4301,"ASSEMBLY_LAGERSITZ_NEU-1_SET-GEHAEUSE","ALUMINIUM",NA,            0.,            0.,            0.,            0.,   2.26166E-15,  -2.13895E-15,       NoValue
D:/MoVerHu_Projekt/FE_Modell/FE-Abaqus-Model/Job-19.odb,Step-163,Increment      6: Step Time =    1.000,"LAGERSITZ_NEU-1",          4279,             4,            96,      -122.384,      -59.9400,      -25.4301,"ASSEMBLY_LAGERSITZ_NEU-1_SET-GEHAEUSE","ALUMINIUM",NA,            0.,            0.,            0.,            0.,   2.26166E-15,  -2.13895E-15,       NoValue
D:/MoVerHu_Projekt/FE_Modell/FE-Abaqus-Model/Job-19.odb,Step-163,Increment      6: Step Time =    1.000,"LAGERSITZ_NEU-1",          4264,             4,            98,      -122.384,      -58.3456,      -12.3861,"ASSEMBLY_LAGERSITZ_NEU-1_SET-GEHAEUSE","ALUMINIUM",NA,            0.,            0.,            0.,            0.,   3.82586E-15,  -1.44050E-15,       NoValue
D:/MoVerHu_Projekt/FE_Modell/FE-Abaqus-Model/Job-19.odb,Step-163,Increment      6: Step Time =    1.000,"LAGERSITZ_NEU-1",          4261,             4,            98,      -122.384,      -58.3456,      -12.3861,"ASSEMBLY_LAGERSITZ_NEU-1_SET-GEHAEUSE","ALUMINIUM",NA,            0.,            0.,            0.,            0.,   3.82586E-15,  -1.44050E-15,       NoValue
D:/MoVerHu_Projekt/FE_Modell/FE-Abaqus-Model/Job-19.odb,Step-163,Increment      6: Step Time =    1.000,"LAGERSITZ_NEU-1",          4219,             4,           100,      -122.384,      -36.1099,       19.7813,"ASSEMBLY_LAGERSITZ_NEU-1_SET-GEHAEUSE","ALUMINIUM",NA,            0.,            0.,            0.,            0.,   2.22819E-15,  -328.133E-18,       NoValue
D:/MoVerHu_Projekt/FE_Modell/FE-Abaqus-Model/Job-19.odb,Step-163,Increment      6: Step Time =    1.000,"LAGERSITZ_NEU-1",          4216,             4,           100,      -122.384,      -36.1099,       19.7813,"ASSEMBLY_LAGERSITZ_NEU-1_SET-GEHAEUSE","ALUMINIUM",NA,            0.,            0.,            0.,            0.,   2.22819E-15,  -328.133E-18,       NoValue
D:/MoVerHu_Projekt/FE_Modell/FE-Abaqus-Model/Job-19.odb,Step-163,Increment      6: Step Time =    1.000,"LAGERSITZ_NEU-1",          4180,             4,           102,      -122.384,      -4.83654,       29.4662,"ASSEMBLY_LAGERSITZ_NEU-1_SET-GEHAEUSE","ALUMINIUM",NA,            0.,            0.,            0.,            0.,   2.24174E-15,   235.965E-18,       NoValue
D:/MoVerHu_Projekt/FE_Modell/FE-Abaqus-Model/Job-19.odb,Step-163,Increment      6: Step Time =    1.000,"LAGERSITZ_NEU-1",          4183,             4,           102,      -122.384,      -4.83654,       29.4662,"ASSEMBLY_LAGERSITZ_NEU-1_SET-GEHAEUSE","ALUMINIUM",NA,            0.,            0.,            0.,            0.,   2.24174E-15,   235.965E-18,       NoValue
D:/MoVerHu_Projekt/FE_Modell/FE-Abaqus-Model/Job-19.odb,Step-163,Increment      6: Step Time =    1.000,"LAGERSITZ_NEU-1",          4147,             4,           104,      -122.384,       26.4002,       19.6635,"ASSEMBLY_LAGERSITZ_NEU-1_SET-GEHAEUSE","ALUMINIUM",NA,       7.11271,  -1.44705E-03,       3.89107,       5.95401,   764.680E-03,   650.290E-03,       NoValue
D:/MoVerHu_Projekt/FE_Modell/FE-Abaqus-Model/Job-19.odb,Step-163,Increment      6: Step Time =    1.000,"LAGERSITZ_NEU-1",          4150,             4,           104,      -122.384,       26.4002,       19.6635,"ASSEMBLY_LAGERSITZ_NEU-1_SET-GEHAEUSE","ALUMINIUM",NA,       7.11271,  -1.44705E-03,       3.89107,       5.95401,   764.680E-03,   650.290E-03,       NoValue
D:/MoVerHu_Projekt/FE_Modell/FE-Abaqus-Model/Job-19.odb,Step-163,Increment      6: Step Time =    1.000,"LAGERSITZ_NEU-1",          4111,             4,           106,      -122.384,       48.5145,      -12.5873,"ASSEMBLY_LAGERSITZ_NEU-1_SET-GEHAEUSE","ALUMINIUM",NA,       30.4545,  -99.1997E-03,       29.7383,       6.56478,  -2.21007E-15,  -539.951E-18,       NoValue
D:/MoVerHu_Projekt/FE_Modell/FE-Abaqus-Model/Job-19.odb,Step-163,Increment      6: Step Time =    1.000,"LAGERSITZ_NEU-1",          4108,             4,           106,      -122.384,       48.5145,      -12.5873,"ASSEMBLY_LAGERSITZ_NEU-1_SET-GEHAEUSE","ALUMINIUM",NA,       30.4545,  -99.1997E-03,       29.7383,       6.56478,  -2.21007E-15,  -539.951E-18,       NoValue
D:/MoVerHu_Projekt/FE_Modell/FE-Abaqus-Model/Job-19.odb,Step-163,Increment      6: Step Time =    1.000,"LAGERSITZ_NEU-1",          4441,             4,           108,      -122.384,       48.4653,      -38.6813,"ASSEMBLY_LAGERSITZ_NEU-1_SET-GEHAEUSE","ALUMINIUM",NA,       114.657,  -452.618E-03,       111.235,      -27.7989,   134.051E-03,   12.7807E-03,            2.
D:/MoVerHu_Projekt/FE_Modell/FE-Abaqus-Model/Job-19.odb,Step-163,Increment      6: Step Time =    1.000,"LAGERSITZ_NEU-1",          4444,             4,           108,      -122.384,       48.4653,      -38.6813,"ASSEMBLY_LAGERSITZ_NEU-1_SET-GEHAEUSE","ALUMINIUM",NA,       114.657,  -452.618E-03,       111.235,      -27.7989,   134.051E-03,   12.7807E-03,            2.
D:/MoVerHu_Projekt/FE_Modell/FE-Abaqus-Model/Job-19.odb,Step-163,Increment      6: Step Time =    1.000,"LAGERSITZ_NEU-1",          4099,             4,           109,      -122.384,       50.0598,      -25.6373,"ASSEMBLY_LAGERSITZ_NEU-1_SET-GEHAEUSE","ALUMINIUM",NA,       76.2600,  -287.660E-03,       76.2545,   875.628E-03,   86.4165E-03,  -53.8707E-03,            2.
D:/MoVerHu_Projekt/FE_Modell/FE-Abaqus-Model/Job-19.odb,Step-163,Increment      6: Step Time =    1.000,"LAGERSITZ_NEU-1",          4456,             4,           109,      -122.384,       50.0598,      -25.6373,"ASSEMBLY_LAGERSITZ_NEU-1_SET-GEHAEUSE","ALUMINIUM",NA,       76.2600,  -287.660E-03,       76.2545,   875.628E-03,   86.4165E-03,  -53.8707E-03,            2.
D:/MoVerHu_Projekt/FE_Modell/FE-Abaqus-Model/Job-19.odb,Step-163,Increment      6: Step Time =    1.000,"LAGERSITZ_NEU-1",          4372,             4,           112,      -122.384,      -5.04373,      -80.5336,"ASSEMBLY_LAGERSITZ_NEU-1_SET-GEHAEUSE","ALUMINIUM",NA,            0.,            0.,            0.,            0.,   1.82799E-15,  -96.5117E-18,       NoValue
D:/MoVerHu_Projekt/FE_Modell/FE-Abaqus-Model/Job-19.odb,Step-163,Increment      6: Step Time =    1.000,"LAGERSITZ_NEU-1",          4369,             4,           112,      -122.384,      -5.04373,      -80.5336,"ASSEMBLY_LAGERSITZ_NEU-1_SET-GEHAEUSE","ALUMINIUM",NA,            0.,            0.,            0.,            0.,   1.82799E-15,  -96.5117E-18,       NoValue
D:/MoVerHu_Projekt/FE_Modell/FE-Abaqus-Model/Job-19.odb,Step-163,Increment      6: Step Time =    1.000,"LAGERSITZ_NEU-1",          4405,             4,           119,      -122.384,       26.2297,      -70.8486,"ASSEMBLY_LAGERSITZ_NEU-1_SET-GEHAEUSE","ALUMINIUM",NA,       7.63867,  -14.1657E-03,       4.15028,      -6.41282,   5.32111E-15,  -292.662E-18,       NoValue
D:/MoVerHu_Projekt/FE_Modell/FE-Abaqus-Model/Job-19.odb,Step-163,Increment      6: Step Time =    1.000,"LAGERSITZ_NEU-1",          4402,             4,           119,      -122.384,       26.2297,      -70.8486,"ASSEMBLY_LAGERSITZ_NEU-1_SET-GEHAEUSE","ALUMINIUM",NA,       7.63867,  -14.1657E-03,       4.15028,      -6.41282,   5.32111E-15,  -292.662E-18,       NoValue
D:/MoVerHu_Projekt/FE_Modell/FE-Abaqus-Model/Job-19.odb,Step-163,Increment      6: Step Time =    1.000,"LAGERSITZ_NEU-1",         12927,             3,           183,      -97.1837,      -5.04844,      -83.0336,"ASSEMBLY_LAGERSITZ_NEU-1_SET-GEHAEUSE","ALUMINIUM",NA,            0.,            0.,            0.,            0.,  -8.87139E-15,   505.363E-18,       NoValue
D:/MoVerHu_Projekt/FE_Modell/FE-Abaqus-Model/Job-19.odb,Step-163,Increment      6: Step Time =    1.000,"LAGERSITZ_NEU-1",         12932,             3,           183,      -97.1837,      -5.04844,      -83.0336,"ASSEMBLY_LAGERSITZ_NEU-1_SET-GEHAEUSE","ALUMINIUM",NA,            0.,            0.,            0.,            0.,  -8.87139E-15,   505.363E-18,       NoValue
D:/MoVerHu_Projekt/FE_Modell/FE-Abaqus-Model/Job-19.odb,Step-163,Increment      6: Step Time =    1.000,"LAGERSITZ_NEU-1",         12987,             3,           189,      -97.1837,       27.6465,      -72.9084,"ASSEMBLY_LAGERSITZ_NEU-1_SET-GEHAEUSE","ALUMINIUM",NA,            0.,            0.,            0.,            0.,   5.58163E-15,   3.35895E-15,       NoValue
D:/MoVerHu_Projekt/FE_Modell/FE-Abaqus-Model/Job-19.odb,Step-163,Increment      6: Step Time =    1.000,"LAGERSITZ_NEU-1",         12982,             3,           189,      -97.1837,       27.6465,      -72.9084,"ASSEMBLY_LAGERSITZ_NEU-1_SET-GEHAEUSE","ALUMINIUM",NA,            0.,            0.,            0.,            0.,   5.58163E-15,   3.35895E-15,       NoValue
D:/MoVerHu_Projekt/FE_Modell/FE-Abaqus-Model/Job-19.odb,Step-163,Increment      6: Step Time =    1.000,"LAGERSITZ_NEU-1",         13047,             3,           201,      -97.1837,       50.8928,      -39.2789,"ASSEMBLY_LAGERSITZ_NEU-1_SET-GEHAEUSE","ALUMINIUM",NA,       50.9619,       50.9617,   171.686E-03,  -28.3392E-03,  -359.225E-06,  -324.472E-06,       NoValue
D:/MoVerHu_Projekt/FE_Modell/FE-Abaqus-Model/Job-19.odb,Step-163,Increment      6: Step Time =    1.000,"LAGERSITZ_NEU-1",         13052,             3,           201,      -97.1837,       50.8928,      -39.2789,"ASSEMBLY_LAGERSITZ_NEU-1_SET-GEHAEUSE","ALUMINIUM",NA,       50.9619,       50.9617,   171.686E-03,  -28.3392E-03,  -359.225E-06,  -324.472E-06,       NoValue
D:/MoVerHu_Projekt/FE_Modell/FE-Abaqus-Model/Job-19.odb,Step-163,Increment      6: Step Time =    1.000,"LAGERSITZ_NEU-1",         13092,             3,           221,      -97.1837,       50.9442,      -11.9989,"ASSEMBLY_LAGERSITZ_NEU-1_SET-GEHAEUSE","ALUMINIUM",NA,       110.802,       110.801,   399.217E-03,   19.4242E-03,  -836.799E-18,  -787.170E-18,       NoValue
D:/MoVerHu_Projekt/FE_Modell/FE-Abaqus-Model/Job-19.odb,Step-163,Increment      6: Step Time =    1.000,"LAGERSITZ_NEU-1",         13097,             3,           221,      -97.1837,       50.9442,      -11.9989,"ASSEMBLY_LAGERSITZ_NEU-1_SET-GEHAEUSE","ALUMINIUM",NA,       110.802,       110.801,   399.217E-03,   19.4242E-03,  -836.799E-18,  -787.170E-18,       NoValue
D:/MoVerHu_Projekt/FE_Modell/FE-Abaqus-Model/Job-19.odb,Step-163,Increment      6: Step Time =    1.000,"LAGERSITZ_NEU-1",         13157,             3,           227,      -97.1837,       27.8247,       21.7179,"ASSEMBLY_LAGERSITZ_NEU-1_SET-GEHAEUSE","ALUMINIUM",NA,            0.,            0.,            0.,            0.,  -178.910E-18,   2.18181E-15,       NoValue
D:/MoVerHu_Projekt/FE_Modell/FE-Abaqus-Model/Job-19.odb,Step-163,Increment      6: Step Time =    1.000,"LAGERSITZ_NEU-1",         13162,             3,           227,      -97.1837,       27.8247,       21.7179,"ASSEMBLY_LAGERSITZ_NEU-1_SET-GEHAEUSE","ALUMINIUM",NA,            0.,            0.,            0.,            0.,  -178.910E-18,   2.18181E-15,       NoValue
D:/MoVerHu_Projekt/FE_Modell/FE-Abaqus-Model/Job-19.odb,Step-163,Increment      6: Step Time =    1.000,"LAGERSITZ_NEU-1",          4101,             4,           228,      -112.184,       50.0598,      -25.6373,"ASSEMBLY_LAGERSITZ_NEU-1_SET-GEHAEUSE","ALUMINIUM",NA,       347.831,      -1.19070,       347.821,       2.36464,   98.9168E-03,  -26.7015E-03,            2.
D:/MoVerHu_Projekt/FE_Modell/FE-Abaqus-Model/Job-19.odb,Step-163,Increment      6: Step Time =    1.000,"LAGERSITZ_NEU-1",          4458,             4,           228,      -112.184,       50.0598,      -25.6373,"ASSEMBLY_LAGERSITZ_NEU-1_SET-GEHAEUSE","ALUMINIUM",NA,       347.831,      -1.19070,       347.821,       2.36464,   98.9168E-03,  -26.7015E-03,            2.
D:/MoVerHu_Projekt/FE_Modell/FE-Abaqus-Model/Job-19.odb,Step-163,Increment      6: Step Time =    1.000,"LAGERSITZ_NEU-1",         13073,             6,           228,      -112.184,       50.0598,      -25.6373,"ASSEMBLY_LAGERSITZ_NEU-1_SET-GEHAEUSE","ALUMINIUM",NA,       347.831,      -1.19070,       347.821,       2.36464,   98.9168E-03,  -26.7015E-03,            2.
D:/MoVerHu_Projekt/FE_Modell/FE-Abaqus-Model/Job-19.odb,Step-163,Increment      6: Step Time =    1.000,"LAGERSITZ_NEU-1",         13068,             6,           228,      -112.184,       50.0598,      -25.6373,"ASSEMBLY_LAGERSITZ_NEU-1_SET-GEHAEUSE","ALUMINIUM",NA,       347.831,      -1.19070,       347.821,       2.36464,   98.9168E-03,  -26.7015E-03,            2.
D:/MoVerHu_Projekt/FE_Modell/FE-Abaqus-Model/Job-19.odb,Step-163,Increment      6: Step Time =    1.000,"LAGERSITZ_NEU-1",          4113,             4,           230,      -112.184,       48.5145,      -12.5873,"ASSEMBLY_LAGERSITZ_NEU-1_SET-GEHAEUSE","ALUMINIUM",NA,       264.776,  -778.379E-03,       257.696,       60.8146,   37.1693E-03,  -73.0624E-03,            2.
D:/MoVerHu_Projekt/FE_Modell/FE-Abaqus-Model/Job-19.odb,Step-163,Increment      6: Step Time =    1.000,"LAGERSITZ_NEU-1",          4110,             4,           230,      -112.184,       48.5145,      -12.5873,"ASSEMBLY_LAGERSITZ_NEU-1_SET-GEHAEUSE","ALUMINIUM",NA,       264.776,  -778.379E-03,       257.696,       60.8146,   37.1693E-03,  -73.0624E-03,            2.
D:/MoVerHu_Projekt/FE_Modell/FE-Abaqus-Model/Job-19.odb,Step-163,Increment      6: Step Time =    1.000,"LAGERSITZ_NEU-1",         13093,             6,           230,      -112.184,       48.5145,      -12.5873,"ASSEMBLY_LAGERSITZ_NEU-1_SET-GEHAEUSE","ALUMINIUM",NA,       264.776,  -778.379E-03,       257.696,       60.8146,   37.1693E-03,  -73.0624E-03,            2.
D:/MoVerHu_Projekt/FE_Modell/FE-Abaqus-Model/Job-19.odb,Step-163,Increment      6: Step Time =    1.000,"LAGERSITZ_NEU-1",         13088,             6,           230,      -112.184,       48.5145,      -12.5873,"ASSEMBLY_LAGERSITZ_NEU-1_SET-GEHAEUSE","ALUMINIUM",NA,       264.776,  -778.379E-03,       257.696,       60.8146,   37.1693E-03,  -73.0624E-03,            2.
D:/MoVerHu_Projekt/FE_Modell/FE-Abaqus-Model/Job-19.odb,Step-163,Increment      6: Step Time =    1.000,"LAGERSITZ_NEU-1",         13158,             6,           231,      -112.184,       26.4002,       19.6635,"ASSEMBLY_LAGERSITZ_NEU-1_SET-GEHAEUSE","ALUMINIUM",NA,            0.,            0.,            0.,            0.,  -416.347E-18,   993.433E-18,       NoValue
D:/MoVerHu_Projekt/FE_Modell/FE-Abaqus-Model/Job-19.odb,Step-163,Increment      6: Step Time =    1.000,"LAGERSITZ_NEU-1",         13153,             6,           231,      -112.184,       26.4002,       19.6635,"ASSEMBLY_LAGERSITZ_NEU-1_SET-GEHAEUSE","ALUMINIUM",NA,            0.,            0.,            0.,            0.,  -416.347E-18,   993.433E-18,       NoValue
D:/MoVerHu_Projekt/FE_Modell/FE-Abaqus-Model/Job-19.odb,Step-163,Increment      6: Step Time =    1.000,"LAGERSITZ_NEU-1",          4149,             4,           231,      -112.184,       26.4002,       19.6635,"ASSEMBLY_LAGERSITZ_NEU-1_SET-GEHAEUSE","ALUMINIUM",NA,            0.,            0.,            0.,            0.,  -416.347E-18,   993.433E-18,       NoValue
D:/MoVerHu_Projekt/FE_Modell/FE-Abaqus-Model/Job-19.odb,Step-163,Increment      6: Step Time =    1.000,"LAGERSITZ_NEU-1",          4152,             4,           231,      -112.184,       26.4002,       19.6635,"ASSEMBLY_LAGERSITZ_NEU-1_SET-GEHAEUSE","ALUMINIUM",NA,            0.,            0.,            0.,            0.,  -416.347E-18,   993.433E-18,       NoValue
D:/MoVerHu_Projekt/FE_Modell/FE-Abaqus-Model/Job-19.odb,Step-163,Increment      6: Step Time =    1.000,"LAGERSITZ_NEU-1",         13213,             6,           232,      -112.184,      -4.83654,       29.4662,"ASSEMBLY_LAGERSITZ_NEU-1_SET-GEHAEUSE","ALUMINIUM",NA,            0.,            0.,            0.,            0.,  -1.63727E-15,   336.448E-18,       NoValue
D:/MoVerHu_Projekt/FE_Modell/FE-Abaqus-Model/Job-19.odb,Step-163,Increment      6: Step Time =    1.000,"LAGERSITZ_NEU-1",          4185,             4,           232,      -112.184,      -4.83654,       29.4662,"ASSEMBLY_LAGERSITZ_NEU-1_SET-GEHAEUSE","ALUMINIUM",NA,            0.,            0.,            0.,            0.,  -1.63727E-15,   336.448E-18,       NoValue
D:/MoVerHu_Projekt/FE_Modell/FE-Abaqus-Model/Job-19.odb,Step-163,Increment      6: Step Time =    1.000,"LAGERSITZ_NEU-1",         13208,             6,           232,      -112.184,      -4.83654,       29.4662,"ASSEMBLY_LAGERSITZ_NEU-1_SET-GEHAEUSE","ALUMINIUM",NA,            0.,            0.,            0.,            0.,  -1.63727E-15,   336.448E-18,       NoValue
D:/MoVerHu_Projekt/FE_Modell/FE-Abaqus-Model/Job-19.odb,Step-163,Increment      6: Step Time =    1.000,"LAGERSITZ_NEU-1",          4182,             4,           232,      -112.184,      -4.83654,       29.4662,"ASSEMBLY_LAGERSITZ_NEU-1_SET-GEHAEUSE","ALUMINIUM",NA,            0.,            0.,            0.,            0.,  -1.63727E-15,   336.448E-18,       NoValue
D:/MoVerHu_Projekt/FE_Modell/FE-Abaqus-Model/Job-19.odb,Step-163,Increment      6: Step Time =    1.000,"LAGERSITZ_NEU-1",          4221,             4,           234,      -112.184,      -36.1099,       19.7813,"ASSEMBLY_LAGERSITZ_NEU-1_SET-GEHAEUSE","ALUMINIUM",NA,            0.,            0.,            0.,            0.,   3.60553E-15,  -834.540E-18,       NoValue
D:/MoVerHu_Projekt/FE_Modell/FE-Abaqus-Model/Job-19.odb,Step-163,Increment      6: Step Time =    1.000,"LAGERSITZ_NEU-1",         13273,             6,           234,      -112.184,      -36.1099,       19.7813,"ASSEMBLY_LAGERSITZ_NEU-1_SET-GEHAEUSE","ALUMINIUM",NA,            0.,            0.,            0.,            0.,   3.60553E-15,  -834.540E-18,       NoValue
D:/MoVerHu_Projekt/FE_Modell/FE-Abaqus-Model/Job-19.odb,Step-163,Increment      6: Step Time =    1.000,"LAGERSITZ_NEU-1",          4218,             4,           234,      -112.184,      -36.1099,       19.7813,"ASSEMBLY_LAGERSITZ_NEU-1_SET-GEHAEUSE","ALUMINIUM",NA,            0.,            0.,            0.,            0.,   3.60553E-15,  -834.540E-18,       NoValue
D:/MoVerHu_Projekt/FE_Modell/FE-Abaqus-Model/Job-19.odb,Step-163,Increment      6: Step Time =    1.000,"LAGERSITZ_NEU-1",         13268,             6,           234,      -112.184,      -36.1099,       19.7813,"ASSEMBLY_LAGERSITZ_NEU-1_SET-GEHAEUSE","ALUMINIUM",NA,            0.,            0.,            0.,            0.,   3.60553E-15,  -834.540E-18,       NoValue
D:/MoVerHu_Projekt/FE_Modell/FE-Abaqus-Model/Job-19.odb,Step-163,Increment      6: Step Time =    1.000,"LAGERSITZ_NEU-1",         13343,             6,           236,      -112.184,      -58.3456,      -12.3861,"ASSEMBLY_LAGERSITZ_NEU-1_SET-GEHAEUSE","ALUMINIUM",NA,            0.,            0.,            0.,            0.,  -1.05806E-15,   361.743E-18,       NoValue
D:/MoVerHu_Projekt/FE_Modell/FE-Abaqus-Model/Job-19.odb,Step-163,Increment      6: Step Time =    1.000,"LAGERSITZ_NEU-1",          4266,             4,           236,      -112.184,      -58.3456,      -12.3861,"ASSEMBLY_LAGERSITZ_NEU-1_SET-GEHAEUSE","ALUMINIUM",NA,            0.,            0.,            0.,            0.,  -1.05806E-15,   361.743E-18,       NoValue
D:/MoVerHu_Projekt/FE_Modell/FE-Abaqus-Model/Job-19.odb,Step-163,Increment      6: Step Time =    1.000,"LAGERSITZ_NEU-1",          4263,             4,           236,      -112.184,      -58.3456,      -12.3861,"ASSEMBLY_LAGERSITZ_NEU-1_SET-GEHAEUSE","ALUMINIUM",NA,            0.,            0.,            0.,            0.,  -1.05806E-15,   361.743E-18,       NoValue
D:/MoVerHu_Projekt/FE_Modell/FE-Abaqus-Model/Job-19.odb,Step-163,Increment      6: Step Time =    1.000,"LAGERSITZ_NEU-1",         13348,             6,           236,      -112.184,      -58.3456,      -12.3861,"ASSEMBLY_LAGERSITZ_NEU-1_SET-GEHAEUSE","ALUMINIUM",NA,            0.,            0.,            0.,            0.,  -1.05806E-15,   361.743E-18,       NoValue
D:/MoVerHu_Projekt/FE_Modell/FE-Abaqus-Model/Job-19.odb,Step-163,Increment      6: Step Time =    1.000,"LAGERSITZ_NEU-1",          4281,             4,           239,      -112.184,      -59.9400,      -25.4301,"ASSEMBLY_LAGERSITZ_NEU-1_SET-GEHAEUSE","ALUMINIUM",NA,            0.,            0.,            0.,            0.,  -1.89075E-15,  -2.03079E-15,       NoValue
D:/MoVerHu_Projekt/FE_Modell/FE-Abaqus-Model/Job-19.odb,Step-163,Increment      6: Step Time =    1.000,"LAGERSITZ_NEU-1",         13368,             6,           239,      -112.184,      -59.9400,      -25.4301,"ASSEMBLY_LAGERSITZ_NEU-1_SET-GEHAEUSE","ALUMINIUM",NA,            0.,            0.,            0.,            0.,  -1.89075E-15,  -2.03079E-15,       NoValue
D:/MoVerHu_Projekt/FE_Modell/FE-Abaqus-Model/Job-19.odb,Step-163,Increment      6: Step Time =    1.000,"LAGERSITZ_NEU-1",          4278,             4,           239,      -112.184,      -59.9400,      -25.4301,"ASSEMBLY_LAGERSITZ_NEU-1_SET-GEHAEUSE","ALUMINIUM",NA,            0.,            0.,            0.,            0.,  -1.89075E-15,  -2.03079E-15,       NoValue
D:/MoVerHu_Projekt/FE_Modell/FE-Abaqus-Model/Job-19.odb,Step-163,Increment      6: Step Time =    1.000,"LAGERSITZ_NEU-1",         12773,             6,           239,      -112.184,      -59.9400,      -25.4301,"ASSEMBLY_LAGERSITZ_NEU-1_SET-GEHAEUSE","ALUMINIUM",NA,            0.,            0.,            0.,            0.,  -1.89075E-15,  -2.03079E-15,       NoValue
D:/MoVerHu_Projekt/FE_Modell/FE-Abaqus-Model/Job-19.odb,Step-163,Increment      6: Step Time =    1.000,"LAGERSITZ_NEU-1",         12788,             6,           240,      -112.184,      -58.3947,      -38.4800,"ASSEMBLY_LAGERSITZ_NEU-1_SET-GEHAEUSE","ALUMINIUM",NA,            0.,            0.,            0.,            0.,  -1.88170E-15,  -261.317E-18,       NoValue
D:/MoVerHu_Projekt/FE_Modell/FE-Abaqus-Model/Job-19.odb,Step-163,Increment      6: Step Time =    1.000,"LAGERSITZ_NEU-1",         12793,             6,           240,      -112.184,      -58.3947,      -38.4800,"ASSEMBLY_LAGERSITZ_NEU-1_SET-GEHAEUSE","ALUMINIUM",NA,            0.,            0.,            0.,            0.,  -1.88170E-15,  -261.317E-18,       NoValue
D:/MoVerHu_Projekt/FE_Modell/FE-Abaqus-Model/Job-19.odb,Step-163,Increment      6: Step Time =    1.000,"LAGERSITZ_NEU-1",          4293,             4,           240,      -112.184,      -58.3947,      -38.4800,"ASSEMBLY_LAGERSITZ_NEU-1_SET-GEHAEUSE","ALUMINIUM",NA,            0.,            0.,            0.,            0.,  -1.88170E-15,  -261.317E-18,       NoValue
D:/MoVerHu_Projekt/FE_Modell/FE-Abaqus-Model/Job-19.odb,Step-163,Increment      6: Step Time =    1.000,"LAGERSITZ_NEU-1",          4290,             4,           240,      -112.184,      -58.3947,      -38.4800,"ASSEMBLY_LAGERSITZ_NEU-1_SET-GEHAEUSE","ALUMINIUM",NA,            0.,            0.,            0.,            0.,  -1.88170E-15,  -261.317E-18,       NoValue
D:/MoVerHu_Projekt/FE_Modell/FE-Abaqus-Model/Job-19.odb,Step-163,Increment      6: Step Time =    1.000,"LAGERSITZ_NEU-1",          4338,             4,           243,      -112.184,      -36.2804,      -70.7309,"ASSEMBLY_LAGERSITZ_NEU-1_SET-GEHAEUSE","ALUMINIUM",NA,            0.,            0.,            0.,            0.,  -50.8747E-18,   4.82957E-15,       NoValue
D:/MoVerHu_Projekt/FE_Modell/FE-Abaqus-Model/Job-19.odb,Step-163,Increment      6: Step Time =    1.000,"LAGERSITZ_NEU-1",         12863,             6,           243,      -112.184,      -36.2804,      -70.7309,"ASSEMBLY_LAGERSITZ_NEU-1_SET-GEHAEUSE","ALUMINIUM",NA,            0.,            0.,            0.,            0.,  -50.8747E-18,   4.82957E-15,       NoValue
D:/MoVerHu_Projekt/FE_Modell/FE-Abaqus-Model/Job-19.odb,Step-163,Increment      6: Step Time =    1.000,"LAGERSITZ_NEU-1",          4335,             4,           243,      -112.184,      -36.2804,      -70.7309,"ASSEMBLY_LAGERSITZ_NEU-1_SET-GEHAEUSE","ALUMINIUM",NA,            0.,            0.,            0.,            0.,  -50.8747E-18,   4.82957E-15,       NoValue
D:/MoVerHu_Projekt/FE_Modell/FE-Abaqus-Model/Job-19.odb,Step-163,Increment      6: Step Time =    1.000,"LAGERSITZ_NEU-1",         12868,             6,           243,      -112.184,      -36.2804,      -70.7309,"ASSEMBLY_LAGERSITZ_NEU-1_SET-GEHAEUSE","ALUMINIUM",NA,            0.,            0.,            0.,            0.,  -50.8747E-18,   4.82957E-15,       NoValue
D:/MoVerHu_Projekt/FE_Modell/FE-Abaqus-Model/Job-19.odb,Step-163,Increment      6: Step Time =    1.000,"LAGERSITZ_NEU-1",          4374,             4,           244,      -112.184,      -5.04373,      -80.5336,"ASSEMBLY_LAGERSITZ_NEU-1_SET-GEHAEUSE","ALUMINIUM",NA,            0.,            0.,            0.,            0.,  -969.245E-18,  -79.6192E-18,       NoValue
D:/MoVerHu_Projekt/FE_Modell/FE-Abaqus-Model/Job-19.odb,Step-163,Increment      6: Step Time =    1.000,"LAGERSITZ_NEU-1",         12928,             6,           244,      -112.184,      -5.04373,      -80.5336,"ASSEMBLY_LAGERSITZ_NEU-1_SET-GEHAEUSE","ALUMINIUM",NA,            0.,            0.,            0.,            0.,  -969.245E-18,  -79.6192E-18,       NoValue
D:/MoVerHu_Projekt/FE_Modell/FE-Abaqus-Model/Job-19.odb,Step-163,Increment      6: Step Time =    1.000,"LAGERSITZ_NEU-1",         12923,             6,           244,      -112.184,      -5.04373,      -80.5336,"ASSEMBLY_LAGERSITZ_NEU-1_SET-GEHAEUSE","ALUMINIUM",NA,            0.,            0.,            0.,            0.,  -969.245E-18,  -79.6192E-18,       NoValue
D:/MoVerHu_Projekt/FE_Modell/FE-Abaqus-Model/Job-19.odb,Step-163,Increment      6: Step Time =    1.000,"LAGERSITZ_NEU-1",          4371,             4,           244,      -112.184,      -5.04373,      -80.5336,"ASSEMBLY_LAGERSITZ_NEU-1_SET-GEHAEUSE","ALUMINIUM",NA,            0.,            0.,            0.,            0.,  -969.245E-18,  -79.6192E-18,       NoValue
D:/MoVerHu_Projekt/FE_Modell/FE-Abaqus-Model/Job-19.odb,Step-163,Increment      6: Step Time =    1.000,"LAGERSITZ_NEU-1",         12978,             6,           245,      -112.184,       26.2297,      -70.8486,"ASSEMBLY_LAGERSITZ_NEU-1_SET-GEHAEUSE","ALUMINIUM",NA,       15.5630,  -23.1873E-03,       8.44341,      -13.0735,  -1.34395E-15,   1.34658E-15,       NoValue
D:/MoVerHu_Projekt/FE_Modell/FE-Abaqus-Model/Job-19.odb,Step-163,Increment      6: Step Time =    1.000,"LAGERSITZ_NEU-1",          4407,             4,           245,      -112.184,       26.2297,      -70.8486,"ASSEMBLY_LAGERSITZ_NEU-1_SET-GEHAEUSE","ALUMINIUM",NA,       15.5630,  -23.1873E-03,       8.44341,      -13.0735,  -1.34395E-15,   1.34658E-15,       NoValue
D:/MoVerHu_Projekt/FE_Modell/FE-Abaqus-Model/Job-19.odb,Step-163,Increment      6: Step Time =    1.000,"LAGERSITZ_NEU-1",          4404,             4,           245,      -112.184,       26.2297,      -70.8486,"ASSEMBLY_LAGERSITZ_NEU-1_SET-GEHAEUSE","ALUMINIUM",NA,       15.5630,  -23.1873E-03,       8.44341,      -13.0735,  -1.34395E-15,   1.34658E-15,       NoValue
D:/MoVerHu_Projekt/FE_Modell/FE-Abaqus-Model/Job-19.odb,Step-163,Increment      6: Step Time =    1.000,"LAGERSITZ_NEU-1",         12983,             6,           245,      -112.184,       26.2297,      -70.8486,"ASSEMBLY_LAGERSITZ_NEU-1_SET-GEHAEUSE","ALUMINIUM",NA,       15.5630,  -23.1873E-03,       8.44341,      -13.0735,  -1.34395E-15,   1.34658E-15,       NoValue
D:/MoVerHu_Projekt/FE_Modell/FE-Abaqus-Model/Job-19.odb,Step-163,Increment      6: Step Time =    1.000,"LAGERSITZ_NEU-1",          4443,             4,           246,      -112.184,       48.4653,      -38.6813,"ASSEMBLY_LAGERSITZ_NEU-1_SET-GEHAEUSE","ALUMINIUM",NA,       375.672,      -1.32777,       364.448,      -91.1317,   45.9874E-03,   16.0515E-03,            2.
D:/MoVerHu_Projekt/FE_Modell/FE-Abaqus-Model/Job-19.odb,Step-163,Increment      6: Step Time =    1.000,"LAGERSITZ_NEU-1",          4446,             4,           246,      -112.184,       48.4653,      -38.6813,"ASSEMBLY_LAGERSITZ_NEU-1_SET-GEHAEUSE","ALUMINIUM",NA,       375.672,      -1.32777,       364.448,      -91.1317,   45.9874E-03,   16.0515E-03,            2.
D:/MoVerHu_Projekt/FE_Modell/FE-Abaqus-Model/Job-19.odb,Step-163,Increment      6: Step Time =    1.000,"LAGERSITZ_NEU-1",         13048,             6,           246,      -112.184,       48.4653,      -38.6813,"ASSEMBLY_LAGERSITZ_NEU-1_SET-GEHAEUSE","ALUMINIUM",NA,       375.672,      -1.32777,       364.448,      -91.1317,   45.9874E-03,   16.0515E-03,            2.
D:/MoVerHu_Projekt/FE_Modell/FE-Abaqus-Model/Job-19.odb,Step-163,Increment      6: Step Time =    1.000,"LAGERSITZ_NEU-1",         13043,             6,           246,      -112.184,       48.4653,      -38.6813,"ASSEMBLY_LAGERSITZ_NEU-1_SET-GEHAEUSE","ALUMINIUM",NA,       375.672,      -1.32777,       364.448,      -91.1317,   45.9874E-03,   16.0515E-03,            2.
D:/MoVerHu_Projekt/FE_Modell/FE-Abaqus-Model/Job-19.odb,Step-163,Increment      6: Step Time =    1.000,"LAGERSITZ_NEU-1",         12797,             3,           249,      -97.1837,      -60.8245,      -39.0685,"ASSEMBLY_LAGERSITZ_NEU-1_SET-GEHAEUSE","ALUMINIUM",NA,       90.4652,       90.4652,  -28.2849E-03,  -20.0198E-03,   2.36082E-15,  -711.696E-18,       NoValue
D:/MoVerHu_Projekt/FE_Modell/FE-Abaqus-Model/Job-19.odb,Step-163,Increment      6: Step Time =    1.000,"LAGERSITZ_NEU-1",         12792,             3,           249,      -97.1837,      -60.8245,      -39.0685,"ASSEMBLY_LAGERSITZ_NEU-1_SET-GEHAEUSE","ALUMINIUM",NA,       90.4652,       90.4652,  -28.2849E-03,  -20.0198E-03,   2.36082E-15,  -711.696E-18,       NoValue
D:/MoVerHu_Projekt/FE_Modell/FE-Abaqus-Model/Job-19.odb,Step-163,Increment      6: Step Time =    1.000,"LAGERSITZ_NEU-1",         12867,             3,           252,      -97.1837,      -37.7050,      -72.7853,"ASSEMBLY_LAGERSITZ_NEU-1_SET-GEHAEUSE","ALUMINIUM",NA,            0.,            0.,            0.,            0.,  -1.58687E-15,   430.135E-18,       NoValue
D:/MoVerHu_Projekt/FE_Modell/FE-Abaqus-Model/Job-19.odb,Step-163,Increment      6: Step Time =    1.000,"LAGERSITZ_NEU-1",         12872,             3,           252,      -97.1837,      -37.7050,      -72.7853,"ASSEMBLY_LAGERSITZ_NEU-1_SET-GEHAEUSE","ALUMINIUM",NA,            0.,            0.,            0.,            0.,  -1.58687E-15,   430.135E-18,       NoValue
D:/MoVerHu_Projekt/FE_Modell/FE-Abaqus-Model/Job-19.odb,Step-163,Increment      6: Step Time =    1.000,"LAGERSITZ_NEU-1",         13347,             3,           285,      -97.1837,      -60.7731,      -11.7884,"ASSEMBLY_LAGERSITZ_NEU-1_SET-GEHAEUSE","ALUMINIUM",NA,       37.4571,       37.4571,  -6.64826E-03,   11.6375E-03,   496.853E-18,   4.31426E-15,       NoValue
D:/MoVerHu_Projekt/FE_Modell/FE-Abaqus-Model/Job-19.odb,Step-163,Increment      6: Step Time =    1.000,"LAGERSITZ_NEU-1",         13352,             3,           285,      -97.1837,      -60.7731,      -11.7884,"ASSEMBLY_LAGERSITZ_NEU-1_SET-GEHAEUSE","ALUMINIUM",NA,       37.4571,       37.4571,  -6.64826E-03,   11.6375E-03,   496.853E-18,   4.31426E-15,       NoValue
D:/MoVerHu_Projekt/FE_Modell/FE-Abaqus-Model/Job-19.odb,Step-163,Increment      6: Step Time =    1.000,"LAGERSITZ_NEU-1",         13277,             3,           286,      -97.1837,      -37.5267,       21.8410,"ASSEMBLY_LAGERSITZ_NEU-1_SET-GEHAEUSE","ALUMINIUM",NA,            0.,            0.,            0.,            0.,  -1.16042E-15,   1.19822E-15,       NoValue
D:/MoVerHu_Projekt/FE_Modell/FE-Abaqus-Model/Job-19.odb,Step-163,Increment      6: Step Time =    1.000,"LAGERSITZ_NEU-1",         13272,             3,           286,      -97.1837,      -37.5267,       21.8410,"ASSEMBLY_LAGERSITZ_NEU-1_SET-GEHAEUSE","ALUMINIUM",NA,            0.,            0.,            0.,            0.,  -1.16042E-15,   1.19822E-15,       NoValue
D:/MoVerHu_Projekt/FE_Modell/FE-Abaqus-Model/Job-19.odb,Step-163,Increment      6: Step Time =    1.000,"LAGERSITZ_NEU-1",         13217,             3,           289,      -97.1837,      -4.83183,       31.9662,"ASSEMBLY_LAGERSITZ_NEU-1_SET-GEHAEUSE","ALUMINIUM",NA,            0.,            0.,            0.,            0.,   885.143E-18,  -314.802E-18,       NoValue
D:/MoVerHu_Projekt/FE_Modell/FE-Abaqus-Model/Job-19.odb,Step-163,Increment      6: Step Time =    1.000,"LAGERSITZ_NEU-1",         13212,             3,           289,      -97.1837,      -4.83183,       31.9662,"ASSEMBLY_LAGERSITZ_NEU-1_SET-GEHAEUSE","ALUMINIUM",NA,            0.,            0.,            0.,            0.,   885.143E-18,  -314.802E-18,       NoValue
D:/MoVerHu_Projekt/FE_Modell/FE-Abaqus-Model/Job-19.odb,Step-163,Increment      6: Step Time =    1.000,"LAGERSITZ_NEU-1",         13372,             3,           361,      -97.1837,      -62.4400,      -25.4254,"ASSEMBLY_LAGERSITZ_NEU-1_SET-GEHAEUSE","ALUMINIUM",NA,       39.2925,       39.2925,  -10.6812E-03,  -276.566E-06,  -3.59790E-15,   979.152E-18,       NoValue
D:/MoVerHu_Projekt/FE_Modell/FE-Abaqus-Model/Job-19.odb,Step-163,Increment      6: Step Time =    1.000,"LAGERSITZ_NEU-1",         12777,             3,           361,      -97.1837,      -62.4400,      -25.4254,"ASSEMBLY_LAGERSITZ_NEU-1_SET-GEHAEUSE","ALUMINIUM",NA,       39.2925,       39.2925,  -10.6812E-03,  -276.566E-06,  -3.59790E-15,   979.152E-18,       NoValue
D:/MoVerHu_Projekt/FE_Modell/FE-Abaqus-Model/Job-19.odb,Step-163,Increment      6: Step Time =    1.000,"LAGERSITZ_NEU-1",         12777,             6,           362,      -97.1837,      -59.9400,      -25.4301,"ASSEMBLY_LAGERSITZ_NEU-1_SET-GEHAEUSE","ALUMINIUM",NA,       3.90725,  -637.071E-06,      -3.90571,  -109.803E-03,   653.826E-06,  -326.739E-06,       NoValue
D:/MoVerHu_Projekt/FE_Modell/FE-Abaqus-Model/Job-19.odb,Step-163,Increment      6: Step Time =    1.000,"LAGERSITZ_NEU-1",         13372,             6,           362,      -97.1837,      -59.9400,      -25.4301,"ASSEMBLY_LAGERSITZ_NEU-1_SET-GEHAEUSE","ALUMINIUM",NA,       3.90725,  -637.071E-06,      -3.90571,  -109.803E-03,   653.826E-06,  -326.739E-06,       NoValue
D:/MoVerHu_Projekt/FE_Modell/FE-Abaqus-Model/Job-19.odb,Step-163,Increment      6: Step Time =    1.000,"LAGERSITZ_NEU-1",         12777,             3,           362,      -97.1837,      -59.9400,      -25.4301,"ASSEMBLY_LAGERSITZ_NEU-1_SET-GEHAEUSE","ALUMINIUM",NA,       3.90725,  -637.071E-06,      -3.90571,  -109.803E-03,  -2.27694E-15,   88.2427E-18,       NoValue
D:/MoVerHu_Projekt/FE_Modell/FE-Abaqus-Model/Job-19.odb,Step-163,Increment      6: Step Time =    1.000,"LAGERSITZ_NEU-1",         13372,             3,           362,      -97.1837,      -59.9400,      -25.4301,"ASSEMBLY_LAGERSITZ_NEU-1_SET-GEHAEUSE","ALUMINIUM",NA,       3.90725,  -637.071E-06,      -3.90571,  -109.803E-03,  -2.27694E-15,   88.2427E-18,       NoValue
D:/MoVerHu_Projekt/FE_Modell/FE-Abaqus-Model/Job-19.odb,Step-163,Increment      6: Step Time =    1.000,"LAGERSITZ_NEU-1",         12797,             6,           363,      -97.1837,      -58.3947,      -38.4800,"ASSEMBLY_LAGERSITZ_NEU-1_SET-GEHAEUSE","ALUMINIUM",NA,            0.,            0.,            0.,            0.,  -14.0435E-15,  -1.70684E-15,       NoValue
D:/MoVerHu_Projekt/FE_Modell/FE-Abaqus-Model/Job-19.odb,Step-163,Increment      6: Step Time =    1.000,"LAGERSITZ_NEU-1",         12792,             3,           363,      -97.1837,      -58.3947,      -38.4800,"ASSEMBLY_LAGERSITZ_NEU-1_SET-GEHAEUSE","ALUMINIUM",NA,            0.,            0.,            0.,            0.,  -267.413E-18,   1.32037E-15,       NoValue
D:/MoVerHu_Projekt/FE_Modell/FE-Abaqus-Model/Job-19.odb,Step-163,Increment      6: Step Time =    1.000,"LAGERSITZ_NEU-1",         12797,             3,           363,      -97.1837,      -58.3947,      -38.4800,"ASSEMBLY_LAGERSITZ_NEU-1_SET-GEHAEUSE","ALUMINIUM",NA,            0.,            0.,            0.,            0.,  -267.413E-18,   1.32037E-15,       NoValue
D:/MoVerHu_Projekt/FE_Modell/FE-Abaqus-Model/Job-19.odb,Step-163,Increment      6: Step Time =    1.000,"LAGERSITZ_NEU-1",         12792,             6,           363,      -97.1837,      -58.3947,      -38.4800,"ASSEMBLY_LAGERSITZ_NEU-1_SET-GEHAEUSE","ALUMINIUM",NA,            0.,            0.,            0.,            0.,  -14.0435E-15,  -1.70684E-15,       NoValue
D:/MoVerHu_Projekt/FE_Modell/FE-Abaqus-Model/Job-19.odb,Step-163,Increment      6: Step Time =    1.000,"LAGERSITZ_NEU-1",         12872,             6,           364,      -97.1837,      -36.2804,      -70.7309,"ASSEMBLY_LAGERSITZ_NEU-1_SET-GEHAEUSE","ALUMINIUM",NA,            0.,            0.,            0.,            0.,  -7.89554E-15,   5.92765E-15,       NoValue
D:/MoVerHu_Projekt/FE_Modell/FE-Abaqus-Model/Job-19.odb,Step-163,Increment      6: Step Time =    1.000,"LAGERSITZ_NEU-1",         12867,             6,           364,      -97.1837,      -36.2804,      -70.7309,"ASSEMBLY_LAGERSITZ_NEU-1_SET-GEHAEUSE","ALUMINIUM",NA,            0.,            0.,            0.,            0.,  -7.89554E-15,   5.92765E-15,       NoValue
D:/MoVerHu_Projekt/FE_Modell/FE-Abaqus-Model/Job-19.odb,Step-163,Increment      6: Step Time =    1.000,"LAGERSITZ_NEU-1",         12867,             3,           364,      -97.1837,      -36.2804,      -70.7309,"ASSEMBLY_LAGERSITZ_NEU-1_SET-GEHAEUSE","ALUMINIUM",NA,            0.,            0.,            0.,            0.,   1.57283E-15,   15.3509E-18,       NoValue
D:/MoVerHu_Projekt/FE_Modell/FE-Abaqus-Model/Job-19.odb,Step-163,Increment      6: Step Time =    1.000,"LAGERSITZ_NEU-1",         12872,             3,           364,      -97.1837,      -36.2804,      -70.7309,"ASSEMBLY_LAGERSITZ_NEU-1_SET-GEHAEUSE","ALUMINIUM",NA,            0.,            0.,            0.,            0.,   1.57283E-15,   15.3509E-18,       NoValue
D:/MoVerHu_Projekt/FE_Modell/FE-Abaqus-Model/Job-19.odb,Step-163,Increment      6: Step Time =    1.000,"LAGERSITZ_NEU-1",         12927,             6,           365,      -97.1837,      -5.04373,      -80.5336,"ASSEMBLY_LAGERSITZ_NEU-1_SET-GEHAEUSE","ALUMINIUM",NA,            0.,            0.,            0.,            0.,  -8.65188E-15,   122.826E-18,       NoValue
D:/MoVerHu_Projekt/FE_Modell/FE-Abaqus-Model/Job-19.odb,Step-163,Increment      6: Step Time =    1.000,"LAGERSITZ_NEU-1",         12932,             3,           365,      -97.1837,      -5.04373,      -80.5336,"ASSEMBLY_LAGERSITZ_NEU-1_SET-GEHAEUSE","ALUMINIUM",NA,            0.,            0.,            0.,            0.,  -3.24674E-15,   614.530E-18,       NoValue
D:/MoVerHu_Projekt/FE_Modell/FE-Abaqus-Model/Job-19.odb,Step-163,Increment      6: Step Time =    1.000,"LAGERSITZ_NEU-1",         12927,             3,           365,      -97.1837,      -5.04373,      -80.5336,"ASSEMBLY_LAGERSITZ_NEU-1_SET-GEHAEUSE","ALUMINIUM",NA,            0.,            0.,            0.,            0.,  -3.24674E-15,   614.530E-18,       NoValue
D:/MoVerHu_Projekt/FE_Modell/FE-Abaqus-Model/Job-19.odb,Step-163,Increment      6: Step Time =    1.000,"LAGERSITZ_NEU-1",         12932,             6,           365,      -97.1837,      -5.04373,      -80.5336,"ASSEMBLY_LAGERSITZ_NEU-1_SET-GEHAEUSE","ALUMINIUM",NA,            0.,            0.,            0.,            0.,  -8.65188E-15,   122.826E-18,       NoValue
D:/MoVerHu_Projekt/FE_Modell/FE-Abaqus-Model/Job-19.odb,Step-163,Increment      6: Step Time =    1.000,"LAGERSITZ_NEU-1",         12982,             3,           366,      -97.1837,       26.2297,      -70.8486,"ASSEMBLY_LAGERSITZ_NEU-1_SET-GEHAEUSE","ALUMINIUM",NA,            0.,            0.,            0.,            0.,   4.74451E-15,   3.34828E-15,       NoValue
D:/MoVerHu_Projekt/FE_Modell/FE-Abaqus-Model/Job-19.odb,Step-163,Increment      6: Step Time =    1.000,"LAGERSITZ_NEU-1",         12987,             6,           366,      -97.1837,       26.2297,      -70.8486,"ASSEMBLY_LAGERSITZ_NEU-1_SET-GEHAEUSE","ALUMINIUM",NA,            0.,            0.,            0.,            0.,  -8.69009E-15,   647.238E-18,       NoValue
D:/MoVerHu_Projekt/FE_Modell/FE-Abaqus-Model/Job-19.odb,Step-163,Increment      6: Step Time =    1.000,"LAGERSITZ_NEU-1",         12982,             6,           366,      -97.1837,       26.2297,      -70.8486,"ASSEMBLY_LAGERSITZ_NEU-1_SET-GEHAEUSE","ALUMINIUM",NA,            0.,            0.,            0.,            0.,  -8.69009E-15,   647.238E-18,       NoValue
D:/MoVerHu_Projekt/FE_Modell/FE-Abaqus-Model/Job-19.odb,Step-163,Increment      6: Step Time =    1.000,"LAGERSITZ_NEU-1",         12987,             3,           366,      -97.1837,       26.2297,      -70.8486,"ASSEMBLY_LAGERSITZ_NEU-1_SET-GEHAEUSE","ALUMINIUM",NA,            0.,            0.,            0.,            0.,   4.74451E-15,   3.34828E-15,       NoValue
D:/MoVerHu_Projekt/FE_Modell/FE-Abaqus-Model/Job-19.odb,Step-163,Increment      6: Step Time =    1.000,"LAGERSITZ_NEU-1",         13052,             6,           367,      -97.1837,       48.4653,      -38.6813,"ASSEMBLY_LAGERSITZ_NEU-1_SET-GEHAEUSE","ALUMINIUM",NA,       9.22230,  -359.268E-03,       8.94871,      -2.20052,  -7.77291E-15,  -1.20267E-15,       NoValue
D:/MoVerHu_Projekt/FE_Modell/FE-Abaqus-Model/Job-19.odb,Step-163,Increment      6: Step Time =    1.000,"LAGERSITZ_NEU-1",         13052,             3,           367,      -97.1837,       48.4653,      -38.6813,"ASSEMBLY_LAGERSITZ_NEU-1_SET-GEHAEUSE","ALUMINIUM",NA,       9.22230,  -359.268E-03,       8.94871,      -2.20052,  -16.8072E-03,  -4.85703E-03,       NoValue
D:/MoVerHu_Projekt/FE_Modell/FE-Abaqus-Model/Job-19.odb,Step-163,Increment      6: Step Time =    1.000,"LAGERSITZ_NEU-1",         13047,             3,           367,      -97.1837,       48.4653,      -38.6813,"ASSEMBLY_LAGERSITZ_NEU-1_SET-GEHAEUSE","ALUMINIUM",NA,       9.22230,  -359.268E-03,       8.94871,      -2.20052,  -16.8072E-03,  -4.85703E-03,       NoValue
D:/MoVerHu_Projekt/FE_Modell/FE-Abaqus-Model/Job-19.odb,Step-163,Increment      6: Step Time =    1.000,"LAGERSITZ_NEU-1",         13047,             6,           367,      -97.1837,       48.4653,      -38.6813,"ASSEMBLY_LAGERSITZ_NEU-1_SET-GEHAEUSE","ALUMINIUM",NA,       9.22230,  -359.268E-03,       8.94871,      -2.20052,  -7.77291E-15,  -1.20267E-15,       NoValue
D:/MoVerHu_Projekt/FE_Modell/FE-Abaqus-Model/Job-19.odb,Step-163,Increment      6: Step Time =    1.000,"LAGERSITZ_NEU-1",         13077,             3,           368,      -97.1837,       50.0598,      -25.6373,"ASSEMBLY_LAGERSITZ_NEU-1_SET-GEHAEUSE","ALUMINIUM",NA,       117.356,      -9.75887,       116.942,       1.33617,   4.90988E-03,   4.93341E-03,            2.
D:/MoVerHu_Projekt/FE_Modell/FE-Abaqus-Model/Job-19.odb,Step-163,Increment      6: Step Time =    1.000,"LAGERSITZ_NEU-1",         13072,             6,           368,      -97.1837,       50.0598,      -25.6373,"ASSEMBLY_LAGERSITZ_NEU-1_SET-GEHAEUSE","ALUMINIUM",NA,       117.356,      -9.75887,       116.942,       1.33617,  -117.549E-06,  -1.15364E-03,            2.
D:/MoVerHu_Projekt/FE_Modell/FE-Abaqus-Model/Job-19.odb,Step-163,Increment      6: Step Time =    1.000,"LAGERSITZ_NEU-1",         13077,             6,           368,      -97.1837,       50.0598,      -25.6373,"ASSEMBLY_LAGERSITZ_NEU-1_SET-GEHAEUSE","ALUMINIUM",NA,       117.356,      -9.75887,       116.942,       1.33617,  -117.549E-06,  -1.15364E-03,            2.
D:/MoVerHu_Projekt/FE_Modell/FE-Abaqus-Model/Job-19.odb,Step-163,Increment      6: Step Time =    1.000,"LAGERSITZ_NEU-1",         13072,             3,           368,      -97.1837,       50.0598,      -25.6373,"ASSEMBLY_LAGERSITZ_NEU-1_SET-GEHAEUSE","ALUMINIUM",NA,       117.356,      -9.75887,       116.942,       1.33617,   4.90988E-03,   4.93341E-03,            2.
D:/MoVerHu_Projekt/FE_Modell/FE-Abaqus-Model/Job-19.odb,Step-163,Increment      6: Step Time =    1.000,"LAGERSITZ_NEU-1",         13072,             3,           369,      -97.1837,       52.5598,      -25.6420,"ASSEMBLY_LAGERSITZ_NEU-1_SET-GEHAEUSE","ALUMINIUM",NA,       15.1458,      -15.1457,  -37.3428E-03,   120.156E-06,   1.21942E-03,   970.486E-06,       NoValue
D:/MoVerHu_Projekt/FE_Modell/FE-Abaqus-Model/Job-19.odb,Step-163,Increment      6: Step Time =    1.000,"LAGERSITZ_NEU-1",         13077,             3,           369,      -97.1837,       52.5598,      -25.6420,"ASSEMBLY_LAGERSITZ_NEU-1_SET-GEHAEUSE","ALUMINIUM",NA,       15.1458,      -15.1457,  -37.3428E-03,   120.156E-06,   1.21942E-03,   970.486E-06,       NoValue
D:/MoVerHu_Projekt/FE_Modell/FE-Abaqus-Model/Job-19.odb,Step-163,Increment      6: Step Time =    1.000,"LAGERSITZ_NEU-1",         13097,             6,           370,      -97.1837,       48.5145,      -12.5873,"ASSEMBLY_LAGERSITZ_NEU-1_SET-GEHAEUSE","ALUMINIUM",NA,       26.2384,      -1.79972,       25.6012,       5.45822,  -18.9499E-03,  -44.3211E-03,            2.
D:/MoVerHu_Projekt/FE_Modell/FE-Abaqus-Model/Job-19.odb,Step-163,Increment      6: Step Time =    1.000,"LAGERSITZ_NEU-1",         13092,             6,           370,      -97.1837,       48.5145,      -12.5873,"ASSEMBLY_LAGERSITZ_NEU-1_SET-GEHAEUSE","ALUMINIUM",NA,       26.2384,      -1.79972,       25.6012,       5.45822,  -18.9499E-03,  -44.3211E-03,            2.
D:/MoVerHu_Projekt/FE_Modell/FE-Abaqus-Model/Job-19.odb,Step-163,Increment      6: Step Time =    1.000,"LAGERSITZ_NEU-1",         13097,             3,           370,      -97.1837,       48.5145,      -12.5873,"ASSEMBLY_LAGERSITZ_NEU-1_SET-GEHAEUSE","ALUMINIUM",NA,       26.2384,      -1.79972,       25.6012,       5.45822,  -523.739E-18,  -1.55907E-15,       NoValue
D:/MoVerHu_Projekt/FE_Modell/FE-Abaqus-Model/Job-19.odb,Step-163,Increment      6: Step Time =    1.000,"LAGERSITZ_NEU-1",         13092,             3,           370,      -97.1837,       48.5145,      -12.5873,"ASSEMBLY_LAGERSITZ_NEU-1_SET-GEHAEUSE","ALUMINIUM",NA,       26.2384,      -1.79972,       25.6012,       5.45822,  -523.739E-18,  -1.55907E-15,       NoValue
D:/MoVerHu_Projekt/FE_Modell/FE-Abaqus-Model/Job-19.odb,Step-163,Increment      6: Step Time =    1.000,"LAGERSITZ_NEU-1",         13157,             6,           371,      -97.1837,       26.4002,       19.6635,"ASSEMBLY_LAGERSITZ_NEU-1_SET-GEHAEUSE","ALUMINIUM",NA,            0.,            0.,            0.,            0.,  -10.2838E-15,   1.27622E-15,       NoValue
D:/MoVerHu_Projekt/FE_Modell/FE-Abaqus-Model/Job-19.odb,Step-163,Increment      6: Step Time =    1.000,"LAGERSITZ_NEU-1",         13157,             3,           371,      -97.1837,       26.4002,       19.6635,"ASSEMBLY_LAGERSITZ_NEU-1_SET-GEHAEUSE","ALUMINIUM",NA,            0.,            0.,            0.,            0.,   795.161E-18,   1.97373E-15,       NoValue
D:/MoVerHu_Projekt/FE_Modell/FE-Abaqus-Model/Job-19.odb,Step-163,Increment      6: Step Time =    1.000,"LAGERSITZ_NEU-1",         13162,             6,           371,      -97.1837,       26.4002,       19.6635,"ASSEMBLY_LAGERSITZ_NEU-1_SET-GEHAEUSE","ALUMINIUM",NA,            0.,            0.,            0.,            0.,  -10.2838E-15,   1.27622E-15,       NoValue
D:/MoVerHu_Projekt/FE_Modell/FE-Abaqus-Model/Job-19.odb,Step-163,Increment      6: Step Time =    1.000,"LAGERSITZ_NEU-1",         13162,             3,           371,      -97.1837,       26.4002,       19.6635,"ASSEMBLY_LAGERSITZ_NEU-1_SET-GEHAEUSE","ALUMINIUM",NA,            0.,            0.,            0.,            0.,   795.161E-18,   1.97373E-15,       NoValue
D:/MoVerHu_Projekt/FE_Modell/FE-Abaqus-Model/Job-19.odb,Step-163,Increment      6: Step Time =    1.000,"LAGERSITZ_NEU-1",         13212,             6,           372,      -97.1837,      -4.83654,       29.4662,"ASSEMBLY_LAGERSITZ_NEU-1_SET-GEHAEUSE","ALUMINIUM",NA,            0.,            0.,            0.,            0.,  -7.20875E-15,   389.921E-18,       NoValue
D:/MoVerHu_Projekt/FE_Modell/FE-Abaqus-Model/Job-19.odb,Step-163,Increment      6: Step Time =    1.000,"LAGERSITZ_NEU-1",         13217,             3,           372,      -97.1837,      -4.83654,       29.4662,"ASSEMBLY_LAGERSITZ_NEU-1_SET-GEHAEUSE","ALUMINIUM",NA,            0.,            0.,            0.,            0.,  -1.64744E-15,  -21.6951E-18,       NoValue
D:/MoVerHu_Projekt/FE_Modell/FE-Abaqus-Model/Job-19.odb,Step-163,Increment      6: Step Time =    1.000,"LAGERSITZ_NEU-1",         13212,             3,           372,      -97.1837,      -4.83654,       29.4662,"ASSEMBLY_LAGERSITZ_NEU-1_SET-GEHAEUSE","ALUMINIUM",NA,            0.,            0.,            0.,            0.,  -1.64744E-15,  -21.6951E-18,       NoValue
D:/MoVerHu_Projekt/FE_Modell/FE-Abaqus-Model/Job-19.odb,Step-163,Increment      6: Step Time =    1.000,"LAGERSITZ_NEU-1",         13217,             6,           372,      -97.1837,      -4.83654,       29.4662,"ASSEMBLY_LAGERSITZ_NEU-1_SET-GEHAEUSE","ALUMINIUM",NA,            0.,            0.,            0.,            0.,  -7.20875E-15,   389.921E-18,       NoValue
D:/MoVerHu_Projekt/FE_Modell/FE-Abaqus-Model/Job-19.odb,Step-163,Increment      6: Step Time =    1.000,"LAGERSITZ_NEU-1",         13272,             3,           373,      -97.1837,      -36.1099,       19.7813,"ASSEMBLY_LAGERSITZ_NEU-1_SET-GEHAEUSE","ALUMINIUM",NA,            0.,            0.,            0.,            0.,  -1.14450E-15,  -390.206E-18,       NoValue
D:/MoVerHu_Projekt/FE_Modell/FE-Abaqus-Model/Job-19.odb,Step-163,Increment      6: Step Time =    1.000,"LAGERSITZ_NEU-1",         13277,             3,           373,      -97.1837,      -36.1099,       19.7813,"ASSEMBLY_LAGERSITZ_NEU-1_SET-GEHAEUSE","ALUMINIUM",NA,            0.,            0.,            0.,            0.,  -1.14450E-15,  -390.206E-18,       NoValue
D:/MoVerHu_Projekt/FE_Modell/FE-Abaqus-Model/Job-19.odb,Step-163,Increment      6: Step Time =    1.000,"LAGERSITZ_NEU-1",         13277,             6,           373,      -97.1837,      -36.1099,       19.7813,"ASSEMBLY_LAGERSITZ_NEU-1_SET-GEHAEUSE","ALUMINIUM",NA,            0.,            0.,            0.,            0.,  -11.8269E-15,  -1.87118E-15,       NoValue
D:/MoVerHu_Projekt/FE_Modell/FE-Abaqus-Model/Job-19.odb,Step-163,Increment      6: Step Time =    1.000,"LAGERSITZ_NEU-1",         13272,             6,           373,      -97.1837,      -36.1099,       19.7813,"ASSEMBLY_LAGERSITZ_NEU-1_SET-GEHAEUSE","ALUMINIUM",NA,            0.,            0.,            0.,            0.,  -11.8269E-15,  -1.87118E-15,       NoValue
D:/MoVerHu_Projekt/FE_Modell/FE-Abaqus-Model/Job-19.odb,Step-163,Increment      6: Step Time =    1.000,"LAGERSITZ_NEU-1",         13352,             6,           374,      -97.1837,      -58.3456,      -12.3861,"ASSEMBLY_LAGERSITZ_NEU-1_SET-GEHAEUSE","ALUMINIUM",NA,            0.,            0.,            0.,            0.,  -14.2288E-15,   888.715E-18,       NoValue
D:/MoVerHu_Projekt/FE_Modell/FE-Abaqus-Model/Job-19.odb,Step-163,Increment      6: Step Time =    1.000,"LAGERSITZ_NEU-1",         13352,             3,           374,      -97.1837,      -58.3456,      -12.3861,"ASSEMBLY_LAGERSITZ_NEU-1_SET-GEHAEUSE","ALUMINIUM",NA,            0.,            0.,            0.,            0.,  -296.622E-18,   1.58245E-15,       NoValue
D:/MoVerHu_Projekt/FE_Modell/FE-Abaqus-Model/Job-19.odb,Step-163,Increment      6: Step Time =    1.000,"LAGERSITZ_NEU-1",         13347,             3,           374,      -97.1837,      -58.3456,      -12.3861,"ASSEMBLY_LAGERSITZ_NEU-1_SET-GEHAEUSE","ALUMINIUM",NA,            0.,            0.,            0.,            0.,  -296.622E-18,   1.58245E-15,       NoValue
D:/MoVerHu_Projekt/FE_Modell/FE-Abaqus-Model/Job-19.odb,Step-163,Increment      6: Step Time =    1.000,"LAGERSITZ_NEU-1",         13347,             6,           374,      -97.1837,      -58.3456,      -12.3861,"ASSEMBLY_LAGERSITZ_NEU-1_SET-GEHAEUSE","ALUMINIUM",NA,            0.,            0.,            0.,            0.,  -14.2288E-15,   888.715E-18,       NoValue
D:/MoVerHu_Projekt/FE_Modell/FE-Abaqus-Model/Job-19.odb,Step-163,Increment      6: Step Time =    1.000,"LAGERSITZ_NEU-1",          4291,             4,          1255,      -122.384,      -57.7048,      -41.0541,"ASSEMBLY_LAGERSITZ_NEU-1_SET-GEHAEUSE","ALUMINIUM",NA,            0.,            0.,            0.,            0.,   510.350E-18,  -110.158E-18,       NoValue
D:/MoVerHu_Projekt/FE_Modell/FE-Abaqus-Model/Job-19.odb,Step-163,Increment      6: Step Time =    1.000,"LAGERSITZ_NEU-1",          4294,             4,          1255,      -122.384,      -57.7048,      -41.0541,"ASSEMBLY_LAGERSITZ_NEU-1_SET-GEHAEUSE","ALUMINIUM",NA,            0.,            0.,            0.,            0.,   510.350E-18,  -110.158E-18,       NoValue
D:/MoVerHu_Projekt/FE_Modell/FE-Abaqus-Model/Job-19.odb,Step-163,Increment      6: Step Time =    1.000,"LAGERSITZ_NEU-1",          4297,             4,          1256,      -122.384,      -56.8911,      -43.5919,"ASSEMBLY_LAGERSITZ_NEU-1_SET-GEHAEUSE","ALUMINIUM",NA,            0.,            0.,            0.,            0.,  -1.65558E-15,  -2.69338E-15,       NoValue
D:/MoVerHu_Projekt/FE_Modell/FE-Abaqus-Model/Job-19.odb,Step-163,Increment      6: Step Time =    1.000,"LAGERSITZ_NEU-1",          4294,             4,          1256,      -122.384,      -56.8911,      -43.5919,"ASSEMBLY_LAGERSITZ_NEU-1_SET-GEHAEUSE","ALUMINIUM",NA,            0.,            0.,            0.,            0.,  -1.65558E-15,  -2.69338E-15,       NoValue
D:/MoVerHu_Projekt/FE_Modell/FE-Abaqus-Model/Job-19.odb,Step-163,Increment      6: Step Time =    1.000,"LAGERSITZ_NEU-1",          4297,             4,          1257,      -122.384,      -55.9554,      -46.0872,"ASSEMBLY_LAGERSITZ_NEU-1_SET-GEHAEUSE","ALUMINIUM",NA,            0.,            0.,            0.,            0.,  -2.54665E-15,   2.65846E-15,       NoValue
D:/MoVerHu_Projekt/FE_Modell/FE-Abaqus-Model/Job-19.odb,Step-163,Increment      6: Step Time =    1.000,"LAGERSITZ_NEU-1",          4300,             4,          1257,      -122.384,      -55.9554,      -46.0872,"ASSEMBLY_LAGERSITZ_NEU-1_SET-GEHAEUSE","ALUMINIUM",NA,            0.,            0.,            0.,            0.,  -2.54665E-15,   2.65846E-15,       NoValue
D:/MoVerHu_Projekt/FE_Modell/FE-Abaqus-Model/Job-19.odb,Step-163,Increment      6: Step Time =    1.000,"LAGERSITZ_NEU-1",          4300,             4,          1258,      -122.384,      -54.8999,      -48.5342,"ASSEMBLY_LAGERSITZ_NEU-1_SET-GEHAEUSE","ALUMINIUM",NA,            0.,            0.,            0.,            0.,   5.51081E-15,   1.55640E-15,       NoValue
D:/MoVerHu_Projekt/FE_Modell/FE-Abaqus-Model/Job-19.odb,Step-163,Increment      6: Step Time =    1.000,"LAGERSITZ_NEU-1",          4303,             4,          1258,      -122.384,      -54.8999,      -48.5342,"ASSEMBLY_LAGERSITZ_NEU-1_SET-GEHAEUSE","ALUMINIUM",NA,            0.,            0.,            0.,            0.,   5.51081E-15,   1.55640E-15,       NoValue
D:/MoVerHu_Projekt/FE_Modell/FE-Abaqus-Model/Job-19.odb,Step-163,Increment      6: Step Time =    1.000,"LAGERSITZ_NEU-1",          4303,             4,          1259,      -122.384,      -53.7271,      -50.9273,"ASSEMBLY_LAGERSITZ_NEU-1_SET-GEHAEUSE","ALUMINIUM",NA,            0.,            0.,            0.,            0.,   1.71670E-15,   1.22168E-15,       NoValue
D:/MoVerHu_Projekt/FE_Modell/FE-Abaqus-Model/Job-19.odb,Step-163,Increment      6: Step Time =    1.000,"LAGERSITZ_NEU-1",          4306,             4,          1259,      -122.384,      -53.7271,      -50.9273,"ASSEMBLY_LAGERSITZ_NEU-1_SET-GEHAEUSE","ALUMINIUM",NA,            0.,            0.,            0.,            0.,   1.71670E-15,   1.22168E-15,       NoValue
D:/MoVerHu_Projekt/FE_Modell/FE-Abaqus-Model/Job-19.odb,Step-163,Increment      6: Step Time =    1.000,"LAGERSITZ_NEU-1",          4306,             4,          1260,      -122.384,      -52.4397,      -53.2607,"ASSEMBLY_LAGERSITZ_NEU-1_SET-GEHAEUSE","ALUMINIUM",NA,            0.,            0.,            0.,            0.,  -865.306E-18,   2.50348E-15,       NoValue
D:/MoVerHu_Projekt/FE_Modell/FE-Abaqus-Model/Job-19.odb,Step-163,Increment      6: Step Time =    1.000,"LAGERSITZ_NEU-1",          4309,             4,          1260,      -122.384,      -52.4397,      -53.2607,"ASSEMBLY_LAGERSITZ_NEU-1_SET-GEHAEUSE","ALUMINIUM",NA,            0.,            0.,            0.,            0.,  -865.306E-18,   2.50348E-15,       NoValue
D:/MoVerHu_Projekt/FE_Modell/FE-Abaqus-Model/Job-19.odb,Step-163,Increment      6: Step Time =    1.000,"LAGERSITZ_NEU-1",          4312,             4,          1261,      -122.384,      -51.0408,      -55.5291,"ASSEMBLY_LAGERSITZ_NEU-1_SET-GEHAEUSE","ALUMINIUM",NA,            0.,            0.,            0.,            0.,  -1.49322E-15,  -1.25163E-15,       NoValue
D:/MoVerHu_Projekt/FE_Modell/FE-Abaqus-Model/Job-19.odb,Step-163,Increment      6: Step Time =    1.000,"LAGERSITZ_NEU-1",          4309,             4,          1261,      -122.384,      -51.0408,      -55.5291,"ASSEMBLY_LAGERSITZ_NEU-1_SET-GEHAEUSE","ALUMINIUM",NA,            0.,            0.,            0.,            0.,  -1.49322E-15,  -1.25163E-15,       NoValue
D:/MoVerHu_Projekt/FE_Modell/FE-Abaqus-Model/Job-19.odb,Step-163,Increment      6: Step Time =    1.000,"LAGERSITZ_NEU-1",          4315,             4,          1262,      -122.384,      -49.5337,      -57.7270,"ASSEMBLY_LAGERSITZ_NEU-1_SET-GEHAEUSE","ALUMINIUM",NA,            0.,            0.,            0.,            0.,  -1.00300E-15,  -5.90603E-15,       NoValue
D:/MoVerHu_Projekt/FE_Modell/FE-Abaqus-Model/Job-19.odb,Step-163,Increment      6: Step Time =    1.000,"LAGERSITZ_NEU-1",          4312,             4,          1262,      -122.384,      -49.5337,      -57.7270,"ASSEMBLY_LAGERSITZ_NEU-1_SET-GEHAEUSE","ALUMINIUM",NA,            0.,            0.,            0.,            0.,  -1.00300E-15,  -5.90603E-15,       NoValue
D:/MoVerHu_Projekt/FE_Modell/FE-Abaqus-Model/Job-19.odb,Step-163,Increment      6: Step Time =    1.000,"LAGERSITZ_NEU-1",          4318,             4,          1263,      -122.384,      -47.9219,      -59.8493,"ASSEMBLY_LAGERSITZ_NEU-1_SET-GEHAEUSE","ALUMINIUM",NA,            0.,            0.,            0.,            0.,   4.56871E-15,  -2.34646E-15,       NoValue
D:/MoVerHu_Projekt/FE_Modell/FE-Abaqus-Model/Job-19.odb,Step-163,Increment      6: Step Time =    1.000,"LAGERSITZ_NEU-1",          4315,             4,          1263,      -122.384,      -47.9219,      -59.8493,"ASSEMBLY_LAGERSITZ_NEU-1_SET-GEHAEUSE","ALUMINIUM",NA,            0.,            0.,            0.,            0.,   4.56871E-15,  -2.34646E-15,       NoValue
D:/MoVerHu_Projekt/FE_Modell/FE-Abaqus-Model/Job-19.odb,Step-163,Increment      6: Step Time =    1.000,"LAGERSITZ_NEU-1",          4321,             4,          1264,      -122.384,      -46.2092,      -61.8911,"ASSEMBLY_LAGERSITZ_NEU-1_SET-GEHAEUSE","ALUMINIUM",NA,            0.,            0.,            0.,            0.,  -774.216E-18,   965.929E-18,       NoValue
D:/MoVerHu_Projekt/FE_Modell/FE-Abaqus-Model/Job-19.odb,Step-163,Increment      6: Step Time =    1.000,"LAGERSITZ_NEU-1",          4318,             4,          1264,      -122.384,      -46.2092,      -61.8911,"ASSEMBLY_LAGERSITZ_NEU-1_SET-GEHAEUSE","ALUMINIUM",NA,            0.,            0.,            0.,            0.,  -774.216E-18,   965.929E-18,       NoValue
D:/MoVerHu_Projekt/FE_Modell/FE-Abaqus-Model/Job-19.odb,Step-163,Increment      6: Step Time =    1.000,"LAGERSITZ_NEU-1",          4321,             4,          1265,      -122.384,      -44.3996,      -63.8475,"ASSEMBLY_LAGERSITZ_NEU-1_SET-GEHAEUSE","ALUMINIUM",NA,            0.,            0.,            0.,            0.,  -3.90323E-15,  -885.256E-18,       NoValue
D:/MoVerHu_Projekt/FE_Modell/FE-Abaqus-Model/Job-19.odb,Step-163,Increment      6: Step Time =    1.000,"LAGERSITZ_NEU-1",          4324,             4,          1265,      -122.384,      -44.3996,      -63.8475,"ASSEMBLY_LAGERSITZ_NEU-1_SET-GEHAEUSE","ALUMINIUM",NA,            0.,            0.,            0.,            0.,  -3.90323E-15,  -885.256E-18,       NoValue
D:/MoVerHu_Projekt/FE_Modell/FE-Abaqus-Model/Job-19.odb,Step-163,Increment      6: Step Time =    1.000,"LAGERSITZ_NEU-1",          4327,             4,          1266,      -122.384,      -42.4974,      -65.7139,"ASSEMBLY_LAGERSITZ_NEU-1_SET-GEHAEUSE","ALUMINIUM",NA,            0.,            0.,            0.,            0.,   1.32703E-15,  -3.06628E-15,       NoValue
D:/MoVerHu_Projekt/FE_Modell/FE-Abaqus-Model/Job-19.odb,Step-163,Increment      6: Step Time =    1.000,"LAGERSITZ_NEU-1",          4324,             4,          1266,      -122.384,      -42.4974,      -65.7139,"ASSEMBLY_LAGERSITZ_NEU-1_SET-GEHAEUSE","ALUMINIUM",NA,            0.,            0.,            0.,            0.,   1.32703E-15,  -3.06628E-15,       NoValue
D:/MoVerHu_Projekt/FE_Modell/FE-Abaqus-Model/Job-19.odb,Step-163,Increment      6: Step Time =    1.000,"LAGERSITZ_NEU-1",          4327,             4,          1267,      -122.384,      -40.5069,      -67.4860,"ASSEMBLY_LAGERSITZ_NEU-1_SET-GEHAEUSE","ALUMINIUM",NA,            0.,            0.,            0.,            0.,  -284.222E-18,  -4.48313E-15,       NoValue
D:/MoVerHu_Projekt/FE_Modell/FE-Abaqus-Model/Job-19.odb,Step-163,Increment      6: Step Time =    1.000,"LAGERSITZ_NEU-1",          4330,             4,          1267,      -122.384,      -40.5069,      -67.4860,"ASSEMBLY_LAGERSITZ_NEU-1_SET-GEHAEUSE","ALUMINIUM",NA,            0.,            0.,            0.,            0.,  -284.222E-18,  -4.48313E-15,       NoValue
D:/MoVerHu_Projekt/FE_Modell/FE-Abaqus-Model/Job-19.odb,Step-163,Increment      6: Step Time =    1.000,"LAGERSITZ_NEU-1",          4333,             4,          1268,      -122.384,      -38.4330,      -69.1597,"ASSEMBLY_LAGERSITZ_NEU-1_SET-GEHAEUSE","ALUMINIUM",NA,            0.,            0.,            0.,            0.,  -3.42272E-15,   2.08351E-15,       NoValue
D:/MoVerHu_Projekt/FE_Modell/FE-Abaqus-Model/Job-19.odb,Step-163,Increment      6: Step Time =    1.000,"LAGERSITZ_NEU-1",          4330,             4,          1268,      -122.384,      -38.4330,      -69.1597,"ASSEMBLY_LAGERSITZ_NEU-1_SET-GEHAEUSE","ALUMINIUM",NA,            0.,            0.,            0.,            0.,  -3.42272E-15,   2.08351E-15,       NoValue
D:/MoVerHu_Projekt/FE_Modell/FE-Abaqus-Model/Job-19.odb,Step-163,Increment      6: Step Time =    1.000,"LAGERSITZ_NEU-1",          4279,             4,          1269,      -122.384,      -59.8477,      -28.7214,"ASSEMBLY_LAGERSITZ_NEU-1_SET-GEHAEUSE","ALUMINIUM",NA,            0.,            0.,            0.,            0.,   4.33656E-15,  -52.3124E-18,       NoValue
D:/MoVerHu_Projekt/FE_Modell/FE-Abaqus-Model/Job-19.odb,Step-163,Increment      6: Step Time =    1.000,"LAGERSITZ_NEU-1",          4282,             4,          1269,      -122.384,      -59.8477,      -28.7214,"ASSEMBLY_LAGERSITZ_NEU-1_SET-GEHAEUSE","ALUMINIUM",NA,            0.,            0.,            0.,            0.,   4.33656E-15,  -52.3124E-18,       NoValue
D:/MoVerHu_Projekt/FE_Modell/FE-Abaqus-Model/Job-19.odb,Step-163,Increment      6: Step Time =    1.000,"LAGERSITZ_NEU-1",          4282,             4,          1270,      -122.384,      -59.5585,      -32.0013,"ASSEMBLY_LAGERSITZ_NEU-1_SET-GEHAEUSE","ALUMINIUM",NA,            0.,            0.,            0.,            0.,   1.59161E-15,   460.704E-18,       NoValue
D:/MoVerHu_Projekt/FE_Modell/FE-Abaqus-Model/Job-19.odb,Step-163,Increment      6: Step Time =    1.000,"LAGERSITZ_NEU-1",          4285,             4,          1270,      -122.384,      -59.5585,      -32.0013,"ASSEMBLY_LAGERSITZ_NEU-1_SET-GEHAEUSE","ALUMINIUM",NA,            0.,            0.,            0.,            0.,   1.59161E-15,   460.704E-18,       NoValue
D:/MoVerHu_Projekt/FE_Modell/FE-Abaqus-Model/Job-19.odb,Step-163,Increment      6: Step Time =    1.000,"LAGERSITZ_NEU-1",          4285,             4,          1271,      -122.384,      -59.0736,      -35.2581,"ASSEMBLY_LAGERSITZ_NEU-1_SET-GEHAEUSE","ALUMINIUM",NA,            0.,            0.,            0.,            0.,  -1.58238E-15,   1.00138E-15,       NoValue
D:/MoVerHu_Projekt/FE_Modell/FE-Abaqus-Model/Job-19.odb,Step-163,Increment      6: Step Time =    1.000,"LAGERSITZ_NEU-1",          4288,             4,          1271,      -122.384,      -59.0736,      -35.2581,"ASSEMBLY_LAGERSITZ_NEU-1_SET-GEHAEUSE","ALUMINIUM",NA,            0.,            0.,            0.,            0.,  -1.58238E-15,   1.00138E-15,       NoValue
D:/MoVerHu_Projekt/FE_Modell/FE-Abaqus-Model/Job-19.odb,Step-163,Increment      6: Step Time =    1.000,"LAGERSITZ_NEU-1",          4267,             4,          1275,      -122.384,      -58.9138,      -14.9583,"ASSEMBLY_LAGERSITZ_NEU-1_SET-GEHAEUSE","ALUMINIUM",NA,            0.,            0.,            0.,            0.,  -1.47802E-15,  -156.642E-18,       NoValue
D:/MoVerHu_Projekt/FE_Modell/FE-Abaqus-Model/Job-19.odb,Step-163,Increment      6: Step Time =    1.000,"LAGERSITZ_NEU-1",          4264,             4,          1275,      -122.384,      -58.9138,      -14.9583,"ASSEMBLY_LAGERSITZ_NEU-1_SET-GEHAEUSE","ALUMINIUM",NA,            0.,            0.,            0.,            0.,  -1.47802E-15,  -156.642E-18,       NoValue
D:/MoVerHu_Projekt/FE_Modell/FE-Abaqus-Model/Job-19.odb,Step-163,Increment      6: Step Time =    1.000,"LAGERSITZ_NEU-1",          4270,             4,          1276,      -122.384,      -59.3583,      -17.5548,"ASSEMBLY_LAGERSITZ_NEU-1_SET-GEHAEUSE","ALUMINIUM",NA,            0.,            0.,            0.,            0.,   1.78092E-15,   699.518E-18,       NoValue
D:/MoVerHu_Projekt/FE_Modell/FE-Abaqus-Model/Job-19.odb,Step-163,Increment      6: Step Time =    1.000,"LAGERSITZ_NEU-1",          4267,             4,          1276,      -122.384,      -59.3583,      -17.5548,"ASSEMBLY_LAGERSITZ_NEU-1_SET-GEHAEUSE","ALUMINIUM",NA,            0.,            0.,            0.,            0.,   1.78092E-15,   699.518E-18,       NoValue
D:/MoVerHu_Projekt/FE_Modell/FE-Abaqus-Model/Job-19.odb,Step-163,Increment      6: Step Time =    1.000,"LAGERSITZ_NEU-1",          4273,             4,          1277,      -122.384,      -59.6779,      -20.1696,"ASSEMBLY_LAGERSITZ_NEU-1_SET-GEHAEUSE","ALUMINIUM",NA,            0.,            0.,            0.,            0.,   1.19335E-15,   1.11033E-15,       NoValue
D:/MoVerHu_Projekt/FE_Modell/FE-Abaqus-Model/Job-19.odb,Step-163,Increment      6: Step Time =    1.000,"LAGERSITZ_NEU-1",          4270,             4,          1277,      -122.384,      -59.6779,      -20.1696,"ASSEMBLY_LAGERSITZ_NEU-1_SET-GEHAEUSE","ALUMINIUM",NA,            0.,            0.,            0.,            0.,   1.19335E-15,   1.11033E-15,       NoValue
D:/MoVerHu_Projekt/FE_Modell/FE-Abaqus-Model/Job-19.odb,Step-163,Increment      6: Step Time =    1.000,"LAGERSITZ_NEU-1",          4276,             4,          1278,      -122.384,      -59.8720,      -22.7967,"ASSEMBLY_LAGERSITZ_NEU-1_SET-GEHAEUSE","ALUMINIUM",NA,            0.,            0.,            0.,            0.,   1.78091E-15,   1.29774E-15,       NoValue
D:/MoVerHu_Projekt/FE_Modell/FE-Abaqus-Model/Job-19.odb,Step-163,Increment      6: Step Time =    1.000,"LAGERSITZ_NEU-1",          4273,             4,          1278,      -122.384,      -59.8720,      -22.7967,"ASSEMBLY_LAGERSITZ_NEU-1_SET-GEHAEUSE","ALUMINIUM",NA,            0.,            0.,            0.,            0.,   1.78091E-15,   1.29774E-15,       NoValue
D:/MoVerHu_Projekt/FE_Modell/FE-Abaqus-Model/Job-19.odb,Step-163,Increment      6: Step Time =    1.000,"LAGERSITZ_NEU-1",          4219,             4,          1283,      -122.384,      -38.2684,       18.2182,"ASSEMBLY_LAGERSITZ_NEU-1_SET-GEHAEUSE","ALUMINIUM",NA,            0.,            0.,            0.,            0.,  -1.73704E-15,  -2.57504E-15,       NoValue
D:/MoVerHu_Projekt/FE_Modell/FE-Abaqus-Model/Job-19.odb,Step-163,Increment      6: Step Time =    1.000,"LAGERSITZ_NEU-1",          4222,             4,          1283,      -122.384,      -38.2684,       18.2182,"ASSEMBLY_LAGERSITZ_NEU-1_SET-GEHAEUSE","ALUMINIUM",NA,            0.,            0.,            0.,            0.,  -1.73704E-15,  -2.57504E-15,       NoValue
D:/MoVerHu_Projekt/FE_Modell/FE-Abaqus-Model/Job-19.odb,Step-163,Increment      6: Step Time =    1.000,"LAGERSITZ_NEU-1",          4225,             4,          1284,      -122.384,      -40.3486,       16.5524,"ASSEMBLY_LAGERSITZ_NEU-1_SET-GEHAEUSE","ALUMINIUM",NA,            0.,            0.,            0.,            0.,   2.43779E-15,   1.80305E-15,       NoValue
D:/MoVerHu_Projekt/FE_Modell/FE-Abaqus-Model/Job-19.odb,Step-163,Increment      6: Step Time =    1.000,"LAGERSITZ_NEU-1",          4222,             4,          1284,      -122.384,      -40.3486,       16.5524,"ASSEMBLY_LAGERSITZ_NEU-1_SET-GEHAEUSE","ALUMINIUM",NA,            0.,            0.,            0.,            0.,   2.43779E-15,   1.80305E-15,       NoValue
D:/MoVerHu_Projekt/FE_Modell/FE-Abaqus-Model/Job-19.odb,Step-163,Increment      6: Step Time =    1.000,"LAGERSITZ_NEU-1",          4225,             4,          1285,      -122.384,      -42.3457,       14.7878,"ASSEMBLY_LAGERSITZ_NEU-1_SET-GEHAEUSE","ALUMINIUM",NA,            0.,            0.,            0.,            0.,   345.869E-18,  -21.5890E-18,       NoValue
D:/MoVerHu_Projekt/FE_Modell/FE-Abaqus-Model/Job-19.odb,Step-163,Increment      6: Step Time =    1.000,"LAGERSITZ_NEU-1",          4228,             4,          1285,      -122.384,      -42.3457,       14.7878,"ASSEMBLY_LAGERSITZ_NEU-1_SET-GEHAEUSE","ALUMINIUM",NA,            0.,            0.,            0.,            0.,   345.869E-18,  -21.5890E-18,       NoValue
D:/MoVerHu_Projekt/FE_Modell/FE-Abaqus-Model/Job-19.odb,Step-163,Increment      6: Step Time =    1.000,"LAGERSITZ_NEU-1",          4228,             4,          1286,      -122.384,      -44.2550,       12.9285,"ASSEMBLY_LAGERSITZ_NEU-1_SET-GEHAEUSE","ALUMINIUM",NA,            0.,            0.,            0.,            0.,   1.55698E-15,   2.93202E-15,       NoValue
D:/MoVerHu_Projekt/FE_Modell/FE-Abaqus-Model/Job-19.odb,Step-163,Increment      6: Step Time =    1.000,"LAGERSITZ_NEU-1",          4231,             4,          1286,      -122.384,      -44.2550,       12.9285,"ASSEMBLY_LAGERSITZ_NEU-1_SET-GEHAEUSE","ALUMINIUM",NA,            0.,            0.,            0.,            0.,   1.55698E-15,   2.93202E-15,       NoValue
D:/MoVerHu_Projekt/FE_Modell/FE-Abaqus-Model/Job-19.odb,Step-163,Increment      6: Step Time =    1.000,"LAGERSITZ_NEU-1",          4234,             4,          1287,      -122.384,      -46.0720,       10.9790,"ASSEMBLY_LAGERSITZ_NEU-1_SET-GEHAEUSE","ALUMINIUM",NA,            0.,            0.,            0.,            0.,   4.82665E-15,   2.17394E-15,       NoValue
D:/MoVerHu_Projekt/FE_Modell/FE-Abaqus-Model/Job-19.odb,Step-163,Increment      6: Step Time =    1.000,"LAGERSITZ_NEU-1",          4231,             4,          1287,      -122.384,      -46.0720,       10.9790,"ASSEMBLY_LAGERSITZ_NEU-1_SET-GEHAEUSE","ALUMINIUM",NA,            0.,            0.,            0.,            0.,   4.82665E-15,   2.17394E-15,       NoValue
D:/MoVerHu_Projekt/FE_Modell/FE-Abaqus-Model/Job-19.odb,Step-163,Increment      6: Step Time =    1.000,"LAGERSITZ_NEU-1",          4234,             4,          1288,      -122.384,      -47.7924,       8.94367,"ASSEMBLY_LAGERSITZ_NEU-1_SET-GEHAEUSE","ALUMINIUM",NA,            0.,            0.,            0.,            0.,   3.55279E-15,   183.903E-18,       NoValue
D:/MoVerHu_Projekt/FE_Modell/FE-Abaqus-Model/Job-19.odb,Step-163,Increment      6: Step Time =    1.000,"LAGERSITZ_NEU-1",          4237,             4,          1288,      -122.384,      -47.7924,       8.94367,"ASSEMBLY_LAGERSITZ_NEU-1_SET-GEHAEUSE","ALUMINIUM",NA,            0.,            0.,            0.,            0.,   3.55279E-15,   183.903E-18,       NoValue
D:/MoVerHu_Projekt/FE_Modell/FE-Abaqus-Model/Job-19.odb,Step-163,Increment      6: Step Time =    1.000,"LAGERSITZ_NEU-1",          4240,             4,          1289,      -122.384,      -49.4121,       6.82743,"ASSEMBLY_LAGERSITZ_NEU-1_SET-GEHAEUSE","ALUMINIUM",NA,            0.,            0.,            0.,            0.,   1.97145E-15,   1.35858E-15,       NoValue
D:/MoVerHu_Projekt/FE_Modell/FE-Abaqus-Model/Job-19.odb,Step-163,Increment      6: Step Time =    1.000,"LAGERSITZ_NEU-1",          4237,             4,          1289,      -122.384,      -49.4121,       6.82743,"ASSEMBLY_LAGERSITZ_NEU-1_SET-GEHAEUSE","ALUMINIUM",NA,            0.,            0.,            0.,            0.,   1.97145E-15,   1.35858E-15,       NoValue
D:/MoVerHu_Projekt/FE_Modell/FE-Abaqus-Model/Job-19.odb,Step-163,Increment      6: Step Time =    1.000,"LAGERSITZ_NEU-1",          4243,             4,          1290,      -122.384,      -50.9275,       4.63520,"ASSEMBLY_LAGERSITZ_NEU-1_SET-GEHAEUSE","ALUMINIUM",NA,            0.,            0.,            0.,            0.,  -525.281E-18,  -1.06510E-15,       NoValue
D:/MoVerHu_Projekt/FE_Modell/FE-Abaqus-Model/Job-19.odb,Step-163,Increment      6: Step Time =    1.000,"LAGERSITZ_NEU-1",          4240,             4,          1290,      -122.384,      -50.9275,       4.63520,"ASSEMBLY_LAGERSITZ_NEU-1_SET-GEHAEUSE","ALUMINIUM",NA,            0.,            0.,            0.,            0.,  -525.281E-18,  -1.06510E-15,       NoValue
D:/MoVerHu_Projekt/FE_Modell/FE-Abaqus-Model/Job-19.odb,Step-163,Increment      6: Step Time =    1.000,"LAGERSITZ_NEU-1",          4243,             4,          1291,      -122.384,      -52.3349,       2.37215,"ASSEMBLY_LAGERSITZ_NEU-1_SET-GEHAEUSE","ALUMINIUM",NA,            0.,            0.,            0.,            0.,  -4.58055E-15,  -1.50984E-15,       NoValue
D:/MoVerHu_Projekt/FE_Modell/FE-Abaqus-Model/Job-19.odb,Step-163,Increment      6: Step Time =    1.000,"LAGERSITZ_NEU-1",          4246,             4,          1291,      -122.384,      -52.3349,       2.37215,"ASSEMBLY_LAGERSITZ_NEU-1_SET-GEHAEUSE","ALUMINIUM",NA,            0.,            0.,            0.,            0.,  -4.58055E-15,  -1.50984E-15,       NoValue
D:/MoVerHu_Projekt/FE_Modell/FE-Abaqus-Model/Job-19.odb,Step-163,Increment      6: Step Time =    1.000,"LAGERSITZ_NEU-1",          4246,             4,          1292,      -122.384,      -53.6310,   43.5775E-03,"ASSEMBLY_LAGERSITZ_NEU-1_SET-GEHAEUSE","ALUMINIUM",NA,            0.,            0.,            0.,            0.,   360.981E-18,  -796.376E-18,       NoValue
D:/MoVerHu_Projekt/FE_Modell/FE-Abaqus-Model/Job-19.odb,Step-163,Increment      6: Step Time =    1.000,"LAGERSITZ_NEU-1",          4249,             4,          1292,      -122.384,      -53.6310,   43.5775E-03,"ASSEMBLY_LAGERSITZ_NEU-1_SET-GEHAEUSE","ALUMINIUM",NA,            0.,            0.,            0.,            0.,   360.981E-18,  -796.376E-18,       NoValue
D:/MoVerHu_Projekt/FE_Modell/FE-Abaqus-Model/Job-19.odb,Step-163,Increment      6: Step Time =    1.000,"LAGERSITZ_NEU-1",          4252,             4,          1293,      -122.384,      -54.8129,      -2.34505,"ASSEMBLY_LAGERSITZ_NEU-1_SET-GEHAEUSE","ALUMINIUM",NA,            0.,            0.,            0.,            0.,   1.85697E-15,   1.65863E-15,       NoValue
D:/MoVerHu_Projekt/FE_Modell/FE-Abaqus-Model/Job-19.odb,Step-163,Increment      6: Step Time =    1.000,"LAGERSITZ_NEU-1",          4249,             4,          1293,      -122.384,      -54.8129,      -2.34505,"ASSEMBLY_LAGERSITZ_NEU-1_SET-GEHAEUSE","ALUMINIUM",NA,            0.,            0.,            0.,            0.,   1.85697E-15,   1.65863E-15,       NoValue
D:/MoVerHu_Projekt/FE_Modell/FE-Abaqus-Model/Job-19.odb,Step-163,Increment      6: Step Time =    1.000,"LAGERSITZ_NEU-1",          4252,             4,          1294,      -122.384,      -55.8776,      -4.78811,"ASSEMBLY_LAGERSITZ_NEU-1_SET-GEHAEUSE","ALUMINIUM",NA,            0.,            0.,            0.,            0.,   3.33646E-15,   1.02534E-15,       NoValue
D:/MoVerHu_Projekt/FE_Modell/FE-Abaqus-Model/Job-19.odb,Step-163,Increment      6: Step Time =    1.000,"LAGERSITZ_NEU-1",          4255,             4,          1294,      -122.384,      -55.8776,      -4.78811,"ASSEMBLY_LAGERSITZ_NEU-1_SET-GEHAEUSE","ALUMINIUM",NA,            0.,            0.,            0.,            0.,   3.33646E-15,   1.02534E-15,       NoValue
D:/MoVerHu_Projekt/FE_Modell/FE-Abaqus-Model/Job-19.odb,Step-163,Increment      6: Step Time =    1.000,"LAGERSITZ_NEU-1",          4258,             4,          1295,      -122.384,      -56.8227,      -7.27989,"ASSEMBLY_LAGERSITZ_NEU-1_SET-GEHAEUSE","ALUMINIUM",NA,            0.,            0.,            0.,            0.,   2.60482E-15,  -459.977E-18,       NoValue
D:/MoVerHu_Projekt/FE_Modell/FE-Abaqus-Model/Job-19.odb,Step-163,Increment      6: Step Time =    1.000,"LAGERSITZ_NEU-1",          4255,             4,          1295,      -122.384,      -56.8227,      -7.27989,"ASSEMBLY_LAGERSITZ_NEU-1_SET-GEHAEUSE","ALUMINIUM",NA,            0.,            0.,            0.,            0.,   2.60482E-15,  -459.977E-18,       NoValue
D:/MoVerHu_Projekt/FE_Modell/FE-Abaqus-Model/Job-19.odb,Step-163,Increment      6: Step Time =    1.000,"LAGERSITZ_NEU-1",          4261,             4,          1296,      -122.384,      -57.6460,      -9.81452,"ASSEMBLY_LAGERSITZ_NEU-1_SET-GEHAEUSE","ALUMINIUM",NA,            0.,            0.,            0.,            0.,   2.04615E-15,  -986.361E-18,       NoValue
D:/MoVerHu_Projekt/FE_Modell/FE-Abaqus-Model/Job-19.odb,Step-163,Increment      6: Step Time =    1.000,"LAGERSITZ_NEU-1",          4258,             4,          1296,      -122.384,      -57.6460,      -9.81452,"ASSEMBLY_LAGERSITZ_NEU-1_SET-GEHAEUSE","ALUMINIUM",NA,            0.,            0.,            0.,            0.,   2.04615E-15,  -986.361E-18,       NoValue
D:/MoVerHu_Projekt/FE_Modell/FE-Abaqus-Model/Job-19.odb,Step-163,Increment      6: Step Time =    1.000,"LAGERSITZ_NEU-1",          4183,             4,          1311,      -122.384,      -7.60569,       29.4017,"ASSEMBLY_LAGERSITZ_NEU-1_SET-GEHAEUSE","ALUMINIUM",NA,            0.,            0.,            0.,            0.,  -1.90902E-15,   68.4018E-18,       NoValue
D:/MoVerHu_Projekt/FE_Modell/FE-Abaqus-Model/Job-19.odb,Step-163,Increment      6: Step Time =    1.000,"LAGERSITZ_NEU-1",          4186,             4,          1311,      -122.384,      -7.60569,       29.4017,"ASSEMBLY_LAGERSITZ_NEU-1_SET-GEHAEUSE","ALUMINIUM",NA,            0.,            0.,            0.,            0.,  -1.90902E-15,   68.4018E-18,       NoValue
D:/MoVerHu_Projekt/FE_Modell/FE-Abaqus-Model/Job-19.odb,Step-163,Increment      6: Step Time =    1.000,"LAGERSITZ_NEU-1",          4189,             4,          1312,      -122.384,      -10.3681,       29.1978,"ASSEMBLY_LAGERSITZ_NEU-1_SET-GEHAEUSE","ALUMINIUM",NA,            0.,            0.,            0.,            0.,  -1.21868E-15,   670.632E-18,       NoValue
D:/MoVerHu_Projekt/FE_Modell/FE-Abaqus-Model/Job-19.odb,Step-163,Increment      6: Step Time =    1.000,"LAGERSITZ_NEU-1",          4186,             4,          1312,      -122.384,      -10.3681,       29.1978,"ASSEMBLY_LAGERSITZ_NEU-1_SET-GEHAEUSE","ALUMINIUM",NA,            0.,            0.,            0.,            0.,  -1.21868E-15,   670.632E-18,       NoValue
D:/MoVerHu_Projekt/FE_Modell/FE-Abaqus-Model/Job-19.odb,Step-163,Increment      6: Step Time =    1.000,"LAGERSITZ_NEU-1",          4189,             4,          1313,      -122.384,      -13.1167,       28.8552,"ASSEMBLY_LAGERSITZ_NEU-1_SET-GEHAEUSE","ALUMINIUM",NA,            0.,            0.,            0.,            0.,  -3.04365E-15,   1.35121E-15,       NoValue
D:/MoVerHu_Projekt/FE_Modell/FE-Abaqus-Model/Job-19.odb,Step-163,Increment      6: Step Time =    1.000,"LAGERSITZ_NEU-1",          4192,             4,          1313,      -122.384,      -13.1167,       28.8552,"ASSEMBLY_LAGERSITZ_NEU-1_SET-GEHAEUSE","ALUMINIUM",NA,            0.,            0.,            0.,            0.,  -3.04365E-15,   1.35121E-15,       NoValue
D:/MoVerHu_Projekt/FE_Modell/FE-Abaqus-Model/Job-19.odb,Step-163,Increment      6: Step Time =    1.000,"LAGERSITZ_NEU-1",          4192,             4,          1314,      -122.384,      -15.8446,       28.3745,"ASSEMBLY_LAGERSITZ_NEU-1_SET-GEHAEUSE","ALUMINIUM",NA,            0.,            0.,            0.,            0.,   3.34833E-15,   101.584E-18,       NoValue
D:/MoVerHu_Projekt/FE_Modell/FE-Abaqus-Model/Job-19.odb,Step-163,Increment      6: Step Time =    1.000,"LAGERSITZ_NEU-1",          4195,             4,          1314,      -122.384,      -15.8446,       28.3745,"ASSEMBLY_LAGERSITZ_NEU-1_SET-GEHAEUSE","ALUMINIUM",NA,            0.,            0.,            0.,            0.,   3.34833E-15,   101.584E-18,       NoValue
D:/MoVerHu_Projekt/FE_Modell/FE-Abaqus-Model/Job-19.odb,Step-163,Increment      6: Step Time =    1.000,"LAGERSITZ_NEU-1",          4198,             4,          1315,      -122.384,      -18.5448,       27.7572,"ASSEMBLY_LAGERSITZ_NEU-1_SET-GEHAEUSE","ALUMINIUM",NA,            0.,            0.,            0.,            0.,   960.277E-03,   616.992E-03,       NoValue
D:/MoVerHu_Projekt/FE_Modell/FE-Abaqus-Model/Job-19.odb,Step-163,Increment      6: Step Time =    1.000,"LAGERSITZ_NEU-1",          4195,             4,          1315,      -122.384,      -18.5448,       27.7572,"ASSEMBLY_LAGERSITZ_NEU-1_SET-GEHAEUSE","ALUMINIUM",NA,            0.,            0.,            0.,            0.,   960.277E-03,   616.992E-03,       NoValue
D:/MoVerHu_Projekt/FE_Modell/FE-Abaqus-Model/Job-19.odb,Step-163,Increment      6: Step Time =    1.000,"LAGERSITZ_NEU-1",          4201,             4,          1316,      -122.384,      -21.2106,       27.0046,"ASSEMBLY_LAGERSITZ_NEU-1_SET-GEHAEUSE","ALUMINIUM",NA,            0.,            0.,            0.,            0.,   357.908E-03,   240.053E-03,       NoValue
D:/MoVerHu_Projekt/FE_Modell/FE-Abaqus-Model/Job-19.odb,Step-163,Increment      6: Step Time =    1.000,"LAGERSITZ_NEU-1",          4198,             4,          1316,      -122.384,      -21.2106,       27.0046,"ASSEMBLY_LAGERSITZ_NEU-1_SET-GEHAEUSE","ALUMINIUM",NA,            0.,            0.,            0.,            0.,   357.908E-03,   240.053E-03,       NoValue
D:/MoVerHu_Projekt/FE_Modell/FE-Abaqus-Model/Job-19.odb,Step-163,Increment      6: Step Time =    1.000,"LAGERSITZ_NEU-1",          4201,             4,          1317,      -122.384,      -23.8350,       26.1189,"ASSEMBLY_LAGERSITZ_NEU-1_SET-GEHAEUSE","ALUMINIUM",NA,            0.,            0.,            0.,            0.,  -3.44441E-15,  -1.44795E-15,       NoValue
D:/MoVerHu_Projekt/FE_Modell/FE-Abaqus-Model/Job-19.odb,Step-163,Increment      6: Step Time =    1.000,"LAGERSITZ_NEU-1",          4204,             4,          1317,      -122.384,      -23.8350,       26.1189,"ASSEMBLY_LAGERSITZ_NEU-1_SET-GEHAEUSE","ALUMINIUM",NA,            0.,            0.,            0.,            0.,  -3.44441E-15,  -1.44795E-15,       NoValue
D:/MoVerHu_Projekt/FE_Modell/FE-Abaqus-Model/Job-19.odb,Step-163,Increment      6: Step Time =    1.000,"LAGERSITZ_NEU-1",          4207,             4,          1318,      -122.384,      -26.4116,       25.1021,"ASSEMBLY_LAGERSITZ_NEU-1_SET-GEHAEUSE","ALUMINIUM",NA,            0.,            0.,            0.,            0.,   19.8188E-18,  -62.5203E-18,       NoValue
D:/MoVerHu_Projekt/FE_Modell/FE-Abaqus-Model/Job-19.odb,Step-163,Increment      6: Step Time =    1.000,"LAGERSITZ_NEU-1",          4204,             4,          1318,      -122.384,      -26.4116,       25.1021,"ASSEMBLY_LAGERSITZ_NEU-1_SET-GEHAEUSE","ALUMINIUM",NA,            0.,            0.,            0.,            0.,   19.8188E-18,  -62.5203E-18,       NoValue
D:/MoVerHu_Projekt/FE_Modell/FE-Abaqus-Model/Job-19.odb,Step-163,Increment      6: Step Time =    1.000,"LAGERSITZ_NEU-1",          4210,             4,          1319,      -122.384,      -28.9336,       23.9569,"ASSEMBLY_LAGERSITZ_NEU-1_SET-GEHAEUSE","ALUMINIUM",NA,            0.,            0.,            0.,            0.,  -1.07298E-15,   687.821E-18,       NoValue
D:/MoVerHu_Projekt/FE_Modell/FE-Abaqus-Model/Job-19.odb,Step-163,Increment      6: Step Time =    1.000,"LAGERSITZ_NEU-1",          4207,             4,          1319,      -122.384,      -28.9336,       23.9569,"ASSEMBLY_LAGERSITZ_NEU-1_SET-GEHAEUSE","ALUMINIUM",NA,            0.,            0.,            0.,            0.,  -1.07298E-15,   687.821E-18,       NoValue
D:/MoVerHu_Projekt/FE_Modell/FE-Abaqus-Model/Job-19.odb,Step-163,Increment      6: Step Time =    1.000,"LAGERSITZ_NEU-1",          4213,             4,          1320,      -122.384,      -31.3949,       22.6861,"ASSEMBLY_LAGERSITZ_NEU-1_SET-GEHAEUSE","ALUMINIUM",NA,            0.,            0.,            0.,            0.,  -931.637E-18,  -736.490E-18,       NoValue
D:/MoVerHu_Projekt/FE_Modell/FE-Abaqus-Model/Job-19.odb,Step-163,Increment      6: Step Time =    1.000,"LAGERSITZ_NEU-1",          4210,             4,          1320,      -122.384,      -31.3949,       22.6861,"ASSEMBLY_LAGERSITZ_NEU-1_SET-GEHAEUSE","ALUMINIUM",NA,            0.,            0.,            0.,            0.,  -931.637E-18,  -736.490E-18,       NoValue
D:/MoVerHu_Projekt/FE_Modell/FE-Abaqus-Model/Job-19.odb,Step-163,Increment      6: Step Time =    1.000,"LAGERSITZ_NEU-1",          4216,             4,          1321,      -122.384,      -33.7890,       21.2931,"ASSEMBLY_LAGERSITZ_NEU-1_SET-GEHAEUSE","ALUMINIUM",NA,            0.,            0.,            0.,            0.,   53.4866E-03,   42.9423E-03,       NoValue
D:/MoVerHu_Projekt/FE_Modell/FE-Abaqus-Model/Job-19.odb,Step-163,Increment      6: Step Time =    1.000,"LAGERSITZ_NEU-1",          4213,             4,          1321,      -122.384,      -33.7890,       21.2931,"ASSEMBLY_LAGERSITZ_NEU-1_SET-GEHAEUSE","ALUMINIUM",NA,            0.,            0.,            0.,            0.,   53.4866E-03,   42.9423E-03,       NoValue
D:/MoVerHu_Projekt/FE_Modell/FE-Abaqus-Model/Job-19.odb,Step-163,Increment      6: Step Time =    1.000,"LAGERSITZ_NEU-1",          4153,             4,          1333,      -122.384,       23.8707,       21.3165,"ASSEMBLY_LAGERSITZ_NEU-1_SET-GEHAEUSE","ALUMINIUM",NA,       48.8168,  -4.84037E-03,       25.4197,       41.6763,  -52.1144E-03,  -30.9978E-03,            1.
D:/MoVerHu_Projekt/FE_Modell/FE-Abaqus-Model/Job-19.odb,Step-163,Increment      6: Step Time =    1.000,"LAGERSITZ_NEU-1",          4150,             4,          1333,      -122.384,       23.8707,       21.3165,"ASSEMBLY_LAGERSITZ_NEU-1_SET-GEHAEUSE","ALUMINIUM",NA,       48.8168,  -4.84037E-03,       25.4197,       41.6763,  -52.1144E-03,  -30.9978E-03,            1.
D:/MoVerHu_Projekt/FE_Modell/FE-Abaqus-Model/Job-19.odb,Step-163,Increment      6: Step Time =    1.000,"LAGERSITZ_NEU-1",          4153,             4,          1334,      -122.384,       21.2543,       22.8280,"ASSEMBLY_LAGERSITZ_NEU-1_SET-GEHAEUSE","ALUMINIUM",NA,       48.8281,   4.99417E-03,       23.3074,       42.9063,  -75.5075E-03,  -45.5221E-03,            1.
D:/MoVerHu_Projekt/FE_Modell/FE-Abaqus-Model/Job-19.odb,Step-163,Increment      6: Step Time =    1.000,"LAGERSITZ_NEU-1",          4156,             4,          1334,      -122.384,       21.2543,       22.8280,"ASSEMBLY_LAGERSITZ_NEU-1_SET-GEHAEUSE","ALUMINIUM",NA,       48.8281,   4.99417E-03,       23.3074,       42.9063,  -75.5075E-03,  -45.5221E-03,            1.
D:/MoVerHu_Projekt/FE_Modell/FE-Abaqus-Model/Job-19.odb,Step-163,Increment      6: Step Time =    1.000,"LAGERSITZ_NEU-1",          4159,             4,          1335,      -122.384,       18.5588,       24.1936,"ASSEMBLY_LAGERSITZ_NEU-1_SET-GEHAEUSE","ALUMINIUM",NA,       40.3854,   8.61708E-03,       17.2108,       36.5345,  -579.277E-03,  -346.057E-03,            1.
D:/MoVerHu_Projekt/FE_Modell/FE-Abaqus-Model/Job-19.odb,Step-163,Increment      6: Step Time =    1.000,"LAGERSITZ_NEU-1",          4156,             4,          1335,      -122.384,       18.5588,       24.1936,"ASSEMBLY_LAGERSITZ_NEU-1_SET-GEHAEUSE","ALUMINIUM",NA,       40.3854,   8.61708E-03,       17.2108,       36.5345,  -579.277E-03,  -346.057E-03,            1.
D:/MoVerHu_Projekt/FE_Modell/FE-Abaqus-Model/Job-19.odb,Step-163,Increment      6: Step Time =    1.000,"LAGERSITZ_NEU-1",          4159,             4,          1336,      -122.384,       15.7924,       25.4091,"ASSEMBLY_LAGERSITZ_NEU-1_SET-GEHAEUSE","ALUMINIUM",NA,       56.5955,   18.8785E-03,       21.3154,       52.4280,  -64.0448E-03,  -37.4507E-03,            1.
D:/MoVerHu_Projekt/FE_Modell/FE-Abaqus-Model/Job-19.odb,Step-163,Increment      6: Step Time =    1.000,"LAGERSITZ_NEU-1",          4162,             4,          1336,      -122.384,       15.7924,       25.4091,"ASSEMBLY_LAGERSITZ_NEU-1_SET-GEHAEUSE","ALUMINIUM",NA,       56.5955,   18.8785E-03,       21.3154,       52.4280,  -64.0448E-03,  -37.4507E-03,            1.
D:/MoVerHu_Projekt/FE_Modell/FE-Abaqus-Model/Job-19.odb,Step-163,Increment      6: Step Time =    1.000,"LAGERSITZ_NEU-1",          4165,             4,          1337,      -122.384,       12.9634,       26.4708,"ASSEMBLY_LAGERSITZ_NEU-1_SET-GEHAEUSE","ALUMINIUM",NA,       38.6147,   11.5390E-03,       12.7725,       36.4412,  -514.053E-03,  -308.161E-03,            1.
D:/MoVerHu_Projekt/FE_Modell/FE-Abaqus-Model/Job-19.odb,Step-163,Increment      6: Step Time =    1.000,"LAGERSITZ_NEU-1",          4162,             4,          1337,      -122.384,       12.9634,       26.4708,"ASSEMBLY_LAGERSITZ_NEU-1_SET-GEHAEUSE","ALUMINIUM",NA,       38.6147,   11.5390E-03,       12.7725,       36.4412,  -514.053E-03,  -308.161E-03,            1.
D:/MoVerHu_Projekt/FE_Modell/FE-Abaqus-Model/Job-19.odb,Step-163,Increment      6: Step Time =    1.000,"LAGERSITZ_NEU-1",          4168,             4,          1338,      -122.384,       10.0804,       27.3755,"ASSEMBLY_LAGERSITZ_NEU-1_SET-GEHAEUSE","ALUMINIUM",NA,       5.12332,   1.24139E-03,       1.53416,       4.88823,   626.762E-03,   456.372E-03,       NoValue
D:/MoVerHu_Projekt/FE_Modell/FE-Abaqus-Model/Job-19.odb,Step-163,Increment      6: Step Time =    1.000,"LAGERSITZ_NEU-1",          4165,             4,          1338,      -122.384,       10.0804,       27.3755,"ASSEMBLY_LAGERSITZ_NEU-1_SET-GEHAEUSE","ALUMINIUM",NA,       5.12332,   1.24139E-03,       1.53416,       4.88823,   626.762E-03,   456.372E-03,       NoValue
D:/MoVerHu_Projekt/FE_Modell/FE-Abaqus-Model/Job-19.odb,Step-163,Increment      6: Step Time =    1.000,"LAGERSITZ_NEU-1",          4171,             4,          1339,      -122.384,       7.15202,       28.1206,"ASSEMBLY_LAGERSITZ_NEU-1_SET-GEHAEUSE","ALUMINIUM",NA,            0.,            0.,            0.,            0.,   105.262E-03,   72.9962E-03,       NoValue
D:/MoVerHu_Projekt/FE_Modell/FE-Abaqus-Model/Job-19.odb,Step-163,Increment      6: Step Time =    1.000,"LAGERSITZ_NEU-1",          4168,             4,          1339,      -122.384,       7.15202,       28.1206,"ASSEMBLY_LAGERSITZ_NEU-1_SET-GEHAEUSE","ALUMINIUM",NA,            0.,            0.,            0.,            0.,   105.262E-03,   72.9962E-03,       NoValue
D:/MoVerHu_Projekt/FE_Modell/FE-Abaqus-Model/Job-19.odb,Step-163,Increment      6: Step Time =    1.000,"LAGERSITZ_NEU-1",          4171,             4,          1340,      -122.384,       4.18716,       28.7037,"ASSEMBLY_LAGERSITZ_NEU-1_SET-GEHAEUSE","ALUMINIUM",NA,            0.,            0.,            0.,            0.,  -222.410E-18,   624.970E-18,       NoValue
D:/MoVerHu_Projekt/FE_Modell/FE-Abaqus-Model/Job-19.odb,Step-163,Increment      6: Step Time =    1.000,"LAGERSITZ_NEU-1",          4174,             4,          1340,      -122.384,       4.18716,       28.7037,"ASSEMBLY_LAGERSITZ_NEU-1_SET-GEHAEUSE","ALUMINIUM",NA,            0.,            0.,            0.,            0.,  -222.410E-18,   624.970E-18,       NoValue
D:/MoVerHu_Projekt/FE_Modell/FE-Abaqus-Model/Job-19.odb,Step-163,Increment      6: Step Time =    1.000,"LAGERSITZ_NEU-1",          4174,             4,          1341,      -122.384,       1.19475,       29.1231,"ASSEMBLY_LAGERSITZ_NEU-1_SET-GEHAEUSE","ALUMINIUM",NA,            0.,            0.,            0.,            0.,  -2.21755E-15,   7.59949E-18,       NoValue
D:/MoVerHu_Projekt/FE_Modell/FE-Abaqus-Model/Job-19.odb,Step-163,Increment      6: Step Time =    1.000,"LAGERSITZ_NEU-1",          4177,             4,          1341,      -122.384,       1.19475,       29.1231,"ASSEMBLY_LAGERSITZ_NEU-1_SET-GEHAEUSE","ALUMINIUM",NA,            0.,            0.,            0.,            0.,  -2.21755E-15,   7.59949E-18,       NoValue
D:/MoVerHu_Projekt/FE_Modell/FE-Abaqus-Model/Job-19.odb,Step-163,Increment      6: Step Time =    1.000,"LAGERSITZ_NEU-1",          4180,             4,          1342,      -122.384,      -1.81618,       29.3775,"ASSEMBLY_LAGERSITZ_NEU-1_SET-GEHAEUSE","ALUMINIUM",NA,            0.,            0.,            0.,            0.,  -1.07563E-15,  -21.1042E-18,       NoValue
D:/MoVerHu_Projekt/FE_Modell/FE-Abaqus-Model/Job-19.odb,Step-163,Increment      6: Step Time =    1.000,"LAGERSITZ_NEU-1",          4177,             4,          1342,      -122.384,      -1.81618,       29.3775,"ASSEMBLY_LAGERSITZ_NEU-1_SET-GEHAEUSE","ALUMINIUM",NA,            0.,            0.,            0.,            0.,  -1.07563E-15,  -21.1042E-18,       NoValue
D:/MoVerHu_Projekt/FE_Modell/FE-Abaqus-Model/Job-19.odb,Step-163,Increment      6: Step Time =    1.000,"LAGERSITZ_NEU-1",          4111,             4,          1353,      -122.384,       47.7074,      -9.62024,"ASSEMBLY_LAGERSITZ_NEU-1_SET-GEHAEUSE","ALUMINIUM",NA,       3.65195,  -9.95621E-03,       3.48992,       1.07567,   2.21099E-15,  -19.5655E-18,       NoValue
D:/MoVerHu_Projekt/FE_Modell/FE-Abaqus-Model/Job-19.odb,Step-163,Increment      6: Step Time =    1.000,"LAGERSITZ_NEU-1",          4114,             4,          1353,      -122.384,       47.7074,      -9.62024,"ASSEMBLY_LAGERSITZ_NEU-1_SET-GEHAEUSE","ALUMINIUM",NA,       3.65195,  -9.95621E-03,       3.48992,       1.07567,   2.21099E-15,  -19.5655E-18,       NoValue
D:/MoVerHu_Projekt/FE_Modell/FE-Abaqus-Model/Job-19.odb,Step-163,Increment      6: Step Time =    1.000,"LAGERSITZ_NEU-1",          4114,             4,          1354,      -122.384,       46.7358,      -6.70289,"ASSEMBLY_LAGERSITZ_NEU-1_SET-GEHAEUSE","ALUMINIUM",NA,       15.5815,  -41.0456E-03,       14.6099,       5.41570,   4.23154E-15,   545.697E-18,       NoValue
D:/MoVerHu_Projekt/FE_Modell/FE-Abaqus-Model/Job-19.odb,Step-163,Increment      6: Step Time =    1.000,"LAGERSITZ_NEU-1",          4117,             4,          1354,      -122.384,       46.7358,      -6.70289,"ASSEMBLY_LAGERSITZ_NEU-1_SET-GEHAEUSE","ALUMINIUM",NA,       15.5815,  -41.0456E-03,       14.6099,       5.41570,   4.23154E-15,   545.697E-18,       NoValue
D:/MoVerHu_Projekt/FE_Modell/FE-Abaqus-Model/Job-19.odb,Step-163,Increment      6: Step Time =    1.000,"LAGERSITZ_NEU-1",          4120,             4,          1355,      -122.384,       45.6027,      -3.84439,"ASSEMBLY_LAGERSITZ_NEU-1_SET-GEHAEUSE","ALUMINIUM",NA,       20.1174,  -49.8964E-03,       18.4885,       7.92971,  -4.68583E-03,  -20.5201E-03,       NoValue
D:/MoVerHu_Projekt/FE_Modell/FE-Abaqus-Model/Job-19.odb,Step-163,Increment      6: Step Time =    1.000,"LAGERSITZ_NEU-1",          4117,             4,          1355,      -122.384,       45.6027,      -3.84439,"ASSEMBLY_LAGERSITZ_NEU-1_SET-GEHAEUSE","ALUMINIUM",NA,       20.1174,  -49.8964E-03,       18.4885,       7.92971,  -4.68583E-03,  -20.5201E-03,       NoValue
D:/MoVerHu_Projekt/FE_Modell/FE-Abaqus-Model/Job-19.odb,Step-163,Increment      6: Step Time =    1.000,"LAGERSITZ_NEU-1",          4123,             4,          1356,      -122.384,       44.3116,      -1.05368,"ASSEMBLY_LAGERSITZ_NEU-1_SET-GEHAEUSE","ALUMINIUM",NA,       17.7252,  -38.6239E-03,       15.8264,       7.98161,   1.72946E-15,  -191.700E-18,       NoValue
D:/MoVerHu_Projekt/FE_Modell/FE-Abaqus-Model/Job-19.odb,Step-163,Increment      6: Step Time =    1.000,"LAGERSITZ_NEU-1",          4120,             4,          1356,      -122.384,       44.3116,      -1.05368,"ASSEMBLY_LAGERSITZ_NEU-1_SET-GEHAEUSE","ALUMINIUM",NA,       17.7252,  -38.6239E-03,       15.8264,       7.98161,   1.72946E-15,  -191.700E-18,       NoValue
D:/MoVerHu_Projekt/FE_Modell/FE-Abaqus-Model/Job-19.odb,Step-163,Increment      6: Step Time =    1.000,"LAGERSITZ_NEU-1",          4123,             4,          1357,      -122.384,       42.8665,       1.66051,"ASSEMBLY_LAGERSITZ_NEU-1_SET-GEHAEUSE","ALUMINIUM",NA,       47.3705,  -96.8100E-03,       41.0459,       23.6471,  -127.261E-03,  -167.721E-03,            1.
D:/MoVerHu_Projekt/FE_Modell/FE-Abaqus-Model/Job-19.odb,Step-163,Increment      6: Step Time =    1.000,"LAGERSITZ_NEU-1",          4126,             4,          1357,      -122.384,       42.8665,       1.66051,"ASSEMBLY_LAGERSITZ_NEU-1_SET-GEHAEUSE","ALUMINIUM",NA,       47.3705,  -96.8100E-03,       41.0459,       23.6471,  -127.261E-03,  -167.721E-03,            1.
D:/MoVerHu_Projekt/FE_Modell/FE-Abaqus-Model/Job-19.odb,Step-163,Increment      6: Step Time =    1.000,"LAGERSITZ_NEU-1",          4129,             4,          1358,      -122.384,       41.2721,       4.28970,"ASSEMBLY_LAGERSITZ_NEU-1_SET-GEHAEUSE","ALUMINIUM",NA,       64.6552,  -120.010E-03,       54.3892,       34.9586,  -53.7725E-03,  -48.3832E-03,            1.
D:/MoVerHu_Projekt/FE_Modell/FE-Abaqus-Model/Job-19.odb,Step-163,Increment      6: Step Time =    1.000,"LAGERSITZ_NEU-1",          4126,             4,          1358,      -122.384,       41.2721,       4.28970,"ASSEMBLY_LAGERSITZ_NEU-1_SET-GEHAEUSE","ALUMINIUM",NA,       64.6552,  -120.010E-03,       54.3892,       34.9586,  -53.7725E-03,  -48.3832E-03,            1.
D:/MoVerHu_Projekt/FE_Modell/FE-Abaqus-Model/Job-19.odb,Step-163,Increment      6: Step Time =    1.000,"LAGERSITZ_NEU-1",          4129,             4,          1359,      -122.384,       39.5332,       6.82567,"ASSEMBLY_LAGERSITZ_NEU-1_SET-GEHAEUSE","ALUMINIUM",NA,       9.76754,  -15.9683E-03,       8.05005,       5.53184,   748.896E-18,  -459.388E-18,       NoValue
D:/MoVerHu_Projekt/FE_Modell/FE-Abaqus-Model/Job-19.odb,Step-163,Increment      6: Step Time =    1.000,"LAGERSITZ_NEU-1",          4132,             4,          1359,      -122.384,       39.5332,       6.82567,"ASSEMBLY_LAGERSITZ_NEU-1_SET-GEHAEUSE","ALUMINIUM",NA,       9.76754,  -15.9683E-03,       8.05005,       5.53184,   748.896E-18,  -459.388E-18,       NoValue
D:/MoVerHu_Projekt/FE_Modell/FE-Abaqus-Model/Job-19.odb,Step-163,Increment      6: Step Time =    1.000,"LAGERSITZ_NEU-1",          4132,             4,          1360,      -122.384,       37.6552,       9.26050,"ASSEMBLY_LAGERSITZ_NEU-1_SET-GEHAEUSE","ALUMINIUM",NA,            0.,            0.,            0.,            0.,   2.55501E-15,  -1.71577E-15,       NoValue
D:/MoVerHu_Projekt/FE_Modell/FE-Abaqus-Model/Job-19.odb,Step-163,Increment      6: Step Time =    1.000,"LAGERSITZ_NEU-1",          4135,             4,          1360,      -122.384,       37.6552,       9.26050,"ASSEMBLY_LAGERSITZ_NEU-1_SET-GEHAEUSE","ALUMINIUM",NA,            0.,            0.,            0.,            0.,   2.55501E-15,  -1.71577E-15,       NoValue
D:/MoVerHu_Projekt/FE_Modell/FE-Abaqus-Model/Job-19.odb,Step-163,Increment      6: Step Time =    1.000,"LAGERSITZ_NEU-1",          4138,             4,          1361,      -122.384,       35.6442,       11.5866,"ASSEMBLY_LAGERSITZ_NEU-1_SET-GEHAEUSE","ALUMINIUM",NA,   785.038E-03,  -542.044E-06,   564.019E-03,   546.047E-03,  -2.64455E-15,  -1.94594E-15,       NoValue
D:/MoVerHu_Projekt/FE_Modell/FE-Abaqus-Model/Job-19.odb,Step-163,Increment      6: Step Time =    1.000,"LAGERSITZ_NEU-1",          4135,             4,          1361,      -122.384,       35.6442,       11.5866,"ASSEMBLY_LAGERSITZ_NEU-1_SET-GEHAEUSE","ALUMINIUM",NA,   785.038E-03,  -542.044E-06,   564.019E-03,   546.047E-03,  -2.64455E-15,  -1.94594E-15,       NoValue
D:/MoVerHu_Projekt/FE_Modell/FE-Abaqus-Model/Job-19.odb,Step-163,Increment      6: Step Time =    1.000,"LAGERSITZ_NEU-1",          4138,             4,          1362,      -122.384,       33.5063,       13.7966,"ASSEMBLY_LAGERSITZ_NEU-1_SET-GEHAEUSE","ALUMINIUM",NA,       10.7422,  -7.25129E-03,       7.38590,       7.80015,   221.401E-18,  -1.94197E-15,       NoValue
D:/MoVerHu_Projekt/FE_Modell/FE-Abaqus-Model/Job-19.odb,Step-163,Increment      6: Step Time =    1.000,"LAGERSITZ_NEU-1",          4141,             4,          1362,      -122.384,       33.5063,       13.7966,"ASSEMBLY_LAGERSITZ_NEU-1_SET-GEHAEUSE","ALUMINIUM",NA,       10.7422,  -7.25129E-03,       7.38590,       7.80015,   221.401E-18,  -1.94197E-15,       NoValue
D:/MoVerHu_Projekt/FE_Modell/FE-Abaqus-Model/Job-19.odb,Step-163,Increment      6: Step Time =    1.000,"LAGERSITZ_NEU-1",          4144,             4,          1363,      -122.384,       31.2482,       15.8838,"ASSEMBLY_LAGERSITZ_NEU-1_SET-GEHAEUSE","ALUMINIUM",NA,       36.9299,  -23.7180E-03,       24.3127,       27.7976,  -281.903E-03,  -199.723E-03,            1.
D:/MoVerHu_Projekt/FE_Modell/FE-Abaqus-Model/Job-19.odb,Step-163,Increment      6: Step Time =    1.000,"LAGERSITZ_NEU-1",          4141,             4,          1363,      -122.384,       31.2482,       15.8838,"ASSEMBLY_LAGERSITZ_NEU-1_SET-GEHAEUSE","ALUMINIUM",NA,       36.9299,  -23.7180E-03,       24.3127,       27.7976,  -281.903E-03,  -199.723E-03,            1.
D:/MoVerHu_Projekt/FE_Modell/FE-Abaqus-Model/Job-19.odb,Step-163,Increment      6: Step Time =    1.000,"LAGERSITZ_NEU-1",          4147,             4,          1364,      -122.384,       28.8770,       17.8414,"ASSEMBLY_LAGERSITZ_NEU-1_SET-GEHAEUSE","ALUMINIUM",NA,       6.01802,  -3.35968E-03,       3.83108,       4.64105,   3.97006E-15,   424.348E-18,       NoValue
D:/MoVerHu_Projekt/FE_Modell/FE-Abaqus-Model/Job-19.odb,Step-163,Increment      6: Step Time =    1.000,"LAGERSITZ_NEU-1",          4144,             4,          1364,      -122.384,       28.8770,       17.8414,"ASSEMBLY_LAGERSITZ_NEU-1_SET-GEHAEUSE","ALUMINIUM",NA,       6.01802,  -3.35968E-03,       3.83108,       4.64105,   3.97006E-15,   424.348E-18,       NoValue
D:/MoVerHu_Projekt/FE_Modell/FE-Abaqus-Model/Job-19.odb,Step-163,Increment      6: Step Time =    1.000,"LAGERSITZ_NEU-1",          4444,             4,          1377,      -122.384,       49.0336,      -36.1090,"ASSEMBLY_LAGERSITZ_NEU-1_SET-GEHAEUSE","ALUMINIUM",NA,       120.384,  -478.656E-03,       118.142,      -23.1244,   123.651E-03,  -528.302E-06,            2.
D:/MoVerHu_Projekt/FE_Modell/FE-Abaqus-Model/Job-19.odb,Step-163,Increment      6: Step Time =    1.000,"LAGERSITZ_NEU-1",          4447,             4,          1377,      -122.384,       49.0336,      -36.1090,"ASSEMBLY_LAGERSITZ_NEU-1_SET-GEHAEUSE","ALUMINIUM",NA,       120.384,  -478.656E-03,       118.142,      -23.1244,   123.651E-03,  -528.302E-06,            2.
D:/MoVerHu_Projekt/FE_Modell/FE-Abaqus-Model/Job-19.odb,Step-163,Increment      6: Step Time =    1.000,"LAGERSITZ_NEU-1",          4450,             4,          1378,      -122.384,       49.4780,      -33.5125,"ASSEMBLY_LAGERSITZ_NEU-1_SET-GEHAEUSE","ALUMINIUM",NA,       102.627,  -405.971E-03,       101.512,      -15.0846,   113.728E-03,  -14.9832E-03,            2.
D:/MoVerHu_Projekt/FE_Modell/FE-Abaqus-Model/Job-19.odb,Step-163,Increment      6: Step Time =    1.000,"LAGERSITZ_NEU-1",          4447,             4,          1378,      -122.384,       49.4780,      -33.5125,"ASSEMBLY_LAGERSITZ_NEU-1_SET-GEHAEUSE","ALUMINIUM",NA,       102.627,  -405.971E-03,       101.512,      -15.0846,   113.728E-03,  -14.9832E-03,            2.
D:/MoVerHu_Projekt/FE_Modell/FE-Abaqus-Model/Job-19.odb,Step-163,Increment      6: Step Time =    1.000,"LAGERSITZ_NEU-1",          4453,             4,          1379,      -122.384,       49.7977,      -30.8977,"ASSEMBLY_LAGERSITZ_NEU-1_SET-GEHAEUSE","ALUMINIUM",NA,       52.6375,  -204.123E-03,       52.3583,      -5.41027,   79.8494E-03,  -24.7779E-03,            2.
D:/MoVerHu_Projekt/FE_Modell/FE-Abaqus-Model/Job-19.odb,Step-163,Increment      6: Step Time =    1.000,"LAGERSITZ_NEU-1",          4450,             4,          1379,      -122.384,       49.7977,      -30.8977,"ASSEMBLY_LAGERSITZ_NEU-1_SET-GEHAEUSE","ALUMINIUM",NA,       52.6375,  -204.123E-03,       52.3583,      -5.41027,   79.8494E-03,  -24.7779E-03,            2.
D:/MoVerHu_Projekt/FE_Modell/FE-Abaqus-Model/Job-19.odb,Step-163,Increment      6: Step Time =    1.000,"LAGERSITZ_NEU-1",          4456,             4,          1380,      -122.384,       49.9917,      -28.2706,"ASSEMBLY_LAGERSITZ_NEU-1_SET-GEHAEUSE","ALUMINIUM",NA,       20.5014,  -75.4905E-03,       20.4772,  -992.162E-03,   1.67553E-15,  -444.056E-18,       NoValue
D:/MoVerHu_Projekt/FE_Modell/FE-Abaqus-Model/Job-19.odb,Step-163,Increment      6: Step Time =    1.000,"LAGERSITZ_NEU-1",          4453,             4,          1380,      -122.384,       49.9917,      -28.2706,"ASSEMBLY_LAGERSITZ_NEU-1_SET-GEHAEUSE","ALUMINIUM",NA,       20.5014,  -75.4905E-03,       20.4772,  -992.162E-03,   1.67553E-15,  -444.056E-18,       NoValue
D:/MoVerHu_Projekt/FE_Modell/FE-Abaqus-Model/Job-19.odb,Step-163,Increment      6: Step Time =    1.000,"LAGERSITZ_NEU-1",          4339,             4,          1396,      -122.384,      -33.9652,      -72.2514,"ASSEMBLY_LAGERSITZ_NEU-1_SET-GEHAEUSE","ALUMINIUM",NA,            0.,            0.,            0.,            0.,   604.016E-18,   3.66405E-15,       NoValue
D:/MoVerHu_Projekt/FE_Modell/FE-Abaqus-Model/Job-19.odb,Step-163,Increment      6: Step Time =    1.000,"LAGERSITZ_NEU-1",          4336,             4,          1396,      -122.384,      -33.9652,      -72.2514,"ASSEMBLY_LAGERSITZ_NEU-1_SET-GEHAEUSE","ALUMINIUM",NA,            0.,            0.,            0.,            0.,   604.016E-18,   3.66405E-15,       NoValue
D:/MoVerHu_Projekt/FE_Modell/FE-Abaqus-Model/Job-19.odb,Step-163,Increment      6: Step Time =    1.000,"LAGERSITZ_NEU-1",          4342,             4,          1397,      -122.384,      -31.5763,      -73.6534,"ASSEMBLY_LAGERSITZ_NEU-1_SET-GEHAEUSE","ALUMINIUM",NA,            0.,            0.,            0.,            0.,  -6.79221E-15,  -522.266E-18,       NoValue
D:/MoVerHu_Projekt/FE_Modell/FE-Abaqus-Model/Job-19.odb,Step-163,Increment      6: Step Time =    1.000,"LAGERSITZ_NEU-1",          4339,             4,          1397,      -122.384,      -31.5763,      -73.6534,"ASSEMBLY_LAGERSITZ_NEU-1_SET-GEHAEUSE","ALUMINIUM",NA,            0.,            0.,            0.,            0.,  -6.79221E-15,  -522.266E-18,       NoValue
D:/MoVerHu_Projekt/FE_Modell/FE-Abaqus-Model/Job-19.odb,Step-163,Increment      6: Step Time =    1.000,"LAGERSITZ_NEU-1",          4342,             4,          1398,      -122.384,      -29.1199,      -74.9334,"ASSEMBLY_LAGERSITZ_NEU-1_SET-GEHAEUSE","ALUMINIUM",NA,            0.,            0.,            0.,            0.,   981.351E-18,   1.08265E-15,       NoValue
D:/MoVerHu_Projekt/FE_Modell/FE-Abaqus-Model/Job-19.odb,Step-163,Increment      6: Step Time =    1.000,"LAGERSITZ_NEU-1",          4345,             4,          1398,      -122.384,      -29.1199,      -74.9334,"ASSEMBLY_LAGERSITZ_NEU-1_SET-GEHAEUSE","ALUMINIUM",NA,            0.,            0.,            0.,            0.,   981.351E-18,   1.08265E-15,       NoValue
D:/MoVerHu_Projekt/FE_Modell/FE-Abaqus-Model/Job-19.odb,Step-163,Increment      6: Step Time =    1.000,"LAGERSITZ_NEU-1",          4348,             4,          1399,      -122.384,      -26.6022,      -76.0882,"ASSEMBLY_LAGERSITZ_NEU-1_SET-GEHAEUSE","ALUMINIUM",NA,            0.,            0.,            0.,            0.,  -973.570E-18,  -1.04213E-15,       NoValue
D:/MoVerHu_Projekt/FE_Modell/FE-Abaqus-Model/Job-19.odb,Step-163,Increment      6: Step Time =    1.000,"LAGERSITZ_NEU-1",          4345,             4,          1399,      -122.384,      -26.6022,      -76.0882,"ASSEMBLY_LAGERSITZ_NEU-1_SET-GEHAEUSE","ALUMINIUM",NA,            0.,            0.,            0.,            0.,  -973.570E-18,  -1.04213E-15,       NoValue
D:/MoVerHu_Projekt/FE_Modell/FE-Abaqus-Model/Job-19.odb,Step-163,Increment      6: Step Time =    1.000,"LAGERSITZ_NEU-1",          4351,             4,          1400,      -122.384,      -24.0295,      -77.1146,"ASSEMBLY_LAGERSITZ_NEU-1_SET-GEHAEUSE","ALUMINIUM",NA,            0.,            0.,            0.,            0.,  -3.28247E-15,   1.15749E-15,       NoValue
D:/MoVerHu_Projekt/FE_Modell/FE-Abaqus-Model/Job-19.odb,Step-163,Increment      6: Step Time =    1.000,"LAGERSITZ_NEU-1",          4348,             4,          1400,      -122.384,      -24.0295,      -77.1146,"ASSEMBLY_LAGERSITZ_NEU-1_SET-GEHAEUSE","ALUMINIUM",NA,            0.,            0.,            0.,            0.,  -3.28247E-15,   1.15749E-15,       NoValue
D:/MoVerHu_Projekt/FE_Modell/FE-Abaqus-Model/Job-19.odb,Step-163,Increment      6: Step Time =    1.000,"LAGERSITZ_NEU-1",          4351,             4,          1401,      -122.384,      -21.4084,      -78.0103,"ASSEMBLY_LAGERSITZ_NEU-1_SET-GEHAEUSE","ALUMINIUM",NA,            0.,            0.,            0.,            0.,   7.55116E-03,  -5.82054E-03,       NoValue
D:/MoVerHu_Projekt/FE_Modell/FE-Abaqus-Model/Job-19.odb,Step-163,Increment      6: Step Time =    1.000,"LAGERSITZ_NEU-1",          4354,             4,          1401,      -122.384,      -21.4084,      -78.0103,"ASSEMBLY_LAGERSITZ_NEU-1_SET-GEHAEUSE","ALUMINIUM",NA,            0.,            0.,            0.,            0.,   7.55116E-03,  -5.82054E-03,       NoValue
D:/MoVerHu_Projekt/FE_Modell/FE-Abaqus-Model/Job-19.odb,Step-163,Increment      6: Step Time =    1.000,"LAGERSITZ_NEU-1",          4354,             4,          1402,      -122.384,      -18.7455,      -78.7729,"ASSEMBLY_LAGERSITZ_NEU-1_SET-GEHAEUSE","ALUMINIUM",NA,            0.,            0.,            0.,            0.,   994.447E-03,  -625.295E-03,       NoValue
D:/MoVerHu_Projekt/FE_Modell/FE-Abaqus-Model/Job-19.odb,Step-163,Increment      6: Step Time =    1.000,"LAGERSITZ_NEU-1",          4357,             4,          1402,      -122.384,      -18.7455,      -78.7729,"ASSEMBLY_LAGERSITZ_NEU-1_SET-GEHAEUSE","ALUMINIUM",NA,            0.,            0.,            0.,            0.,   994.447E-03,  -625.295E-03,       NoValue
D:/MoVerHu_Projekt/FE_Modell/FE-Abaqus-Model/Job-19.odb,Step-163,Increment      6: Step Time =    1.000,"LAGERSITZ_NEU-1",          4360,             4,          1403,      -122.384,      -16.0476,      -79.4004,"ASSEMBLY_LAGERSITZ_NEU-1_SET-GEHAEUSE","ALUMINIUM",NA,            0.,            0.,            0.,            0.,   5.06012E-15,   1.36931E-15,       NoValue
D:/MoVerHu_Projekt/FE_Modell/FE-Abaqus-Model/Job-19.odb,Step-163,Increment      6: Step Time =    1.000,"LAGERSITZ_NEU-1",          4357,             4,          1403,      -122.384,      -16.0476,      -79.4004,"ASSEMBLY_LAGERSITZ_NEU-1_SET-GEHAEUSE","ALUMINIUM",NA,            0.,            0.,            0.,            0.,   5.06012E-15,   1.36931E-15,       NoValue
D:/MoVerHu_Projekt/FE_Modell/FE-Abaqus-Model/Job-19.odb,Step-163,Increment      6: Step Time =    1.000,"LAGERSITZ_NEU-1",          4363,             4,          1404,      -122.384,      -13.3215,      -79.8913,"ASSEMBLY_LAGERSITZ_NEU-1_SET-GEHAEUSE","ALUMINIUM",NA,            0.,            0.,            0.,            0.,   1.48264E-15,   641.994E-18,       NoValue
D:/MoVerHu_Projekt/FE_Modell/FE-Abaqus-Model/Job-19.odb,Step-163,Increment      6: Step Time =    1.000,"LAGERSITZ_NEU-1",          4360,             4,          1404,      -122.384,      -13.3215,      -79.8913,"ASSEMBLY_LAGERSITZ_NEU-1_SET-GEHAEUSE","ALUMINIUM",NA,            0.,            0.,            0.,            0.,   1.48264E-15,   641.994E-18,       NoValue
D:/MoVerHu_Projekt/FE_Modell/FE-Abaqus-Model/Job-19.odb,Step-163,Increment      6: Step Time =    1.000,"LAGERSITZ_NEU-1",          4366,             4,          1405,      -122.384,      -10.5742,      -80.2443,"ASSEMBLY_LAGERSITZ_NEU-1_SET-GEHAEUSE","ALUMINIUM",NA,            0.,            0.,            0.,            0.,  -2.32305E-15,  -388.007E-18,       NoValue
D:/MoVerHu_Projekt/FE_Modell/FE-Abaqus-Model/Job-19.odb,Step-163,Increment      6: Step Time =    1.000,"LAGERSITZ_NEU-1",          4363,             4,          1405,      -122.384,      -10.5742,      -80.2443,"ASSEMBLY_LAGERSITZ_NEU-1_SET-GEHAEUSE","ALUMINIUM",NA,            0.,            0.,            0.,            0.,  -2.32305E-15,  -388.007E-18,       NoValue
D:/MoVerHu_Projekt/FE_Modell/FE-Abaqus-Model/Job-19.odb,Step-163,Increment      6: Step Time =    1.000,"LAGERSITZ_NEU-1",          4369,             4,          1406,      -122.384,      -7.81262,      -80.4586,"ASSEMBLY_LAGERSITZ_NEU-1_SET-GEHAEUSE","ALUMINIUM",NA,            0.,            0.,            0.,            0.,   2.36560E-15,  -29.2564E-18,       NoValue
D:/MoVerHu_Projekt/FE_Modell/FE-Abaqus-Model/Job-19.odb,Step-163,Increment      6: Step Time =    1.000,"LAGERSITZ_NEU-1",          4366,             4,          1406,      -122.384,      -7.81262,      -80.4586,"ASSEMBLY_LAGERSITZ_NEU-1_SET-GEHAEUSE","ALUMINIUM",NA,            0.,            0.,            0.,            0.,   2.36560E-15,  -29.2564E-18,       NoValue
D:/MoVerHu_Projekt/FE_Modell/FE-Abaqus-Model/Job-19.odb,Step-163,Increment      6: Step Time =    1.000,"LAGERSITZ_NEU-1",          4408,             4,          1461,      -122.384,       28.7134,      -69.0358,"ASSEMBLY_LAGERSITZ_NEU-1_SET-GEHAEUSE","ALUMINIUM",NA,       12.4365,  -29.6706E-03,       7.87791,      -9.62309,  -3.96008E-15,  -529.677E-18,       NoValue
D:/MoVerHu_Projekt/FE_Modell/FE-Abaqus-Model/Job-19.odb,Step-163,Increment      6: Step Time =    1.000,"LAGERSITZ_NEU-1",          4405,             4,          1461,      -122.384,       28.7134,      -69.0358,"ASSEMBLY_LAGERSITZ_NEU-1_SET-GEHAEUSE","ALUMINIUM",NA,       12.4365,  -29.6706E-03,       7.87791,      -9.62309,  -3.96008E-15,  -529.677E-18,       NoValue
D:/MoVerHu_Projekt/FE_Modell/FE-Abaqus-Model/Job-19.odb,Step-163,Increment      6: Step Time =    1.000,"LAGERSITZ_NEU-1",          4408,             4,          1462,      -122.384,       31.0919,      -67.0871,"ASSEMBLY_LAGERSITZ_NEU-1_SET-GEHAEUSE","ALUMINIUM",NA,       84.2340,  -213.369E-03,       55.3602,      -63.4868,  -77.2624E-03,   114.534E-03,            1.
D:/MoVerHu_Projekt/FE_Modell/FE-Abaqus-Model/Job-19.odb,Step-163,Increment      6: Step Time =    1.000,"LAGERSITZ_NEU-1",          4411,             4,          1462,      -122.384,       31.0919,      -67.0871,"ASSEMBLY_LAGERSITZ_NEU-1_SET-GEHAEUSE","ALUMINIUM",NA,       84.2340,  -213.369E-03,       55.3602,      -63.4868,  -77.2624E-03,   114.534E-03,            1.
D:/MoVerHu_Projekt/FE_Modell/FE-Abaqus-Model/Job-19.odb,Step-163,Increment      6: Step Time =    1.000,"LAGERSITZ_NEU-1",          4414,             4,          1463,      -122.384,       33.3579,      -65.0085,"ASSEMBLY_LAGERSITZ_NEU-1_SET-GEHAEUSE","ALUMINIUM",NA,       71.4361,  -186.062E-03,       49.5071,      -51.4988,  -91.1422E-03,   179.447E-03,            2.
D:/MoVerHu_Projekt/FE_Modell/FE-Abaqus-Model/Job-19.odb,Step-163,Increment      6: Step Time =    1.000,"LAGERSITZ_NEU-1",          4411,             4,          1463,      -122.384,       33.3579,      -65.0085,"ASSEMBLY_LAGERSITZ_NEU-1_SET-GEHAEUSE","ALUMINIUM",NA,       71.4361,  -186.062E-03,       49.5071,      -51.4988,  -91.1422E-03,   179.447E-03,            2.
D:/MoVerHu_Projekt/FE_Modell/FE-Abaqus-Model/Job-19.odb,Step-163,Increment      6: Step Time =    1.000,"LAGERSITZ_NEU-1",          4414,             4,          1464,      -122.384,       35.5041,      -62.8065,"ASSEMBLY_LAGERSITZ_NEU-1_SET-GEHAEUSE","ALUMINIUM",NA,       20.3568,  -53.1249E-03,       14.8017,      -13.9751,   156.270E-18,  -1.69744E-15,       NoValue
D:/MoVerHu_Projekt/FE_Modell/FE-Abaqus-Model/Job-19.odb,Step-163,Increment      6: Step Time =    1.000,"LAGERSITZ_NEU-1",          4417,             4,          1464,      -122.384,       35.5041,      -62.8065,"ASSEMBLY_LAGERSITZ_NEU-1_SET-GEHAEUSE","ALUMINIUM",NA,       20.3568,  -53.1249E-03,       14.8017,      -13.9751,   156.270E-18,  -1.69744E-15,       NoValue
D:/MoVerHu_Projekt/FE_Modell/FE-Abaqus-Model/Job-19.odb,Step-163,Increment      6: Step Time =    1.000,"LAGERSITZ_NEU-1",          4420,             4,          1465,      -122.384,       37.5239,      -60.4880,"ASSEMBLY_LAGERSITZ_NEU-1_SET-GEHAEUSE","ALUMINIUM",NA,       9.58071,  -25.7218E-03,       7.39575,      -6.09034,   1.91801E-15,  -3.17545E-15,       NoValue
D:/MoVerHu_Projekt/FE_Modell/FE-Abaqus-Model/Job-19.odb,Step-163,Increment      6: Step Time =    1.000,"LAGERSITZ_NEU-1",          4417,             4,          1465,      -122.384,       37.5239,      -60.4880,"ASSEMBLY_LAGERSITZ_NEU-1_SET-GEHAEUSE","ALUMINIUM",NA,       9.58071,  -25.7218E-03,       7.39575,      -6.09034,   1.91801E-15,  -3.17545E-15,       NoValue
D:/MoVerHu_Projekt/FE_Modell/FE-Abaqus-Model/Job-19.odb,Step-163,Increment      6: Step Time =    1.000,"LAGERSITZ_NEU-1",          4423,             4,          1466,      -122.384,       39.4109,      -58.0603,"ASSEMBLY_LAGERSITZ_NEU-1_SET-GEHAEUSE","ALUMINIUM",NA,       35.9594,  -115.610E-03,       29.3558,      -20.7679,  -1.82859E-15,   611.356E-18,       NoValue
D:/MoVerHu_Projekt/FE_Modell/FE-Abaqus-Model/Job-19.odb,Step-163,Increment      6: Step Time =    1.000,"LAGERSITZ_NEU-1",          4420,             4,          1466,      -122.384,       39.4109,      -58.0603,"ASSEMBLY_LAGERSITZ_NEU-1_SET-GEHAEUSE","ALUMINIUM",NA,       35.9594,  -115.610E-03,       29.3558,      -20.7679,  -1.82859E-15,   611.356E-18,       NoValue
D:/MoVerHu_Projekt/FE_Modell/FE-Abaqus-Model/Job-19.odb,Step-163,Increment      6: Step Time =    1.000,"LAGERSITZ_NEU-1",          4423,             4,          1467,      -122.384,       41.1594,      -55.5309,"ASSEMBLY_LAGERSITZ_NEU-1_SET-GEHAEUSE","ALUMINIUM",NA,       166.658,  -579.156E-03,       139.883,      -90.5953,   481.079E-06,   8.24889E-03,            2.
D:/MoVerHu_Projekt/FE_Modell/FE-Abaqus-Model/Job-19.odb,Step-163,Increment      6: Step Time =    1.000,"LAGERSITZ_NEU-1",          4426,             4,          1467,      -122.384,       41.1594,      -55.5309,"ASSEMBLY_LAGERSITZ_NEU-1_SET-GEHAEUSE","ALUMINIUM",NA,       166.658,  -579.156E-03,       139.883,      -90.5953,   481.079E-06,   8.24889E-03,            2.
D:/MoVerHu_Projekt/FE_Modell/FE-Abaqus-Model/Job-19.odb,Step-163,Increment      6: Step Time =    1.000,"LAGERSITZ_NEU-1",          4429,             4,          1468,      -122.384,       42.7638,      -52.9077,"ASSEMBLY_LAGERSITZ_NEU-1_SET-GEHAEUSE","ALUMINIUM",NA,       145.680,  -520.832E-03,       126.122,      -72.9088,   10.5749E-03,   21.0013E-03,            2.
D:/MoVerHu_Projekt/FE_Modell/FE-Abaqus-Model/Job-19.odb,Step-163,Increment      6: Step Time =    1.000,"LAGERSITZ_NEU-1",          4426,             4,          1468,      -122.384,       42.7638,      -52.9077,"ASSEMBLY_LAGERSITZ_NEU-1_SET-GEHAEUSE","ALUMINIUM",NA,       145.680,  -520.832E-03,       126.122,      -72.9088,   10.5749E-03,   21.0013E-03,            2.
D:/MoVerHu_Projekt/FE_Modell/FE-Abaqus-Model/Job-19.odb,Step-163,Increment      6: Step Time =    1.000,"LAGERSITZ_NEU-1",          4429,             4,          1469,      -122.384,       44.2190,      -50.1990,"ASSEMBLY_LAGERSITZ_NEU-1_SET-GEHAEUSE","ALUMINIUM",NA,       89.4214,  -325.770E-03,       79.8641,      -40.2220,   74.7469E-03,   81.1889E-03,            2.
D:/MoVerHu_Projekt/FE_Modell/FE-Abaqus-Model/Job-19.odb,Step-163,Increment      6: Step Time =    1.000,"LAGERSITZ_NEU-1",          4432,             4,          1469,      -122.384,       44.2190,      -50.1990,"ASSEMBLY_LAGERSITZ_NEU-1_SET-GEHAEUSE","ALUMINIUM",NA,       89.4214,  -325.770E-03,       79.8641,      -40.2220,   74.7469E-03,   81.1889E-03,            2.
D:/MoVerHu_Projekt/FE_Modell/FE-Abaqus-Model/Job-19.odb,Step-163,Increment      6: Step Time =    1.000,"LAGERSITZ_NEU-1",          4432,             4,          1470,      -122.384,       45.5206,      -47.4132,"ASSEMBLY_LAGERSITZ_NEU-1_SET-GEHAEUSE","ALUMINIUM",NA,       117.276,  -442.687E-03,       107.680,      -46.4614,   92.5594E-03,   55.4870E-03,            2.
D:/MoVerHu_Projekt/FE_Modell/FE-Abaqus-Model/Job-19.odb,Step-163,Increment      6: Step Time =    1.000,"LAGERSITZ_NEU-1",          4435,             4,          1470,      -122.384,       45.5206,      -47.4132,"ASSEMBLY_LAGERSITZ_NEU-1_SET-GEHAEUSE","ALUMINIUM",NA,       117.276,  -442.687E-03,       107.680,      -46.4614,   92.5594E-03,   55.4870E-03,            2.
D:/MoVerHu_Projekt/FE_Modell/FE-Abaqus-Model/Job-19.odb,Step-163,Increment      6: Step Time =    1.000,"LAGERSITZ_NEU-1",          4435,             4,          1471,      -122.384,       46.6645,      -44.5590,"ASSEMBLY_LAGERSITZ_NEU-1_SET-GEHAEUSE","ALUMINIUM",NA,       140.951,  -543.678E-03,       132.248,      -48.7581,   37.0150E-03,   22.5662E-03,            2.
D:/MoVerHu_Projekt/FE_Modell/FE-Abaqus-Model/Job-19.odb,Step-163,Increment      6: Step Time =    1.000,"LAGERSITZ_NEU-1",          4438,             4,          1471,      -122.384,       46.6645,      -44.5590,"ASSEMBLY_LAGERSITZ_NEU-1_SET-GEHAEUSE","ALUMINIUM",NA,       140.951,  -543.678E-03,       132.248,      -48.7581,   37.0150E-03,   22.5662E-03,            2.
D:/MoVerHu_Projekt/FE_Modell/FE-Abaqus-Model/Job-19.odb,Step-163,Increment      6: Step Time =    1.000,"LAGERSITZ_NEU-1",          4441,             4,          1472,      -122.384,       47.6471,      -41.6453,"ASSEMBLY_LAGERSITZ_NEU-1_SET-GEHAEUSE","ALUMINIUM",NA,       129.593,  -506.007E-03,       123.875,      -38.0656,   107.333E-03,   25.5077E-03,            2.
D:/MoVerHu_Projekt/FE_Modell/FE-Abaqus-Model/Job-19.odb,Step-163,Increment      6: Step Time =    1.000,"LAGERSITZ_NEU-1",          4438,             4,          1472,      -122.384,       47.6471,      -41.6453,"ASSEMBLY_LAGERSITZ_NEU-1_SET-GEHAEUSE","ALUMINIUM",NA,       129.593,  -506.007E-03,       123.875,      -38.0656,   107.333E-03,   25.5077E-03,            2.
D:/MoVerHu_Projekt/FE_Modell/FE-Abaqus-Model/Job-19.odb,Step-163,Increment      6: Step Time =    1.000,"LAGERSITZ_NEU-1",          4375,             4,          1485,      -122.384,      -2.02306,      -80.4562,"ASSEMBLY_LAGERSITZ_NEU-1_SET-GEHAEUSE","ALUMINIUM",NA,            0.,            0.,            0.,            0.,   1.12953E-15,   98.4970E-18,       NoValue
D:/MoVerHu_Projekt/FE_Modell/FE-Abaqus-Model/Job-19.odb,Step-163,Increment      6: Step Time =    1.000,"LAGERSITZ_NEU-1",          4372,             4,          1485,      -122.384,      -2.02306,      -80.4562,"ASSEMBLY_LAGERSITZ_NEU-1_SET-GEHAEUSE","ALUMINIUM",NA,            0.,            0.,            0.,            0.,   1.12953E-15,   98.4970E-18,       NoValue
D:/MoVerHu_Projekt/FE_Modell/FE-Abaqus-Model/Job-19.odb,Step-163,Increment      6: Step Time =    1.000,"LAGERSITZ_NEU-1",          4375,             4,          1486,      -122.384,   988.805E-03,      -80.2132,"ASSEMBLY_LAGERSITZ_NEU-1_SET-GEHAEUSE","ALUMINIUM",NA,            0.,            0.,            0.,            0.,  -1.97600E-15,   127.566E-18,       NoValue
D:/MoVerHu_Projekt/FE_Modell/FE-Abaqus-Model/Job-19.odb,Step-163,Increment      6: Step Time =    1.000,"LAGERSITZ_NEU-1",          4378,             4,          1486,      -122.384,   988.805E-03,      -80.2132,"ASSEMBLY_LAGERSITZ_NEU-1_SET-GEHAEUSE","ALUMINIUM",NA,            0.,            0.,            0.,            0.,  -1.97600E-15,   127.566E-18,       NoValue
D:/MoVerHu_Projekt/FE_Modell/FE-Abaqus-Model/Job-19.odb,Step-163,Increment      6: Step Time =    1.000,"LAGERSITZ_NEU-1",          4378,             4,          1487,      -122.384,       3.98277,      -79.8050,"ASSEMBLY_LAGERSITZ_NEU-1_SET-GEHAEUSE","ALUMINIUM",NA,       9.34457,   674.496E-06,       1.76485,      -9.17640,  -1.98212E-15,   278.666E-18,       NoValue
D:/MoVerHu_Projekt/FE_Modell/FE-Abaqus-Model/Job-19.odb,Step-163,Increment      6: Step Time =    1.000,"LAGERSITZ_NEU-1",          4381,             4,          1487,      -122.384,       3.98277,      -79.8050,"ASSEMBLY_LAGERSITZ_NEU-1_SET-GEHAEUSE","ALUMINIUM",NA,       9.34457,   674.496E-06,       1.76485,      -9.17640,  -1.98212E-15,   278.666E-18,       NoValue
D:/MoVerHu_Projekt/FE_Modell/FE-Abaqus-Model/Job-19.odb,Step-163,Increment      6: Step Time =    1.000,"LAGERSITZ_NEU-1",          4384,             4,          1488,      -122.384,       6.94981,      -79.2331,"ASSEMBLY_LAGERSITZ_NEU-1_SET-GEHAEUSE","ALUMINIUM",NA,       58.6558,   6.54076E-03,       12.7402,      -57.2554,  -57.6678E-03,   38.5526E-03,            1.
D:/MoVerHu_Projekt/FE_Modell/FE-Abaqus-Model/Job-19.odb,Step-163,Increment      6: Step Time =    1.000,"LAGERSITZ_NEU-1",          4381,             4,          1488,      -122.384,       6.94981,      -79.2331,"ASSEMBLY_LAGERSITZ_NEU-1_SET-GEHAEUSE","ALUMINIUM",NA,       58.6558,   6.54076E-03,       12.7402,      -57.2554,  -57.6678E-03,   38.5526E-03,            1.
D:/MoVerHu_Projekt/FE_Modell/FE-Abaqus-Model/Job-19.odb,Step-163,Increment      6: Step Time =    1.000,"LAGERSITZ_NEU-1",          4384,             4,          1489,      -122.384,       9.88096,      -78.4991,"ASSEMBLY_LAGERSITZ_NEU-1_SET-GEHAEUSE","ALUMINIUM",NA,       30.1667,  -5.47267E-03,       8.03096,      -29.0780,  -405.169E-03,   270.604E-03,            1.
D:/MoVerHu_Projekt/FE_Modell/FE-Abaqus-Model/Job-19.odb,Step-163,Increment      6: Step Time =    1.000,"LAGERSITZ_NEU-1",          4387,             4,          1489,      -122.384,       9.88096,      -78.4991,"ASSEMBLY_LAGERSITZ_NEU-1_SET-GEHAEUSE","ALUMINIUM",NA,       30.1667,  -5.47267E-03,       8.03096,      -29.0780,  -405.169E-03,   270.604E-03,            1.
D:/MoVerHu_Projekt/FE_Modell/FE-Abaqus-Model/Job-19.odb,Step-163,Increment      6: Step Time =    1.000,"LAGERSITZ_NEU-1",          4387,             4,          1490,      -122.384,       12.7674,      -77.6052,"ASSEMBLY_LAGERSITZ_NEU-1_SET-GEHAEUSE","ALUMINIUM",NA,       46.3681,  -22.7686E-03,       15.0819,      -43.8468,  -411.167E-03,   289.648E-03,            1.
D:/MoVerHu_Projekt/FE_Modell/FE-Abaqus-Model/Job-19.odb,Step-163,Increment      6: Step Time =    1.000,"LAGERSITZ_NEU-1",          4390,             4,          1490,      -122.384,       12.7674,      -77.6052,"ASSEMBLY_LAGERSITZ_NEU-1_SET-GEHAEUSE","ALUMINIUM",NA,       46.3681,  -22.7686E-03,       15.0819,      -43.8468,  -411.167E-03,   289.648E-03,            1.
D:/MoVerHu_Projekt/FE_Modell/FE-Abaqus-Model/Job-19.odb,Step-163,Increment      6: Step Time =    1.000,"LAGERSITZ_NEU-1",          4390,             4,          1491,      -122.384,       15.6003,      -76.5541,"ASSEMBLY_LAGERSITZ_NEU-1_SET-GEHAEUSE","ALUMINIUM",NA,       63.3153,  -47.5572E-03,       23.5473,      -58.7737,  -43.3423E-03,   30.4698E-03,            1.
D:/MoVerHu_Projekt/FE_Modell/FE-Abaqus-Model/Job-19.odb,Step-163,Increment      6: Step Time =    1.000,"LAGERSITZ_NEU-1",          4393,             4,          1491,      -122.384,       15.6003,      -76.5541,"ASSEMBLY_LAGERSITZ_NEU-1_SET-GEHAEUSE","ALUMINIUM",NA,       63.3153,  -47.5572E-03,       23.5473,      -58.7737,  -43.3423E-03,   30.4698E-03,            1.
D:/MoVerHu_Projekt/FE_Modell/FE-Abaqus-Model/Job-19.odb,Step-163,Increment      6: Step Time =    1.000,"LAGERSITZ_NEU-1",          4396,             4,          1492,      -122.384,       18.3713,      -75.3491,"ASSEMBLY_LAGERSITZ_NEU-1_SET-GEHAEUSE","ALUMINIUM",NA,       32.0535,  -30.4029E-03,       13.4764,      -29.0829,  -310.912E-03,   206.845E-03,            1.
D:/MoVerHu_Projekt/FE_Modell/FE-Abaqus-Model/Job-19.odb,Step-163,Increment      6: Step Time =    1.000,"LAGERSITZ_NEU-1",          4393,             4,          1492,      -122.384,       18.3713,      -75.3491,"ASSEMBLY_LAGERSITZ_NEU-1_SET-GEHAEUSE","ALUMINIUM",NA,       32.0535,  -30.4029E-03,       13.4764,      -29.0829,  -310.912E-03,   206.845E-03,            1.
D:/MoVerHu_Projekt/FE_Modell/FE-Abaqus-Model/Job-19.odb,Step-163,Increment      6: Step Time =    1.000,"LAGERSITZ_NEU-1",          4399,             4,          1493,      -122.384,       21.0719,      -73.9937,"ASSEMBLY_LAGERSITZ_NEU-1_SET-GEHAEUSE","ALUMINIUM",NA,       43.4589,  -58.6362E-03,       20.6310,      -38.2496,  -60.4664E-03,   54.1121E-03,            1.
D:/MoVerHu_Projekt/FE_Modell/FE-Abaqus-Model/Job-19.odb,Step-163,Increment      6: Step Time =    1.000,"LAGERSITZ_NEU-1",          4396,             4,          1493,      -122.384,       21.0719,      -73.9937,"ASSEMBLY_LAGERSITZ_NEU-1_SET-GEHAEUSE","ALUMINIUM",NA,       43.4589,  -58.6362E-03,       20.6310,      -38.2496,  -60.4664E-03,   54.1121E-03,            1.
D:/MoVerHu_Projekt/FE_Modell/FE-Abaqus-Model/Job-19.odb,Step-163,Increment      6: Step Time =    1.000,"LAGERSITZ_NEU-1",          4399,             4,          1494,      -122.384,       23.6940,      -72.4920,"ASSEMBLY_LAGERSITZ_NEU-1_SET-GEHAEUSE","ALUMINIUM",NA,       51.2259,  -87.1106E-03,       26.5038,      -43.8364,  -27.0550E-03,   21.7811E-03,            1.
D:/MoVerHu_Projekt/FE_Modell/FE-Abaqus-Model/Job-19.odb,Step-163,Increment      6: Step Time =    1.000,"LAGERSITZ_NEU-1",          4402,             4,          1494,      -122.384,       23.6940,      -72.4920,"ASSEMBLY_LAGERSITZ_NEU-1_SET-GEHAEUSE","ALUMINIUM",NA,       51.2259,  -87.1106E-03,       26.5038,      -43.8364,  -27.0550E-03,   21.7811E-03,            1.
D:/MoVerHu_Projekt/FE_Modell/FE-Abaqus-Model/Job-19.odb,Step-163,Increment      6: Step Time =    1.000,"LAGERSITZ_NEU-1",          4099,             4,          1519,      -122.384,       49.9674,      -22.3459,"ASSEMBLY_LAGERSITZ_NEU-1_SET-GEHAEUSE","ALUMINIUM",NA,       202.189,  -768.008E-03,       201.792,       12.6493,   89.2559E-03,  -46.1299E-03,            2.
D:/MoVerHu_Projekt/FE_Modell/FE-Abaqus-Model/Job-19.odb,Step-163,Increment      6: Step Time =    1.000,"LAGERSITZ_NEU-1",          4102,             4,          1519,      -122.384,       49.9674,      -22.3459,"ASSEMBLY_LAGERSITZ_NEU-1_SET-GEHAEUSE","ALUMINIUM",NA,       202.189,  -768.008E-03,       201.792,       12.6493,   89.2559E-03,  -46.1299E-03,            2.
D:/MoVerHu_Projekt/FE_Modell/FE-Abaqus-Model/Job-19.odb,Step-163,Increment      6: Step Time =    1.000,"LAGERSITZ_NEU-1",          4105,             4,          1520,      -122.384,       49.6783,      -19.0660,"ASSEMBLY_LAGERSITZ_NEU-1_SET-GEHAEUSE","ALUMINIUM",NA,       290.670,      -1.09283,       288.652,       34.1775,   7.30570E-03,  -6.29796E-03,            2.
D:/MoVerHu_Projekt/FE_Modell/FE-Abaqus-Model/Job-19.odb,Step-163,Increment      6: Step Time =    1.000,"LAGERSITZ_NEU-1",          4102,             4,          1520,      -122.384,       49.6783,      -19.0660,"ASSEMBLY_LAGERSITZ_NEU-1_SET-GEHAEUSE","ALUMINIUM",NA,       290.670,      -1.09283,       288.652,       34.1775,   7.30570E-03,  -6.29796E-03,            2.
D:/MoVerHu_Projekt/FE_Modell/FE-Abaqus-Model/Job-19.odb,Step-163,Increment      6: Step Time =    1.000,"LAGERSITZ_NEU-1",          4108,             4,          1521,      -122.384,       49.1934,      -15.8092,"ASSEMBLY_LAGERSITZ_NEU-1_SET-GEHAEUSE","ALUMINIUM",NA,       168.654,  -599.954E-03,       166.172,       28.8244,   61.7608E-03,  -89.7304E-03,            2.
D:/MoVerHu_Projekt/FE_Modell/FE-Abaqus-Model/Job-19.odb,Step-163,Increment      6: Step Time =    1.000,"LAGERSITZ_NEU-1",          4105,             4,          1521,      -122.384,       49.1934,      -15.8092,"ASSEMBLY_LAGERSITZ_NEU-1_SET-GEHAEUSE","ALUMINIUM",NA,       168.654,  -599.954E-03,       166.172,       28.8244,   61.7608E-03,  -89.7304E-03,            2.
D:/MoVerHu_Projekt/FE_Modell/FE-Abaqus-Model/Job-19.odb,Step-163,Increment      6: Step Time =    1.000,"LAGERSITZ_NEU-1",         12977,             3,          1976,      -97.1837,       24.9956,      -74.6265,"ASSEMBLY_LAGERSITZ_NEU-1_SET-GEHAEUSE","ALUMINIUM",NA,            0.,            0.,            0.,            0.,   1.80958E-15,   1.47147E-15,       NoValue
D:/MoVerHu_Projekt/FE_Modell/FE-Abaqus-Model/Job-19.odb,Step-163,Increment      6: Step Time =    1.000,"LAGERSITZ_NEU-1",         12982,             3,          1976,      -97.1837,       24.9956,      -74.6265,"ASSEMBLY_LAGERSITZ_NEU-1_SET-GEHAEUSE","ALUMINIUM",NA,            0.,            0.,            0.,            0.,   1.80958E-15,   1.47147E-15,       NoValue
D:/MoVerHu_Projekt/FE_Modell/FE-Abaqus-Model/Job-19.odb,Step-163,Increment      6: Step Time =    1.000,"LAGERSITZ_NEU-1",         12972,             3,          1977,      -97.1837,       22.2543,      -76.1964,"ASSEMBLY_LAGERSITZ_NEU-1_SET-GEHAEUSE","ALUMINIUM",NA,            0.,            0.,            0.,            0.,   809.324E-18,  -147.535E-18,       NoValue
D:/MoVerHu_Projekt/FE_Modell/FE-Abaqus-Model/Job-19.odb,Step-163,Increment      6: Step Time =    1.000,"LAGERSITZ_NEU-1",         12977,             3,          1977,      -97.1837,       22.2543,      -76.1964,"ASSEMBLY_LAGERSITZ_NEU-1_SET-GEHAEUSE","ALUMINIUM",NA,            0.,            0.,            0.,            0.,   809.324E-18,  -147.535E-18,       NoValue
D:/MoVerHu_Projekt/FE_Modell/FE-Abaqus-Model/Job-19.odb,Step-163,Increment      6: Step Time =    1.000,"LAGERSITZ_NEU-1",         12972,             3,          1978,      -97.1837,       19.4309,      -77.6134,"ASSEMBLY_LAGERSITZ_NEU-1_SET-GEHAEUSE","ALUMINIUM",NA,            0.,            0.,            0.,            0.,   3.15402E-15,   1.77793E-15,       NoValue
D:/MoVerHu_Projekt/FE_Modell/FE-Abaqus-Model/Job-19.odb,Step-163,Increment      6: Step Time =    1.000,"LAGERSITZ_NEU-1",         12967,             3,          1978,      -97.1837,       19.4309,      -77.6134,"ASSEMBLY_LAGERSITZ_NEU-1_SET-GEHAEUSE","ALUMINIUM",NA,            0.,            0.,            0.,            0.,   3.15402E-15,   1.77793E-15,       NoValue
D:/MoVerHu_Projekt/FE_Modell/FE-Abaqus-Model/Job-19.odb,Step-163,Increment      6: Step Time =    1.000,"LAGERSITZ_NEU-1",         12967,             3,          1979,      -97.1837,       16.5340,      -78.8733,"ASSEMBLY_LAGERSITZ_NEU-1_SET-GEHAEUSE","ALUMINIUM",NA,            0.,            0.,            0.,            0.,  -3.50984E-15,  -1.33910E-15,       NoValue
D:/MoVerHu_Projekt/FE_Modell/FE-Abaqus-Model/Job-19.odb,Step-163,Increment      6: Step Time =    1.000,"LAGERSITZ_NEU-1",         12962,             3,          1979,      -97.1837,       16.5340,      -78.8733,"ASSEMBLY_LAGERSITZ_NEU-1_SET-GEHAEUSE","ALUMINIUM",NA,            0.,            0.,            0.,            0.,  -3.50984E-15,  -1.33910E-15,       NoValue
D:/MoVerHu_Projekt/FE_Modell/FE-Abaqus-Model/Job-19.odb,Step-163,Increment      6: Step Time =    1.000,"LAGERSITZ_NEU-1",         12957,             3,          1980,      -97.1837,       13.5723,      -79.9721,"ASSEMBLY_LAGERSITZ_NEU-1_SET-GEHAEUSE","ALUMINIUM",NA,            0.,            0.,            0.,            0.,   3.15904E-15,  -196.164E-18,       NoValue
D:/MoVerHu_Projekt/FE_Modell/FE-Abaqus-Model/Job-19.odb,Step-163,Increment      6: Step Time =    1.000,"LAGERSITZ_NEU-1",         12962,             3,          1980,      -97.1837,       13.5723,      -79.9721,"ASSEMBLY_LAGERSITZ_NEU-1_SET-GEHAEUSE","ALUMINIUM",NA,            0.,            0.,            0.,            0.,   3.15904E-15,  -196.164E-18,       NoValue
D:/MoVerHu_Projekt/FE_Modell/FE-Abaqus-Model/Job-19.odb,Step-163,Increment      6: Step Time =    1.000,"LAGERSITZ_NEU-1",         12952,             3,          1981,      -97.1837,       10.5546,      -80.9066,"ASSEMBLY_LAGERSITZ_NEU-1_SET-GEHAEUSE","ALUMINIUM",NA,            0.,            0.,            0.,            0.,  -7.11589E-15,   1.08239E-15,       NoValue
D:/MoVerHu_Projekt/FE_Modell/FE-Abaqus-Model/Job-19.odb,Step-163,Increment      6: Step Time =    1.000,"LAGERSITZ_NEU-1",         12957,             3,          1981,      -97.1837,       10.5546,      -80.9066,"ASSEMBLY_LAGERSITZ_NEU-1_SET-GEHAEUSE","ALUMINIUM",NA,            0.,            0.,            0.,            0.,  -7.11589E-15,   1.08239E-15,       NoValue
D:/MoVerHu_Projekt/FE_Modell/FE-Abaqus-Model/Job-19.odb,Step-163,Increment      6: Step Time =    1.000,"LAGERSITZ_NEU-1",         12947,             3,          1982,      -97.1837,       7.49026,      -81.6740,"ASSEMBLY_LAGERSITZ_NEU-1_SET-GEHAEUSE","ALUMINIUM",NA,            0.,            0.,            0.,            0.,   1.96806E-15,   765.770E-18,       NoValue
D:/MoVerHu_Projekt/FE_Modell/FE-Abaqus-Model/Job-19.odb,Step-163,Increment      6: Step Time =    1.000,"LAGERSITZ_NEU-1",         12952,             3,          1982,      -97.1837,       7.49026,      -81.6740,"ASSEMBLY_LAGERSITZ_NEU-1_SET-GEHAEUSE","ALUMINIUM",NA,            0.,            0.,            0.,            0.,   1.96806E-15,   765.770E-18,       NoValue
D:/MoVerHu_Projekt/FE_Modell/FE-Abaqus-Model/Job-19.odb,Step-163,Increment      6: Step Time =    1.000,"LAGERSITZ_NEU-1",         12942,             3,          1983,      -97.1837,       4.38836,      -82.2719,"ASSEMBLY_LAGERSITZ_NEU-1_SET-GEHAEUSE","ALUMINIUM",NA,            0.,            0.,            0.,            0.,   17.0981E-18,   435.073E-21,       NoValue
D:/MoVerHu_Projekt/FE_Modell/FE-Abaqus-Model/Job-19.odb,Step-163,Increment      6: Step Time =    1.000,"LAGERSITZ_NEU-1",         12947,             3,          1983,      -97.1837,       4.38836,      -82.2719,"ASSEMBLY_LAGERSITZ_NEU-1_SET-GEHAEUSE","ALUMINIUM",NA,            0.,            0.,            0.,            0.,   17.0981E-18,   435.073E-21,       NoValue
D:/MoVerHu_Projekt/FE_Modell/FE-Abaqus-Model/Job-19.odb,Step-163,Increment      6: Step Time =    1.000,"LAGERSITZ_NEU-1",         12942,             3,          1984,      -97.1837,       1.25830,      -82.6986,"ASSEMBLY_LAGERSITZ_NEU-1_SET-GEHAEUSE","ALUMINIUM",NA,            0.,            0.,            0.,            0.,  -2.18133E-15,   17.0717E-18,       NoValue
D:/MoVerHu_Projekt/FE_Modell/FE-Abaqus-Model/Job-19.odb,Step-163,Increment      6: Step Time =    1.000,"LAGERSITZ_NEU-1",         12937,             3,          1984,      -97.1837,       1.25830,      -82.6986,"ASSEMBLY_LAGERSITZ_NEU-1_SET-GEHAEUSE","ALUMINIUM",NA,            0.,            0.,            0.,            0.,  -2.18133E-15,   17.0717E-18,       NoValue
D:/MoVerHu_Projekt/FE_Modell/FE-Abaqus-Model/Job-19.odb,Step-163,Increment      6: Step Time =    1.000,"LAGERSITZ_NEU-1",         12932,             3,          1985,      -97.1837,      -1.89046,      -82.9527,"ASSEMBLY_LAGERSITZ_NEU-1_SET-GEHAEUSE","ALUMINIUM",NA,            0.,            0.,            0.,            0.,  -4.73833E-15,   147.668E-18,       NoValue
D:/MoVerHu_Projekt/FE_Modell/FE-Abaqus-Model/Job-19.odb,Step-163,Increment      6: Step Time =    1.000,"LAGERSITZ_NEU-1",         12937,             3,          1985,      -97.1837,      -1.89046,      -82.9527,"ASSEMBLY_LAGERSITZ_NEU-1_SET-GEHAEUSE","ALUMINIUM",NA,            0.,            0.,            0.,            0.,  -4.73833E-15,   147.668E-18,       NoValue
D:/MoVerHu_Projekt/FE_Modell/FE-Abaqus-Model/Job-19.odb,Step-163,Increment      6: Step Time =    1.000,"LAGERSITZ_NEU-1",         13042,             3,          2098,      -97.1837,       50.0374,      -42.3776,"ASSEMBLY_LAGERSITZ_NEU-1_SET-GEHAEUSE","ALUMINIUM",NA,            0.,            0.,            0.,            0.,   654.821E-18,   3.15751E-15,       NoValue
D:/MoVerHu_Projekt/FE_Modell/FE-Abaqus-Model/Job-19.odb,Step-163,Increment      6: Step Time =    1.000,"LAGERSITZ_NEU-1",         13047,             3,          2098,      -97.1837,       50.0374,      -42.3776,"ASSEMBLY_LAGERSITZ_NEU-1_SET-GEHAEUSE","ALUMINIUM",NA,            0.,            0.,            0.,            0.,   654.821E-18,   3.15751E-15,       NoValue
D:/MoVerHu_Projekt/FE_Modell/FE-Abaqus-Model/Job-19.odb,Step-163,Increment      6: Step Time =    1.000,"LAGERSITZ_NEU-1",         13037,             3,          2099,      -97.1837,       49.0102,      -45.4238,"ASSEMBLY_LAGERSITZ_NEU-1_SET-GEHAEUSE","ALUMINIUM",NA,            0.,            0.,            0.,            0.,   37.9365E-18,   296.050E-18,       NoValue
D:/MoVerHu_Projekt/FE_Modell/FE-Abaqus-Model/Job-19.odb,Step-163,Increment      6: Step Time =    1.000,"LAGERSITZ_NEU-1",         13042,             3,          2099,      -97.1837,       49.0102,      -45.4238,"ASSEMBLY_LAGERSITZ_NEU-1_SET-GEHAEUSE","ALUMINIUM",NA,            0.,            0.,            0.,            0.,   37.9365E-18,   296.050E-18,       NoValue
D:/MoVerHu_Projekt/FE_Modell/FE-Abaqus-Model/Job-19.odb,Step-163,Increment      6: Step Time =    1.000,"LAGERSITZ_NEU-1",         13037,             3,          2100,      -97.1837,       47.8143,      -48.4077,"ASSEMBLY_LAGERSITZ_NEU-1_SET-GEHAEUSE","ALUMINIUM",NA,            0.,            0.,            0.,            0.,  -391.102E-18,  -1.56747E-15,       NoValue
D:/MoVerHu_Projekt/FE_Modell/FE-Abaqus-Model/Job-19.odb,Step-163,Increment      6: Step Time =    1.000,"LAGERSITZ_NEU-1",         13032,             3,          2100,      -97.1837,       47.8143,      -48.4077,"ASSEMBLY_LAGERSITZ_NEU-1_SET-GEHAEUSE","ALUMINIUM",NA,            0.,            0.,            0.,            0.,  -391.102E-18,  -1.56747E-15,       NoValue
D:/MoVerHu_Projekt/FE_Modell/FE-Abaqus-Model/Job-19.odb,Step-163,Increment      6: Step Time =    1.000,"LAGERSITZ_NEU-1",         13032,             3,          2101,      -97.1837,       46.4535,      -51.3202,"ASSEMBLY_LAGERSITZ_NEU-1_SET-GEHAEUSE","ALUMINIUM",NA,            0.,            0.,            0.,            0.,  -800.431E-18,  -785.702E-18,       NoValue
D:/MoVerHu_Projekt/FE_Modell/FE-Abaqus-Model/Job-19.odb,Step-163,Increment      6: Step Time =    1.000,"LAGERSITZ_NEU-1",         13027,             3,          2101,      -97.1837,       46.4535,      -51.3202,"ASSEMBLY_LAGERSITZ_NEU-1_SET-GEHAEUSE","ALUMINIUM",NA,            0.,            0.,            0.,            0.,  -800.431E-18,  -785.702E-18,       NoValue
D:/MoVerHu_Projekt/FE_Modell/FE-Abaqus-Model/Job-19.odb,Step-163,Increment      6: Step Time =    1.000,"LAGERSITZ_NEU-1",         13027,             3,          2102,      -97.1837,       44.9321,      -54.1520,"ASSEMBLY_LAGERSITZ_NEU-1_SET-GEHAEUSE","ALUMINIUM",NA,            0.,            0.,            0.,            0.,  -680.736E-18,  -717.788E-18,       NoValue
D:/MoVerHu_Projekt/FE_Modell/FE-Abaqus-Model/Job-19.odb,Step-163,Increment      6: Step Time =    1.000,"LAGERSITZ_NEU-1",         13022,             3,          2102,      -97.1837,       44.9321,      -54.1520,"ASSEMBLY_LAGERSITZ_NEU-1_SET-GEHAEUSE","ALUMINIUM",NA,            0.,            0.,            0.,            0.,  -680.736E-18,  -717.788E-18,       NoValue
D:/MoVerHu_Projekt/FE_Modell/FE-Abaqus-Model/Job-19.odb,Step-163,Increment      6: Step Time =    1.000,"LAGERSITZ_NEU-1",         13022,             3,          2103,      -97.1837,       43.2548,      -56.8944,"ASSEMBLY_LAGERSITZ_NEU-1_SET-GEHAEUSE","ALUMINIUM",NA,            0.,            0.,            0.,            0.,   3.93357E-15,  -2.17173E-15,       NoValue
D:/MoVerHu_Projekt/FE_Modell/FE-Abaqus-Model/Job-19.odb,Step-163,Increment      6: Step Time =    1.000,"LAGERSITZ_NEU-1",         13017,             3,          2103,      -97.1837,       43.2548,      -56.8944,"ASSEMBLY_LAGERSITZ_NEU-1_SET-GEHAEUSE","ALUMINIUM",NA,            0.,            0.,            0.,            0.,   3.93357E-15,  -2.17173E-15,       NoValue
D:/MoVerHu_Projekt/FE_Modell/FE-Abaqus-Model/Job-19.odb,Step-163,Increment      6: Step Time =    1.000,"LAGERSITZ_NEU-1",         13017,             3,          2104,      -97.1837,       41.4269,      -59.5388,"ASSEMBLY_LAGERSITZ_NEU-1_SET-GEHAEUSE","ALUMINIUM",NA,            0.,            0.,            0.,            0.,   4.35392E-15,   785.371E-18,       NoValue
D:/MoVerHu_Projekt/FE_Modell/FE-Abaqus-Model/Job-19.odb,Step-163,Increment      6: Step Time =    1.000,"LAGERSITZ_NEU-1",         13012,             3,          2104,      -97.1837,       41.4269,      -59.5388,"ASSEMBLY_LAGERSITZ_NEU-1_SET-GEHAEUSE","ALUMINIUM",NA,            0.,            0.,            0.,            0.,   4.35392E-15,   785.371E-18,       NoValue
D:/MoVerHu_Projekt/FE_Modell/FE-Abaqus-Model/Job-19.odb,Step-163,Increment      6: Step Time =    1.000,"LAGERSITZ_NEU-1",         13007,             3,          2105,      -97.1837,       39.4541,      -62.0769,"ASSEMBLY_LAGERSITZ_NEU-1_SET-GEHAEUSE","ALUMINIUM",NA,            0.,            0.,            0.,            0.,  -1.55598E-15,   798.056E-18,       NoValue
D:/MoVerHu_Projekt/FE_Modell/FE-Abaqus-Model/Job-19.odb,Step-163,Increment      6: Step Time =    1.000,"LAGERSITZ_NEU-1",         13012,             3,          2105,      -97.1837,       39.4541,      -62.0769,"ASSEMBLY_LAGERSITZ_NEU-1_SET-GEHAEUSE","ALUMINIUM",NA,            0.,            0.,            0.,            0.,  -1.55598E-15,   798.056E-18,       NoValue
D:/MoVerHu_Projekt/FE_Modell/FE-Abaqus-Model/Job-19.odb,Step-163,Increment      6: Step Time =    1.000,"LAGERSITZ_NEU-1",         13002,             3,          2106,      -97.1837,       37.3424,      -64.5007,"ASSEMBLY_LAGERSITZ_NEU-1_SET-GEHAEUSE","ALUMINIUM",NA,            0.,            0.,            0.,            0.,  -3.94789E-15,  -783.112E-18,       NoValue
D:/MoVerHu_Projekt/FE_Modell/FE-Abaqus-Model/Job-19.odb,Step-163,Increment      6: Step Time =    1.000,"LAGERSITZ_NEU-1",         13007,             3,          2106,      -97.1837,       37.3424,      -64.5007,"ASSEMBLY_LAGERSITZ_NEU-1_SET-GEHAEUSE","ALUMINIUM",NA,            0.,            0.,            0.,            0.,  -3.94789E-15,  -783.112E-18,       NoValue
D:/MoVerHu_Projekt/FE_Modell/FE-Abaqus-Model/Job-19.odb,Step-163,Increment      6: Step Time =    1.000,"LAGERSITZ_NEU-1",         13002,             3,          2107,      -97.1837,       35.0987,      -66.8028,"ASSEMBLY_LAGERSITZ_NEU-1_SET-GEHAEUSE","ALUMINIUM",NA,            0.,            0.,            0.,            0.,  -7.14292E-15,   1.58934E-15,       NoValue
D:/MoVerHu_Projekt/FE_Modell/FE-Abaqus-Model/Job-19.odb,Step-163,Increment      6: Step Time =    1.000,"LAGERSITZ_NEU-1",         12997,             3,          2107,      -97.1837,       35.0987,      -66.8028,"ASSEMBLY_LAGERSITZ_NEU-1_SET-GEHAEUSE","ALUMINIUM",NA,            0.,            0.,            0.,            0.,  -7.14292E-15,   1.58934E-15,       NoValue
D:/MoVerHu_Projekt/FE_Modell/FE-Abaqus-Model/Job-19.odb,Step-163,Increment      6: Step Time =    1.000,"LAGERSITZ_NEU-1",         12992,             3,          2108,      -97.1837,       32.7298,      -68.9759,"ASSEMBLY_LAGERSITZ_NEU-1_SET-GEHAEUSE","ALUMINIUM",NA,            0.,            0.,            0.,            0.,   3.92596E-15,   392.802E-18,       NoValue
D:/MoVerHu_Projekt/FE_Modell/FE-Abaqus-Model/Job-19.odb,Step-163,Increment      6: Step Time =    1.000,"LAGERSITZ_NEU-1",         12997,             3,          2108,      -97.1837,       32.7298,      -68.9759,"ASSEMBLY_LAGERSITZ_NEU-1_SET-GEHAEUSE","ALUMINIUM",NA,            0.,            0.,            0.,            0.,   3.92596E-15,   392.802E-18,       NoValue
D:/MoVerHu_Projekt/FE_Modell/FE-Abaqus-Model/Job-19.odb,Step-163,Increment      6: Step Time =    1.000,"LAGERSITZ_NEU-1",         12992,             3,          2109,      -97.1837,       30.2431,      -71.0132,"ASSEMBLY_LAGERSITZ_NEU-1_SET-GEHAEUSE","ALUMINIUM",NA,            0.,            0.,            0.,            0.,   7.86369E-15,   2.76118E-15,       NoValue
D:/MoVerHu_Projekt/FE_Modell/FE-Abaqus-Model/Job-19.odb,Step-163,Increment      6: Step Time =    1.000,"LAGERSITZ_NEU-1",         12987,             3,          2109,      -97.1837,       30.2431,      -71.0132,"ASSEMBLY_LAGERSITZ_NEU-1_SET-GEHAEUSE","ALUMINIUM",NA,            0.,            0.,            0.,            0.,   7.86369E-15,   2.76118E-15,       NoValue
D:/MoVerHu_Projekt/FE_Modell/FE-Abaqus-Model/Job-19.odb,Step-163,Increment      6: Step Time =    1.000,"LAGERSITZ_NEU-1",         13157,             3,          2284,      -97.1837,       30.4142,       19.8130,"ASSEMBLY_LAGERSITZ_NEU-1_SET-GEHAEUSE","ALUMINIUM",NA,            0.,            0.,            0.,            0.,   1.77975E-15,   1.97263E-15,       NoValue
D:/MoVerHu_Projekt/FE_Modell/FE-Abaqus-Model/Job-19.odb,Step-163,Increment      6: Step Time =    1.000,"LAGERSITZ_NEU-1",         13152,             3,          2284,      -97.1837,       30.4142,       19.8130,"ASSEMBLY_LAGERSITZ_NEU-1_SET-GEHAEUSE","ALUMINIUM",NA,            0.,            0.,            0.,            0.,   1.77975E-15,   1.97263E-15,       NoValue
D:/MoVerHu_Projekt/FE_Modell/FE-Abaqus-Model/Job-19.odb,Step-163,Increment      6: Step Time =    1.000,"LAGERSITZ_NEU-1",         13147,             3,          2285,      -97.1837,       32.8932,       17.7664,"ASSEMBLY_LAGERSITZ_NEU-1_SET-GEHAEUSE","ALUMINIUM",NA,            0.,            0.,            0.,            0.,   1.58128E-15,   2.56663E-15,       NoValue
D:/MoVerHu_Projekt/FE_Modell/FE-Abaqus-Model/Job-19.odb,Step-163,Increment      6: Step Time =    1.000,"LAGERSITZ_NEU-1",         13152,             3,          2285,      -97.1837,       32.8932,       17.7664,"ASSEMBLY_LAGERSITZ_NEU-1_SET-GEHAEUSE","ALUMINIUM",NA,            0.,            0.,            0.,            0.,   1.58128E-15,   2.56663E-15,       NoValue
D:/MoVerHu_Projekt/FE_Modell/FE-Abaqus-Model/Job-19.odb,Step-163,Increment      6: Step Time =    1.000,"LAGERSITZ_NEU-1",         13142,             3,          2286,      -97.1837,       35.2539,       15.5844,"ASSEMBLY_LAGERSITZ_NEU-1_SET-GEHAEUSE","ALUMINIUM",NA,            0.,            0.,            0.,            0.,   1.57582E-15,   1.57641E-15,       NoValue
D:/MoVerHu_Projekt/FE_Modell/FE-Abaqus-Model/Job-19.odb,Step-163,Increment      6: Step Time =    1.000,"LAGERSITZ_NEU-1",         13147,             3,          2286,      -97.1837,       35.2539,       15.5844,"ASSEMBLY_LAGERSITZ_NEU-1_SET-GEHAEUSE","ALUMINIUM",NA,            0.,            0.,            0.,            0.,   1.57582E-15,   1.57641E-15,       NoValue
D:/MoVerHu_Projekt/FE_Modell/FE-Abaqus-Model/Job-19.odb,Step-163,Increment      6: Step Time =    1.000,"LAGERSITZ_NEU-1",         13137,             3,          2287,      -97.1837,       37.4889,       13.2739,"ASSEMBLY_LAGERSITZ_NEU-1_SET-GEHAEUSE","ALUMINIUM",NA,            0.,            0.,            0.,            0.,  -1.28441E-15,  -3.55230E-15,       NoValue
D:/MoVerHu_Projekt/FE_Modell/FE-Abaqus-Model/Job-19.odb,Step-163,Increment      6: Step Time =    1.000,"LAGERSITZ_NEU-1",         13142,             3,          2287,      -97.1837,       37.4889,       13.2739,"ASSEMBLY_LAGERSITZ_NEU-1_SET-GEHAEUSE","ALUMINIUM",NA,            0.,            0.,            0.,            0.,  -1.28441E-15,  -3.55230E-15,       NoValue
D:/MoVerHu_Projekt/FE_Modell/FE-Abaqus-Model/Job-19.odb,Step-163,Increment      6: Step Time =    1.000,"LAGERSITZ_NEU-1",         13132,             3,          2288,      -97.1837,       39.5914,       10.8421,"ASSEMBLY_LAGERSITZ_NEU-1_SET-GEHAEUSE","ALUMINIUM",NA,            0.,            0.,            0.,            0.,  -99.7571E-18,  -3.55156E-15,       NoValue
D:/MoVerHu_Projekt/FE_Modell/FE-Abaqus-Model/Job-19.odb,Step-163,Increment      6: Step Time =    1.000,"LAGERSITZ_NEU-1",         13137,             3,          2288,      -97.1837,       39.5914,       10.8421,"ASSEMBLY_LAGERSITZ_NEU-1_SET-GEHAEUSE","ALUMINIUM",NA,            0.,            0.,            0.,            0.,  -99.7571E-18,  -3.55156E-15,       NoValue
D:/MoVerHu_Projekt/FE_Modell/FE-Abaqus-Model/Job-19.odb,Step-163,Increment      6: Step Time =    1.000,"LAGERSITZ_NEU-1",         13127,             3,          2289,      -97.1837,       41.5547,       8.29655,"ASSEMBLY_LAGERSITZ_NEU-1_SET-GEHAEUSE","ALUMINIUM",NA,            0.,            0.,            0.,            0.,  -1.42870E-15,   1.60909E-15,       NoValue
D:/MoVerHu_Projekt/FE_Modell/FE-Abaqus-Model/Job-19.odb,Step-163,Increment      6: Step Time =    1.000,"LAGERSITZ_NEU-1",         13132,             3,          2289,      -97.1837,       41.5547,       8.29655,"ASSEMBLY_LAGERSITZ_NEU-1_SET-GEHAEUSE","ALUMINIUM",NA,            0.,            0.,            0.,            0.,  -1.42870E-15,   1.60909E-15,       NoValue
D:/MoVerHu_Projekt/FE_Modell/FE-Abaqus-Model/Job-19.odb,Step-163,Increment      6: Step Time =    1.000,"LAGERSITZ_NEU-1",         13122,             3,          2290,      -97.1837,       43.3726,       5.64530,"ASSEMBLY_LAGERSITZ_NEU-1_SET-GEHAEUSE","ALUMINIUM",NA,            0.,            0.,            0.,            0.,  -144.191E-18,  -1.39204E-15,       NoValue
D:/MoVerHu_Projekt/FE_Modell/FE-Abaqus-Model/Job-19.odb,Step-163,Increment      6: Step Time =    1.000,"LAGERSITZ_NEU-1",         13127,             3,          2290,      -97.1837,       43.3726,       5.64530,"ASSEMBLY_LAGERSITZ_NEU-1_SET-GEHAEUSE","ALUMINIUM",NA,            0.,            0.,            0.,            0.,  -144.191E-18,  -1.39204E-15,       NoValue
D:/MoVerHu_Projekt/FE_Modell/FE-Abaqus-Model/Job-19.odb,Step-163,Increment      6: Step Time =    1.000,"LAGERSITZ_NEU-1",         13117,             3,          2291,      -97.1837,       45.0396,       2.89660,"ASSEMBLY_LAGERSITZ_NEU-1_SET-GEHAEUSE","ALUMINIUM",NA,            0.,            0.,            0.,            0.,   273.503E-18,  -2.61839E-15,       NoValue
D:/MoVerHu_Projekt/FE_Modell/FE-Abaqus-Model/Job-19.odb,Step-163,Increment      6: Step Time =    1.000,"LAGERSITZ_NEU-1",         13122,             3,          2291,      -97.1837,       45.0396,       2.89660,"ASSEMBLY_LAGERSITZ_NEU-1_SET-GEHAEUSE","ALUMINIUM",NA,            0.,            0.,            0.,            0.,   273.503E-18,  -2.61839E-15,       NoValue
D:/MoVerHu_Projekt/FE_Modell/FE-Abaqus-Model/Job-19.odb,Step-163,Increment      6: Step Time =    1.000,"LAGERSITZ_NEU-1",         13117,             3,          2292,      -97.1837,       46.5503,   59.0416E-03,"ASSEMBLY_LAGERSITZ_NEU-1_SET-GEHAEUSE","ALUMINIUM",NA,            0.,            0.,            0.,            0.,  -31.2879E-18,   3.06983E-18,       NoValue
D:/MoVerHu_Projekt/FE_Modell/FE-Abaqus-Model/Job-19.odb,Step-163,Increment      6: Step Time =    1.000,"LAGERSITZ_NEU-1",         13112,             3,          2292,      -97.1837,       46.5503,   59.0416E-03,"ASSEMBLY_LAGERSITZ_NEU-1_SET-GEHAEUSE","ALUMINIUM",NA,            0.,            0.,            0.,            0.,  -31.2879E-18,   3.06983E-18,       NoValue
D:/MoVerHu_Projekt/FE_Modell/FE-Abaqus-Model/Job-19.odb,Step-163,Increment      6: Step Time =    1.000,"LAGERSITZ_NEU-1",         13107,             3,          2293,      -97.1837,       47.9001,      -2.85851,"ASSEMBLY_LAGERSITZ_NEU-1_SET-GEHAEUSE","ALUMINIUM",NA,            0.,            0.,            0.,            0.,  -172.858E-18,  -4.73143E-15,       NoValue
D:/MoVerHu_Projekt/FE_Modell/FE-Abaqus-Model/Job-19.odb,Step-163,Increment      6: Step Time =    1.000,"LAGERSITZ_NEU-1",         13112,             3,          2293,      -97.1837,       47.9001,      -2.85851,"ASSEMBLY_LAGERSITZ_NEU-1_SET-GEHAEUSE","ALUMINIUM",NA,            0.,            0.,            0.,            0.,  -172.858E-18,  -4.73143E-15,       NoValue
D:/MoVerHu_Projekt/FE_Modell/FE-Abaqus-Model/Job-19.odb,Step-163,Increment      6: Step Time =    1.000,"LAGERSITZ_NEU-1",         13107,             3,          2294,      -97.1837,       49.0847,      -5.84694,"ASSEMBLY_LAGERSITZ_NEU-1_SET-GEHAEUSE","ALUMINIUM",NA,            0.,            0.,            0.,            0.,  -137.124E-18,  -2.50794E-15,       NoValue
D:/MoVerHu_Projekt/FE_Modell/FE-Abaqus-Model/Job-19.odb,Step-163,Increment      6: Step Time =    1.000,"LAGERSITZ_NEU-1",         13102,             3,          2294,      -97.1837,       49.0847,      -5.84694,"ASSEMBLY_LAGERSITZ_NEU-1_SET-GEHAEUSE","ALUMINIUM",NA,            0.,            0.,            0.,            0.,  -137.124E-18,  -2.50794E-15,       NoValue
D:/MoVerHu_Projekt/FE_Modell/FE-Abaqus-Model/Job-19.odb,Step-163,Increment      6: Step Time =    1.000,"LAGERSITZ_NEU-1",         13097,             3,          2295,      -97.1837,       50.1005,      -8.89690,"ASSEMBLY_LAGERSITZ_NEU-1_SET-GEHAEUSE","ALUMINIUM",NA,            0.,            0.,            0.,            0.,   660.035E-18,   391.977E-18,       NoValue
D:/MoVerHu_Projekt/FE_Modell/FE-Abaqus-Model/Job-19.odb,Step-163,Increment      6: Step Time =    1.000,"LAGERSITZ_NEU-1",         13102,             3,          2295,      -97.1837,       50.1005,      -8.89690,"ASSEMBLY_LAGERSITZ_NEU-1_SET-GEHAEUSE","ALUMINIUM",NA,            0.,            0.,            0.,            0.,   660.035E-18,   391.977E-18,       NoValue
D:/MoVerHu_Projekt/FE_Modell/FE-Abaqus-Model/Job-19.odb,Step-163,Increment      6: Step Time =    1.000,"LAGERSITZ_NEU-1",          4456,             4,          2296,      -118.984,       50.0598,      -25.6373,"ASSEMBLY_LAGERSITZ_NEU-1_SET-GEHAEUSE","ALUMINIUM",NA,       236.152,  -890.007E-03,       236.141,       2.06138,   112.299E-03,  -47.9887E-03,            2.
D:/MoVerHu_Projekt/FE_Modell/FE-Abaqus-Model/Job-19.odb,Step-163,Increment      6: Step Time =    1.000,"LAGERSITZ_NEU-1",          4457,             4,          2296,      -118.984,       50.0598,      -25.6373,"ASSEMBLY_LAGERSITZ_NEU-1_SET-GEHAEUSE","ALUMINIUM",NA,       236.152,  -890.007E-03,       236.141,       2.06138,   112.299E-03,  -47.9887E-03,            2.
D:/MoVerHu_Projekt/FE_Modell/FE-Abaqus-Model/Job-19.odb,Step-163,Increment      6: Step Time =    1.000,"LAGERSITZ_NEU-1",          4100,             4,          2296,      -118.984,       50.0598,      -25.6373,"ASSEMBLY_LAGERSITZ_NEU-1_SET-GEHAEUSE","ALUMINIUM",NA,       236.152,  -890.007E-03,       236.141,       2.06138,   112.299E-03,  -47.9887E-03,            2.
D:/MoVerHu_Projekt/FE_Modell/FE-Abaqus-Model/Job-19.odb,Step-163,Increment      6: Step Time =    1.000,"LAGERSITZ_NEU-1",          4099,             4,          2296,      -118.984,       50.0598,      -25.6373,"ASSEMBLY_LAGERSITZ_NEU-1_SET-GEHAEUSE","ALUMINIUM",NA,       236.152,  -890.007E-03,       236.141,       2.06138,   112.299E-03,  -47.9887E-03,            2.
D:/MoVerHu_Projekt/FE_Modell/FE-Abaqus-Model/Job-19.odb,Step-163,Increment      6: Step Time =    1.000,"LAGERSITZ_NEU-1",          4101,             4,          2297,      -115.584,       50.0598,      -25.6373,"ASSEMBLY_LAGERSITZ_NEU-1_SET-GEHAEUSE","ALUMINIUM",NA,       316.072,      -1.14573,       316.061,       2.35046,   124.575E-03,  -41.0000E-03,            2.
D:/MoVerHu_Projekt/FE_Modell/FE-Abaqus-Model/Job-19.odb,Step-163,Increment      6: Step Time =    1.000,"LAGERSITZ_NEU-1",          4100,             4,          2297,      -115.584,       50.0598,      -25.6373,"ASSEMBLY_LAGERSITZ_NEU-1_SET-GEHAEUSE","ALUMINIUM",NA,       316.072,      -1.14573,       316.061,       2.35046,   124.575E-03,  -41.0000E-03,            2.
D:/MoVerHu_Projekt/FE_Modell/FE-Abaqus-Model/Job-19.odb,Step-163,Increment      6: Step Time =    1.000,"LAGERSITZ_NEU-1",          4457,             4,          2297,      -115.584,       50.0598,      -25.6373,"ASSEMBLY_LAGERSITZ_NEU-1_SET-GEHAEUSE","ALUMINIUM",NA,       316.072,      -1.14573,       316.061,       2.35046,   124.575E-03,  -41.0000E-03,            2.
D:/MoVerHu_Projekt/FE_Modell/FE-Abaqus-Model/Job-19.odb,Step-163,Increment      6: Step Time =    1.000,"LAGERSITZ_NEU-1",          4458,             4,          2297,      -115.584,       50.0598,      -25.6373,"ASSEMBLY_LAGERSITZ_NEU-1_SET-GEHAEUSE","ALUMINIUM",NA,       316.072,      -1.14573,       316.061,       2.35046,   124.575E-03,  -41.0000E-03,            2.
D:/MoVerHu_Projekt/FE_Modell/FE-Abaqus-Model/Job-19.odb,Step-163,Increment      6: Step Time =    1.000,"LAGERSITZ_NEU-1",          4101,             4,          2303,      -112.184,       49.9674,      -22.3459,"ASSEMBLY_LAGERSITZ_NEU-1_SET-GEHAEUSE","ALUMINIUM",NA,       553.015,      -1.83133,       552.002,       33.3961,   24.3061E-03,  -3.70780E-03,            2.
D:/MoVerHu_Projekt/FE_Modell/FE-Abaqus-Model/Job-19.odb,Step-163,Increment      6: Step Time =    1.000,"LAGERSITZ_NEU-1",         13073,             6,          2303,      -112.184,       49.9674,      -22.3459,"ASSEMBLY_LAGERSITZ_NEU-1_SET-GEHAEUSE","ALUMINIUM",NA,       553.015,      -1.83133,       552.002,       33.3961,   24.3061E-03,  -3.70780E-03,            2.
D:/MoVerHu_Projekt/FE_Modell/FE-Abaqus-Model/Job-19.odb,Step-163,Increment      6: Step Time =    1.000,"LAGERSITZ_NEU-1",          4104,             4,          2303,      -112.184,       49.9674,      -22.3459,"ASSEMBLY_LAGERSITZ_NEU-1_SET-GEHAEUSE","ALUMINIUM",NA,       553.015,      -1.83133,       552.002,       33.3961,   24.3061E-03,  -3.70780E-03,            2.
D:/MoVerHu_Projekt/FE_Modell/FE-Abaqus-Model/Job-19.odb,Step-163,Increment      6: Step Time =    1.000,"LAGERSITZ_NEU-1",         13078,             6,          2303,      -112.184,       49.9674,      -22.3459,"ASSEMBLY_LAGERSITZ_NEU-1_SET-GEHAEUSE","ALUMINIUM",NA,       553.015,      -1.83133,       552.002,       33.3961,   24.3061E-03,  -3.70780E-03,            2.
D:/MoVerHu_Projekt/FE_Modell/FE-Abaqus-Model/Job-19.odb,Step-163,Increment      6: Step Time =    1.000,"LAGERSITZ_NEU-1",          4104,             4,          2304,      -112.184,       49.6783,      -19.0660,"ASSEMBLY_LAGERSITZ_NEU-1_SET-GEHAEUSE","ALUMINIUM",NA,       673.797,      -2.16339,       669.067,       79.6640,   3.95373E-03,  -3.31764E-03,            2.
D:/MoVerHu_Projekt/FE_Modell/FE-Abaqus-Model/Job-19.odb,Step-163,Increment      6: Step Time =    1.000,"LAGERSITZ_NEU-1",         13083,             6,          2304,      -112.184,       49.6783,      -19.0660,"ASSEMBLY_LAGERSITZ_NEU-1_SET-GEHAEUSE","ALUMINIUM",NA,       673.797,      -2.16339,       669.067,       79.6640,   3.95373E-03,  -3.31764E-03,            2.
D:/MoVerHu_Projekt/FE_Modell/FE-Abaqus-Model/Job-19.odb,Step-163,Increment      6: Step Time =    1.000,"LAGERSITZ_NEU-1",          4107,             4,          2304,      -112.184,       49.6783,      -19.0660,"ASSEMBLY_LAGERSITZ_NEU-1_SET-GEHAEUSE","ALUMINIUM",NA,       673.797,      -2.16339,       669.067,       79.6640,   3.95373E-03,  -3.31764E-03,            2.
D:/MoVerHu_Projekt/FE_Modell/FE-Abaqus-Model/Job-19.odb,Step-163,Increment      6: Step Time =    1.000,"LAGERSITZ_NEU-1",         13078,             6,          2304,      -112.184,       49.6783,      -19.0660,"ASSEMBLY_LAGERSITZ_NEU-1_SET-GEHAEUSE","ALUMINIUM",NA,       673.797,      -2.16339,       669.067,       79.6640,   3.95373E-03,  -3.31764E-03,            2.
D:/MoVerHu_Projekt/FE_Modell/FE-Abaqus-Model/Job-19.odb,Step-163,Increment      6: Step Time =    1.000,"LAGERSITZ_NEU-1",         13083,             6,          2305,      -112.184,       49.1934,      -15.8092,"ASSEMBLY_LAGERSITZ_NEU-1_SET-GEHAEUSE","ALUMINIUM",NA,       529.728,      -1.63199,       521.564,       92.6297,   18.1905E-03,  -14.2684E-03,            2.
D:/MoVerHu_Projekt/FE_Modell/FE-Abaqus-Model/Job-19.odb,Step-163,Increment      6: Step Time =    1.000,"LAGERSITZ_NEU-1",          4107,             4,          2305,      -112.184,       49.1934,      -15.8092,"ASSEMBLY_LAGERSITZ_NEU-1_SET-GEHAEUSE","ALUMINIUM",NA,       529.728,      -1.63199,       521.564,       92.6297,   18.1905E-03,  -14.2684E-03,            2.
D:/MoVerHu_Projekt/FE_Modell/FE-Abaqus-Model/Job-19.odb,Step-163,Increment      6: Step Time =    1.000,"LAGERSITZ_NEU-1",          4110,             4,          2305,      -112.184,       49.1934,      -15.8092,"ASSEMBLY_LAGERSITZ_NEU-1_SET-GEHAEUSE","ALUMINIUM",NA,       529.728,      -1.63199,       521.564,       92.6297,   18.1905E-03,  -14.2684E-03,            2.
D:/MoVerHu_Projekt/FE_Modell/FE-Abaqus-Model/Job-19.odb,Step-163,Increment      6: Step Time =    1.000,"LAGERSITZ_NEU-1",         13088,             6,          2305,      -112.184,       49.1934,      -15.8092,"ASSEMBLY_LAGERSITZ_NEU-1_SET-GEHAEUSE","ALUMINIUM",NA,       529.728,      -1.63199,       521.564,       92.6297,   18.1905E-03,  -14.2684E-03,            2.
D:/MoVerHu_Projekt/FE_Modell/FE-Abaqus-Model/Job-19.odb,Step-163,Increment      6: Step Time =    1.000,"LAGERSITZ_NEU-1",          4112,             4,          2306,      -115.584,       48.5145,      -12.5873,"ASSEMBLY_LAGERSITZ_NEU-1_SET-GEHAEUSE","ALUMINIUM",NA,       212.634,  -668.034E-03,       207.046,       48.4231,   52.3619E-03,  -92.6047E-03,            2.
D:/MoVerHu_Projekt/FE_Modell/FE-Abaqus-Model/Job-19.odb,Step-163,Increment      6: Step Time =    1.000,"LAGERSITZ_NEU-1",          4109,             4,          2306,      -115.584,       48.5145,      -12.5873,"ASSEMBLY_LAGERSITZ_NEU-1_SET-GEHAEUSE","ALUMINIUM",NA,       212.634,  -668.034E-03,       207.046,       48.4231,   52.3619E-03,  -92.6047E-03,            2.
D:/MoVerHu_Projekt/FE_Modell/FE-Abaqus-Model/Job-19.odb,Step-163,Increment      6: Step Time =    1.000,"LAGERSITZ_NEU-1",          4110,             4,          2306,      -115.584,       48.5145,      -12.5873,"ASSEMBLY_LAGERSITZ_NEU-1_SET-GEHAEUSE","ALUMINIUM",NA,       212.634,  -668.034E-03,       207.046,       48.4231,   52.3619E-03,  -92.6047E-03,            2.
D:/MoVerHu_Projekt/FE_Modell/FE-Abaqus-Model/Job-19.odb,Step-163,Increment      6: Step Time =    1.000,"LAGERSITZ_NEU-1",          4113,             4,          2306,      -115.584,       48.5145,      -12.5873,"ASSEMBLY_LAGERSITZ_NEU-1_SET-GEHAEUSE","ALUMINIUM",NA,       212.634,  -668.034E-03,       207.046,       48.4231,   52.3619E-03,  -92.6047E-03,            2.
D:/MoVerHu_Projekt/FE_Modell/FE-Abaqus-Model/Job-19.odb,Step-163,Increment      6: Step Time =    1.000,"LAGERSITZ_NEU-1",          4108,             4,          2307,      -118.984,       48.5145,      -12.5873,"ASSEMBLY_LAGERSITZ_NEU-1_SET-GEHAEUSE","ALUMINIUM",NA,       128.135,  -414.183E-03,       124.891,       28.6432,   38.2242E-03,  -90.3186E-03,            2.
D:/MoVerHu_Projekt/FE_Modell/FE-Abaqus-Model/Job-19.odb,Step-163,Increment      6: Step Time =    1.000,"LAGERSITZ_NEU-1",          4112,             4,          2307,      -118.984,       48.5145,      -12.5873,"ASSEMBLY_LAGERSITZ_NEU-1_SET-GEHAEUSE","ALUMINIUM",NA,       128.135,  -414.183E-03,       124.891,       28.6432,   38.2242E-03,  -90.3186E-03,            2.
D:/MoVerHu_Projekt/FE_Modell/FE-Abaqus-Model/Job-19.odb,Step-163,Increment      6: Step Time =    1.000,"LAGERSITZ_NEU-1",          4111,             4,          2307,      -118.984,       48.5145,      -12.5873,"ASSEMBLY_LAGERSITZ_NEU-1_SET-GEHAEUSE","ALUMINIUM",NA,       128.135,  -414.183E-03,       124.891,       28.6432,   38.2242E-03,  -90.3186E-03,            2.
D:/MoVerHu_Projekt/FE_Modell/FE-Abaqus-Model/Job-19.odb,Step-163,Increment      6: Step Time =    1.000,"LAGERSITZ_NEU-1",          4109,             4,          2307,      -118.984,       48.5145,      -12.5873,"ASSEMBLY_LAGERSITZ_NEU-1_SET-GEHAEUSE","ALUMINIUM",NA,       128.135,  -414.183E-03,       124.891,       28.6432,   38.2242E-03,  -90.3186E-03,            2.
D:/MoVerHu_Projekt/FE_Modell/FE-Abaqus-Model/Job-19.odb,Step-163,Increment      6: Step Time =    1.000,"LAGERSITZ_NEU-1",          4113,             4,          2308,      -112.184,       47.7074,      -9.62024,"ASSEMBLY_LAGERSITZ_NEU-1_SET-GEHAEUSE","ALUMINIUM",NA,       168.118,  -463.476E-03,       160.820,       48.9935,   14.8465E-03,  -70.3093E-03,            2.
D:/MoVerHu_Projekt/FE_Modell/FE-Abaqus-Model/Job-19.odb,Step-163,Increment      6: Step Time =    1.000,"LAGERSITZ_NEU-1",          4116,             4,          2308,      -112.184,       47.7074,      -9.62024,"ASSEMBLY_LAGERSITZ_NEU-1_SET-GEHAEUSE","ALUMINIUM",NA,       168.118,  -463.476E-03,       160.820,       48.9935,   14.8465E-03,  -70.3093E-03,            2.
D:/MoVerHu_Projekt/FE_Modell/FE-Abaqus-Model/Job-19.odb,Step-163,Increment      6: Step Time =    1.000,"LAGERSITZ_NEU-1",         13098,             6,          2308,      -112.184,       47.7074,      -9.62024,"ASSEMBLY_LAGERSITZ_NEU-1_SET-GEHAEUSE","ALUMINIUM",NA,       168.118,  -463.476E-03,       160.820,       48.9935,   14.8465E-03,  -70.3093E-03,            2.
D:/MoVerHu_Projekt/FE_Modell/FE-Abaqus-Model/Job-19.odb,Step-163,Increment      6: Step Time =    1.000,"LAGERSITZ_NEU-1",         13093,             6,          2308,      -112.184,       47.7074,      -9.62024,"ASSEMBLY_LAGERSITZ_NEU-1_SET-GEHAEUSE","ALUMINIUM",NA,       168.118,  -463.476E-03,       160.820,       48.9935,   14.8465E-03,  -70.3093E-03,            2.
D:/MoVerHu_Projekt/FE_Modell/FE-Abaqus-Model/Job-19.odb,Step-163,Increment      6: Step Time =    1.000,"LAGERSITZ_NEU-1",          4116,             4,          2309,      -112.184,       46.7358,      -6.70289,"ASSEMBLY_LAGERSITZ_NEU-1_SET-GEHAEUSE","ALUMINIUM",NA,       271.493,  -697.837E-03,       254.785,       93.7697,  -18.7688E-03,  -103.970E-03,            2.
D:/MoVerHu_Projekt/FE_Modell/FE-Abaqus-Model/Job-19.odb,Step-163,Increment      6: Step Time =    1.000,"LAGERSITZ_NEU-1",          4119,             4,          2309,      -112.184,       46.7358,      -6.70289,"ASSEMBLY_LAGERSITZ_NEU-1_SET-GEHAEUSE","ALUMINIUM",NA,       271.493,  -697.837E-03,       254.785,       93.7697,  -18.7688E-03,  -103.970E-03,            2.
D:/MoVerHu_Projekt/FE_Modell/FE-Abaqus-Model/Job-19.odb,Step-163,Increment      6: Step Time =    1.000,"LAGERSITZ_NEU-1",         13098,             6,          2309,      -112.184,       46.7358,      -6.70289,"ASSEMBLY_LAGERSITZ_NEU-1_SET-GEHAEUSE","ALUMINIUM",NA,       271.493,  -697.837E-03,       254.785,       93.7697,  -18.7688E-03,  -103.970E-03,            2.
D:/MoVerHu_Projekt/FE_Modell/FE-Abaqus-Model/Job-19.odb,Step-163,Increment      6: Step Time =    1.000,"LAGERSITZ_NEU-1",         13103,             6,          2309,      -112.184,       46.7358,      -6.70289,"ASSEMBLY_LAGERSITZ_NEU-1_SET-GEHAEUSE","ALUMINIUM",NA,       271.493,  -697.837E-03,       254.785,       93.7697,  -18.7688E-03,  -103.970E-03,            2.
D:/MoVerHu_Projekt/FE_Modell/FE-Abaqus-Model/Job-19.odb,Step-163,Increment      6: Step Time =    1.000,"LAGERSITZ_NEU-1",         13103,             6,          2310,      -112.184,       45.6027,      -3.84439,"ASSEMBLY_LAGERSITZ_NEU-1_SET-GEHAEUSE","ALUMINIUM",NA,       296.953,  -703.927E-03,       272.864,       117.157,  -50.4333E-03,  -106.749E-03,            2.
D:/MoVerHu_Projekt/FE_Modell/FE-Abaqus-Model/Job-19.odb,Step-163,Increment      6: Step Time =    1.000,"LAGERSITZ_NEU-1",          4122,             4,          2310,      -112.184,       45.6027,      -3.84439,"ASSEMBLY_LAGERSITZ_NEU-1_SET-GEHAEUSE","ALUMINIUM",NA,       296.953,  -703.927E-03,       272.864,       117.157,  -50.4333E-03,  -106.749E-03,            2.
D:/MoVerHu_Projekt/FE_Modell/FE-Abaqus-Model/Job-19.odb,Step-163,Increment      6: Step Time =    1.000,"LAGERSITZ_NEU-1",         13108,             6,          2310,      -112.184,       45.6027,      -3.84439,"ASSEMBLY_LAGERSITZ_NEU-1_SET-GEHAEUSE","ALUMINIUM",NA,       296.953,  -703.927E-03,       272.864,       117.157,  -50.4333E-03,  -106.749E-03,            2.
D:/MoVerHu_Projekt/FE_Modell/FE-Abaqus-Model/Job-19.odb,Step-163,Increment      6: Step Time =    1.000,"LAGERSITZ_NEU-1",          4119,             4,          2310,      -112.184,       45.6027,      -3.84439,"ASSEMBLY_LAGERSITZ_NEU-1_SET-GEHAEUSE","ALUMINIUM",NA,       296.953,  -703.927E-03,       272.864,       117.157,  -50.4333E-03,  -106.749E-03,            2.
D:/MoVerHu_Projekt/FE_Modell/FE-Abaqus-Model/Job-19.odb,Step-163,Increment      6: Step Time =    1.000,"LAGERSITZ_NEU-1",         13108,             6,          2311,      -112.184,       44.3116,      -1.05368,"ASSEMBLY_LAGERSITZ_NEU-1_SET-GEHAEUSE","ALUMINIUM",NA,       232.963,  -496.721E-03,       208.485,       103.950,  -86.8812E-03,  -126.649E-03,            2.
D:/MoVerHu_Projekt/FE_Modell/FE-Abaqus-Model/Job-19.odb,Step-163,Increment      6: Step Time =    1.000,"LAGERSITZ_NEU-1",          4122,             4,          2311,      -112.184,       44.3116,      -1.05368,"ASSEMBLY_LAGERSITZ_NEU-1_SET-GEHAEUSE","ALUMINIUM",NA,       232.963,  -496.721E-03,       208.485,       103.950,  -86.8812E-03,  -126.649E-03,            2.
D:/MoVerHu_Projekt/FE_Modell/FE-Abaqus-Model/Job-19.odb,Step-163,Increment      6: Step Time =    1.000,"LAGERSITZ_NEU-1",         13113,             6,          2311,      -112.184,       44.3116,      -1.05368,"ASSEMBLY_LAGERSITZ_NEU-1_SET-GEHAEUSE","ALUMINIUM",NA,       232.963,  -496.721E-03,       208.485,       103.950,  -86.8812E-03,  -126.649E-03,            2.
D:/MoVerHu_Projekt/FE_Modell/FE-Abaqus-Model/Job-19.odb,Step-163,Increment      6: Step Time =    1.000,"LAGERSITZ_NEU-1",          4125,             4,          2311,      -112.184,       44.3116,      -1.05368,"ASSEMBLY_LAGERSITZ_NEU-1_SET-GEHAEUSE","ALUMINIUM",NA,       232.963,  -496.721E-03,       208.485,       103.950,  -86.8812E-03,  -126.649E-03,            2.
D:/MoVerHu_Projekt/FE_Modell/FE-Abaqus-Model/Job-19.odb,Step-163,Increment      6: Step Time =    1.000,"LAGERSITZ_NEU-1",          4128,             4,          2312,      -112.184,       42.8665,       1.66051,"ASSEMBLY_LAGERSITZ_NEU-1_SET-GEHAEUSE","ALUMINIUM",NA,       313.926,  -588.911E-03,       272.397,       156.042,  -45.1632E-03,  -42.8861E-03,            2.
D:/MoVerHu_Projekt/FE_Modell/FE-Abaqus-Model/Job-19.odb,Step-163,Increment      6: Step Time =    1.000,"LAGERSITZ_NEU-1",          4125,             4,          2312,      -112.184,       42.8665,       1.66051,"ASSEMBLY_LAGERSITZ_NEU-1_SET-GEHAEUSE","ALUMINIUM",NA,       313.926,  -588.911E-03,       272.397,       156.042,  -45.1632E-03,  -42.8861E-03,            2.
D:/MoVerHu_Projekt/FE_Modell/FE-Abaqus-Model/Job-19.odb,Step-163,Increment      6: Step Time =    1.000,"LAGERSITZ_NEU-1",         13113,             6,          2312,      -112.184,       42.8665,       1.66051,"ASSEMBLY_LAGERSITZ_NEU-1_SET-GEHAEUSE","ALUMINIUM",NA,       313.926,  -588.911E-03,       272.397,       156.042,  -45.1632E-03,  -42.8861E-03,            2.
D:/MoVerHu_Projekt/FE_Modell/FE-Abaqus-Model/Job-19.odb,Step-163,Increment      6: Step Time =    1.000,"LAGERSITZ_NEU-1",         13118,             6,          2312,      -112.184,       42.8665,       1.66051,"ASSEMBLY_LAGERSITZ_NEU-1_SET-GEHAEUSE","ALUMINIUM",NA,       313.926,  -588.911E-03,       272.397,       156.042,  -45.1632E-03,  -42.8861E-03,            2.
D:/MoVerHu_Projekt/FE_Modell/FE-Abaqus-Model/Job-19.odb,Step-163,Increment      6: Step Time =    1.000,"LAGERSITZ_NEU-1",          4128,             4,          2313,      -112.184,       41.2721,       4.28970,"ASSEMBLY_LAGERSITZ_NEU-1_SET-GEHAEUSE","ALUMINIUM",NA,       330.803,  -546.053E-03,       278.190,       178.999,  -36.2829E-03,  -28.5645E-03,            1.
D:/MoVerHu_Projekt/FE_Modell/FE-Abaqus-Model/Job-19.odb,Step-163,Increment      6: Step Time =    1.000,"LAGERSITZ_NEU-1",         13123,             6,          2313,      -112.184,       41.2721,       4.28970,"ASSEMBLY_LAGERSITZ_NEU-1_SET-GEHAEUSE","ALUMINIUM",NA,       330.803,  -546.053E-03,       278.190,       178.999,  -36.2829E-03,  -28.5645E-03,            1.
D:/MoVerHu_Projekt/FE_Modell/FE-Abaqus-Model/Job-19.odb,Step-163,Increment      6: Step Time =    1.000,"LAGERSITZ_NEU-1",         13118,             6,          2313,      -112.184,       41.2721,       4.28970,"ASSEMBLY_LAGERSITZ_NEU-1_SET-GEHAEUSE","ALUMINIUM",NA,       330.803,  -546.053E-03,       278.190,       178.999,  -36.2829E-03,  -28.5645E-03,            1.
D:/MoVerHu_Projekt/FE_Modell/FE-Abaqus-Model/Job-19.odb,Step-163,Increment      6: Step Time =    1.000,"LAGERSITZ_NEU-1",          4131,             4,          2313,      -112.184,       41.2721,       4.28970,"ASSEMBLY_LAGERSITZ_NEU-1_SET-GEHAEUSE","ALUMINIUM",NA,       330.803,  -546.053E-03,       278.190,       178.999,  -36.2829E-03,  -28.5645E-03,            1.
D:/MoVerHu_Projekt/FE_Modell/FE-Abaqus-Model/Job-19.odb,Step-163,Increment      6: Step Time =    1.000,"LAGERSITZ_NEU-1",         13123,             6,          2314,      -112.184,       39.5332,       6.82567,"ASSEMBLY_LAGERSITZ_NEU-1_SET-GEHAEUSE","ALUMINIUM",NA,       84.6256,  -124.607E-03,       69.1094,       48.8403,  -148.942E-03,  -128.481E-03,            2.
D:/MoVerHu_Projekt/FE_Modell/FE-Abaqus-Model/Job-19.odb,Step-163,Increment      6: Step Time =    1.000,"LAGERSITZ_NEU-1",          4134,             4,          2314,      -112.184,       39.5332,       6.82567,"ASSEMBLY_LAGERSITZ_NEU-1_SET-GEHAEUSE","ALUMINIUM",NA,       84.6256,  -124.607E-03,       69.1094,       48.8403,  -148.942E-03,  -128.481E-03,            2.
D:/MoVerHu_Projekt/FE_Modell/FE-Abaqus-Model/Job-19.odb,Step-163,Increment      6: Step Time =    1.000,"LAGERSITZ_NEU-1",          4131,             4,          2314,      -112.184,       39.5332,       6.82567,"ASSEMBLY_LAGERSITZ_NEU-1_SET-GEHAEUSE","ALUMINIUM",NA,       84.6256,  -124.607E-03,       69.1094,       48.8403,  -148.942E-03,  -128.481E-03,            2.
D:/MoVerHu_Projekt/FE_Modell/FE-Abaqus-Model/Job-19.odb,Step-163,Increment      6: Step Time =    1.000,"LAGERSITZ_NEU-1",         13128,             6,          2314,      -112.184,       39.5332,       6.82567,"ASSEMBLY_LAGERSITZ_NEU-1_SET-GEHAEUSE","ALUMINIUM",NA,       84.6256,  -124.607E-03,       69.1094,       48.8403,  -148.942E-03,  -128.481E-03,            2.
D:/MoVerHu_Projekt/FE_Modell/FE-Abaqus-Model/Job-19.odb,Step-163,Increment      6: Step Time =    1.000,"LAGERSITZ_NEU-1",          4134,             4,          2315,      -112.184,       37.6552,       9.26050,"ASSEMBLY_LAGERSITZ_NEU-1_SET-GEHAEUSE","ALUMINIUM",NA,       7.87268,  -9.55705E-03,       6.17096,       4.88859,  -21.9542E-03,  -18.1884E-03,       NoValue
D:/MoVerHu_Projekt/FE_Modell/FE-Abaqus-Model/Job-19.odb,Step-163,Increment      6: Step Time =    1.000,"LAGERSITZ_NEU-1",          4137,             4,          2315,      -112.184,       37.6552,       9.26050,"ASSEMBLY_LAGERSITZ_NEU-1_SET-GEHAEUSE","ALUMINIUM",NA,       7.87268,  -9.55705E-03,       6.17096,       4.88859,  -21.9542E-03,  -18.1884E-03,       NoValue
D:/MoVerHu_Projekt/FE_Modell/FE-Abaqus-Model/Job-19.odb,Step-163,Increment      6: Step Time =    1.000,"LAGERSITZ_NEU-1",         13133,             6,          2315,      -112.184,       37.6552,       9.26050,"ASSEMBLY_LAGERSITZ_NEU-1_SET-GEHAEUSE","ALUMINIUM",NA,       7.87268,  -9.55705E-03,       6.17096,       4.88859,  -21.9542E-03,  -18.1884E-03,       NoValue
D:/MoVerHu_Projekt/FE_Modell/FE-Abaqus-Model/Job-19.odb,Step-163,Increment      6: Step Time =    1.000,"LAGERSITZ_NEU-1",         13128,             6,          2315,      -112.184,       37.6552,       9.26050,"ASSEMBLY_LAGERSITZ_NEU-1_SET-GEHAEUSE","ALUMINIUM",NA,       7.87268,  -9.55705E-03,       6.17096,       4.88859,  -21.9542E-03,  -18.1884E-03,       NoValue
D:/MoVerHu_Projekt/FE_Modell/FE-Abaqus-Model/Job-19.odb,Step-163,Increment      6: Step Time =    1.000,"LAGERSITZ_NEU-1",         13133,             6,          2316,      -112.184,       35.6442,       11.5866,"ASSEMBLY_LAGERSITZ_NEU-1_SET-GEHAEUSE","ALUMINIUM",NA,       28.7914,  -23.2785E-03,       20.8768,       19.8268,  -102.666E-03,  -81.9201E-03,            2.
D:/MoVerHu_Projekt/FE_Modell/FE-Abaqus-Model/Job-19.odb,Step-163,Increment      6: Step Time =    1.000,"LAGERSITZ_NEU-1",          4137,             4,          2316,      -112.184,       35.6442,       11.5866,"ASSEMBLY_LAGERSITZ_NEU-1_SET-GEHAEUSE","ALUMINIUM",NA,       28.7914,  -23.2785E-03,       20.8768,       19.8268,  -102.666E-03,  -81.9201E-03,            2.
D:/MoVerHu_Projekt/FE_Modell/FE-Abaqus-Model/Job-19.odb,Step-163,Increment      6: Step Time =    1.000,"LAGERSITZ_NEU-1",          4140,             4,          2316,      -112.184,       35.6442,       11.5866,"ASSEMBLY_LAGERSITZ_NEU-1_SET-GEHAEUSE","ALUMINIUM",NA,       28.7914,  -23.2785E-03,       20.8768,       19.8268,  -102.666E-03,  -81.9201E-03,            2.
D:/MoVerHu_Projekt/FE_Modell/FE-Abaqus-Model/Job-19.odb,Step-163,Increment      6: Step Time =    1.000,"LAGERSITZ_NEU-1",         13138,             6,          2316,      -112.184,       35.6442,       11.5866,"ASSEMBLY_LAGERSITZ_NEU-1_SET-GEHAEUSE","ALUMINIUM",NA,       28.7914,  -23.2785E-03,       20.8768,       19.8268,  -102.666E-03,  -81.9201E-03,            2.
D:/MoVerHu_Projekt/FE_Modell/FE-Abaqus-Model/Job-19.odb,Step-163,Increment      6: Step Time =    1.000,"LAGERSITZ_NEU-1",          4140,             4,          2317,      -112.184,       33.5063,       13.7966,"ASSEMBLY_LAGERSITZ_NEU-1_SET-GEHAEUSE","ALUMINIUM",NA,       131.396,  -87.6467E-03,       91.4868,       94.3142,  -404.379E-03,  -306.992E-03,            1.
D:/MoVerHu_Projekt/FE_Modell/FE-Abaqus-Model/Job-19.odb,Step-163,Increment      6: Step Time =    1.000,"LAGERSITZ_NEU-1",          4143,             4,          2317,      -112.184,       33.5063,       13.7966,"ASSEMBLY_LAGERSITZ_NEU-1_SET-GEHAEUSE","ALUMINIUM",NA,       131.396,  -87.6467E-03,       91.4868,       94.3142,  -404.379E-03,  -306.992E-03,            1.
D:/MoVerHu_Projekt/FE_Modell/FE-Abaqus-Model/Job-19.odb,Step-163,Increment      6: Step Time =    1.000,"LAGERSITZ_NEU-1",         13138,             6,          2317,      -112.184,       33.5063,       13.7966,"ASSEMBLY_LAGERSITZ_NEU-1_SET-GEHAEUSE","ALUMINIUM",NA,       131.396,  -87.6467E-03,       91.4868,       94.3142,  -404.379E-03,  -306.992E-03,            1.
D:/MoVerHu_Projekt/FE_Modell/FE-Abaqus-Model/Job-19.odb,Step-163,Increment      6: Step Time =    1.000,"LAGERSITZ_NEU-1",         13143,             6,          2317,      -112.184,       33.5063,       13.7966,"ASSEMBLY_LAGERSITZ_NEU-1_SET-GEHAEUSE","ALUMINIUM",NA,       131.396,  -87.6467E-03,       91.4868,       94.3142,  -404.379E-03,  -306.992E-03,            1.
D:/MoVerHu_Projekt/FE_Modell/FE-Abaqus-Model/Job-19.odb,Step-163,Increment      6: Step Time =    1.000,"LAGERSITZ_NEU-1",         13143,             6,          2318,      -112.184,       31.2482,       15.8838,"ASSEMBLY_LAGERSITZ_NEU-1_SET-GEHAEUSE","ALUMINIUM",NA,       121.892,  -61.2258E-03,       80.5501,       91.4839,  -448.335E-03,  -339.844E-03,            1.
D:/MoVerHu_Projekt/FE_Modell/FE-Abaqus-Model/Job-19.odb,Step-163,Increment      6: Step Time =    1.000,"LAGERSITZ_NEU-1",          4143,             4,          2318,      -112.184,       31.2482,       15.8838,"ASSEMBLY_LAGERSITZ_NEU-1_SET-GEHAEUSE","ALUMINIUM",NA,       121.892,  -61.2258E-03,       80.5501,       91.4839,  -448.335E-03,  -339.844E-03,            1.
D:/MoVerHu_Projekt/FE_Modell/FE-Abaqus-Model/Job-19.odb,Step-163,Increment      6: Step Time =    1.000,"LAGERSITZ_NEU-1",          4146,             4,          2318,      -112.184,       31.2482,       15.8838,"ASSEMBLY_LAGERSITZ_NEU-1_SET-GEHAEUSE","ALUMINIUM",NA,       121.892,  -61.2258E-03,       80.5501,       91.4839,  -448.335E-03,  -339.844E-03,            1.
D:/MoVerHu_Projekt/FE_Modell/FE-Abaqus-Model/Job-19.odb,Step-163,Increment      6: Step Time =    1.000,"LAGERSITZ_NEU-1",         13148,             6,          2318,      -112.184,       31.2482,       15.8838,"ASSEMBLY_LAGERSITZ_NEU-1_SET-GEHAEUSE","ALUMINIUM",NA,       121.892,  -61.2258E-03,       80.5501,       91.4839,  -448.335E-03,  -339.844E-03,            1.
D:/MoVerHu_Projekt/FE_Modell/FE-Abaqus-Model/Job-19.odb,Step-163,Increment      6: Step Time =    1.000,"LAGERSITZ_NEU-1",          4149,             4,          2319,      -112.184,       28.8770,       17.8414,"ASSEMBLY_LAGERSITZ_NEU-1_SET-GEHAEUSE","ALUMINIUM",NA,       17.1943,  -7.56202E-03,       10.9430,       13.2625,  -1.02750E-15,   1.53301E-15,       NoValue
D:/MoVerHu_Projekt/FE_Modell/FE-Abaqus-Model/Job-19.odb,Step-163,Increment      6: Step Time =    1.000,"LAGERSITZ_NEU-1",         13148,             6,          2319,      -112.184,       28.8770,       17.8414,"ASSEMBLY_LAGERSITZ_NEU-1_SET-GEHAEUSE","ALUMINIUM",NA,       17.1943,  -7.56202E-03,       10.9430,       13.2625,  -1.02750E-15,   1.53301E-15,       NoValue
D:/MoVerHu_Projekt/FE_Modell/FE-Abaqus-Model/Job-19.odb,Step-163,Increment      6: Step Time =    1.000,"LAGERSITZ_NEU-1",         13153,             6,          2319,      -112.184,       28.8770,       17.8414,"ASSEMBLY_LAGERSITZ_NEU-1_SET-GEHAEUSE","ALUMINIUM",NA,       17.1943,  -7.56202E-03,       10.9430,       13.2625,  -1.02750E-15,   1.53301E-15,       NoValue
D:/MoVerHu_Projekt/FE_Modell/FE-Abaqus-Model/Job-19.odb,Step-163,Increment      6: Step Time =    1.000,"LAGERSITZ_NEU-1",          4146,             4,          2319,      -112.184,       28.8770,       17.8414,"ASSEMBLY_LAGERSITZ_NEU-1_SET-GEHAEUSE","ALUMINIUM",NA,       17.1943,  -7.56202E-03,       10.9430,       13.2625,  -1.02750E-15,   1.53301E-15,       NoValue
D:/MoVerHu_Projekt/FE_Modell/FE-Abaqus-Model/Job-19.odb,Step-163,Increment      6: Step Time =    1.000,"LAGERSITZ_NEU-1",          4147,             4,          2320,      -118.984,       26.4002,       19.6635,"ASSEMBLY_LAGERSITZ_NEU-1_SET-GEHAEUSE","ALUMINIUM",NA,       6.90296,  -1.12168E-03,       3.77578,       5.77878,   2.19632E-15,   877.827E-18,       NoValue
D:/MoVerHu_Projekt/FE_Modell/FE-Abaqus-Model/Job-19.odb,Step-163,Increment      6: Step Time =    1.000,"LAGERSITZ_NEU-1",          4148,             4,          2320,      -118.984,       26.4002,       19.6635,"ASSEMBLY_LAGERSITZ_NEU-1_SET-GEHAEUSE","ALUMINIUM",NA,       6.90296,  -1.12168E-03,       3.77578,       5.77878,   2.19632E-15,   877.827E-18,       NoValue
D:/MoVerHu_Projekt/FE_Modell/FE-Abaqus-Model/Job-19.odb,Step-163,Increment      6: Step Time =    1.000,"LAGERSITZ_NEU-1",          4151,             4,          2320,      -118.984,       26.4002,       19.6635,"ASSEMBLY_LAGERSITZ_NEU-1_SET-GEHAEUSE","ALUMINIUM",NA,       6.90296,  -1.12168E-03,       3.77578,       5.77878,   2.19632E-15,   877.827E-18,       NoValue
D:/MoVerHu_Projekt/FE_Modell/FE-Abaqus-Model/Job-19.odb,Step-163,Increment      6: Step Time =    1.000,"LAGERSITZ_NEU-1",          4150,             4,          2320,      -118.984,       26.4002,       19.6635,"ASSEMBLY_LAGERSITZ_NEU-1_SET-GEHAEUSE","ALUMINIUM",NA,       6.90296,  -1.12168E-03,       3.77578,       5.77878,   2.19632E-15,   877.827E-18,       NoValue
D:/MoVerHu_Projekt/FE_Modell/FE-Abaqus-Model/Job-19.odb,Step-163,Increment      6: Step Time =    1.000,"LAGERSITZ_NEU-1",          4151,             4,          2321,      -115.584,       26.4002,       19.6635,"ASSEMBLY_LAGERSITZ_NEU-1_SET-GEHAEUSE","ALUMINIUM",NA,   724.708E-03,  -53.2547E-06,   396.325E-03,   606.736E-03,   754.484E-18,   986.954E-18,       NoValue
D:/MoVerHu_Projekt/FE_Modell/FE-Abaqus-Model/Job-19.odb,Step-163,Increment      6: Step Time =    1.000,"LAGERSITZ_NEU-1",          4149,             4,          2321,      -115.584,       26.4002,       19.6635,"ASSEMBLY_LAGERSITZ_NEU-1_SET-GEHAEUSE","ALUMINIUM",NA,   724.708E-03,  -53.2547E-06,   396.325E-03,   606.736E-03,   754.484E-18,   986.954E-18,       NoValue
D:/MoVerHu_Projekt/FE_Modell/FE-Abaqus-Model/Job-19.odb,Step-163,Increment      6: Step Time =    1.000,"LAGERSITZ_NEU-1",          4148,             4,          2321,      -115.584,       26.4002,       19.6635,"ASSEMBLY_LAGERSITZ_NEU-1_SET-GEHAEUSE","ALUMINIUM",NA,   724.708E-03,  -53.2547E-06,   396.325E-03,   606.736E-03,   754.484E-18,   986.954E-18,       NoValue
D:/MoVerHu_Projekt/FE_Modell/FE-Abaqus-Model/Job-19.odb,Step-163,Increment      6: Step Time =    1.000,"LAGERSITZ_NEU-1",          4152,             4,          2321,      -115.584,       26.4002,       19.6635,"ASSEMBLY_LAGERSITZ_NEU-1_SET-GEHAEUSE","ALUMINIUM",NA,   724.708E-03,  -53.2547E-06,   396.325E-03,   606.736E-03,   754.484E-18,   986.954E-18,       NoValue
D:/MoVerHu_Projekt/FE_Modell/FE-Abaqus-Model/Job-19.odb,Step-163,Increment      6: Step Time =    1.000,"LAGERSITZ_NEU-1",         13158,             6,          2332,      -112.184,       23.8707,       21.3165,"ASSEMBLY_LAGERSITZ_NEU-1_SET-GEHAEUSE","ALUMINIUM",NA,            0.,            0.,            0.,            0.,   324.367E-03,   212.115E-03,       NoValue
D:/MoVerHu_Projekt/FE_Modell/FE-Abaqus-Model/Job-19.odb,Step-163,Increment      6: Step Time =    1.000,"LAGERSITZ_NEU-1",          4152,             4,          2332,      -112.184,       23.8707,       21.3165,"ASSEMBLY_LAGERSITZ_NEU-1_SET-GEHAEUSE","ALUMINIUM",NA,            0.,            0.,            0.,            0.,   324.367E-03,   212.115E-03,       NoValue
D:/MoVerHu_Projekt/FE_Modell/FE-Abaqus-Model/Job-19.odb,Step-163,Increment      6: Step Time =    1.000,"LAGERSITZ_NEU-1",         13163,             6,          2332,      -112.184,       23.8707,       21.3165,"ASSEMBLY_LAGERSITZ_NEU-1_SET-GEHAEUSE","ALUMINIUM",NA,            0.,            0.,            0.,            0.,   324.367E-03,   212.115E-03,       NoValue
D:/MoVerHu_Projekt/FE_Modell/FE-Abaqus-Model/Job-19.odb,Step-163,Increment      6: Step Time =    1.000,"LAGERSITZ_NEU-1",          4155,             4,          2332,      -112.184,       23.8707,       21.3165,"ASSEMBLY_LAGERSITZ_NEU-1_SET-GEHAEUSE","ALUMINIUM",NA,            0.,            0.,            0.,            0.,   324.367E-03,   212.115E-03,       NoValue
D:/MoVerHu_Projekt/FE_Modell/FE-Abaqus-Model/Job-19.odb,Step-163,Increment      6: Step Time =    1.000,"LAGERSITZ_NEU-1",          4158,             4,          2333,      -112.184,       21.2543,       22.8280,"ASSEMBLY_LAGERSITZ_NEU-1_SET-GEHAEUSE","ALUMINIUM",NA,            0.,            0.,            0.,            0.,  -1.76819E-15,   1.64293E-15,       NoValue
D:/MoVerHu_Projekt/FE_Modell/FE-Abaqus-Model/Job-19.odb,Step-163,Increment      6: Step Time =    1.000,"LAGERSITZ_NEU-1",          4155,             4,          2333,      -112.184,       21.2543,       22.8280,"ASSEMBLY_LAGERSITZ_NEU-1_SET-GEHAEUSE","ALUMINIUM",NA,            0.,            0.,            0.,            0.,  -1.76819E-15,   1.64293E-15,       NoValue
D:/MoVerHu_Projekt/FE_Modell/FE-Abaqus-Model/Job-19.odb,Step-163,Increment      6: Step Time =    1.000,"LAGERSITZ_NEU-1",         13163,             6,          2333,      -112.184,       21.2543,       22.8280,"ASSEMBLY_LAGERSITZ_NEU-1_SET-GEHAEUSE","ALUMINIUM",NA,            0.,            0.,            0.,            0.,  -1.76819E-15,   1.64293E-15,       NoValue
D:/MoVerHu_Projekt/FE_Modell/FE-Abaqus-Model/Job-19.odb,Step-163,Increment      6: Step Time =    1.000,"LAGERSITZ_NEU-1",         13168,             6,          2333,      -112.184,       21.2543,       22.8280,"ASSEMBLY_LAGERSITZ_NEU-1_SET-GEHAEUSE","ALUMINIUM",NA,            0.,            0.,            0.,            0.,  -1.76819E-15,   1.64293E-15,       NoValue
D:/MoVerHu_Projekt/FE_Modell/FE-Abaqus-Model/Job-19.odb,Step-163,Increment      6: Step Time =    1.000,"LAGERSITZ_NEU-1",         13168,             6,          2334,      -112.184,       18.5588,       24.1936,"ASSEMBLY_LAGERSITZ_NEU-1_SET-GEHAEUSE","ALUMINIUM",NA,            0.,            0.,            0.,            0.,  -1.24943E-15,  -74.7694E-18,       NoValue
D:/MoVerHu_Projekt/FE_Modell/FE-Abaqus-Model/Job-19.odb,Step-163,Increment      6: Step Time =    1.000,"LAGERSITZ_NEU-1",         13173,             6,          2334,      -112.184,       18.5588,       24.1936,"ASSEMBLY_LAGERSITZ_NEU-1_SET-GEHAEUSE","ALUMINIUM",NA,            0.,            0.,            0.,            0.,  -1.24943E-15,  -74.7694E-18,       NoValue
D:/MoVerHu_Projekt/FE_Modell/FE-Abaqus-Model/Job-19.odb,Step-163,Increment      6: Step Time =    1.000,"LAGERSITZ_NEU-1",          4161,             4,          2334,      -112.184,       18.5588,       24.1936,"ASSEMBLY_LAGERSITZ_NEU-1_SET-GEHAEUSE","ALUMINIUM",NA,            0.,            0.,            0.,            0.,  -1.24943E-15,  -74.7694E-18,       NoValue
D:/MoVerHu_Projekt/FE_Modell/FE-Abaqus-Model/Job-19.odb,Step-163,Increment      6: Step Time =    1.000,"LAGERSITZ_NEU-1",          4158,             4,          2334,      -112.184,       18.5588,       24.1936,"ASSEMBLY_LAGERSITZ_NEU-1_SET-GEHAEUSE","ALUMINIUM",NA,            0.,            0.,            0.,            0.,  -1.24943E-15,  -74.7694E-18,       NoValue
D:/MoVerHu_Projekt/FE_Modell/FE-Abaqus-Model/Job-19.odb,Step-163,Increment      6: Step Time =    1.000,"LAGERSITZ_NEU-1",         13178,             6,          2335,      -112.184,       15.7924,       25.4091,"ASSEMBLY_LAGERSITZ_NEU-1_SET-GEHAEUSE","ALUMINIUM",NA,            0.,            0.,            0.,            0.,   648.065E-18,  -213.382E-18,       NoValue
D:/MoVerHu_Projekt/FE_Modell/FE-Abaqus-Model/Job-19.odb,Step-163,Increment      6: Step Time =    1.000,"LAGERSITZ_NEU-1",          4161,             4,          2335,      -112.184,       15.7924,       25.4091,"ASSEMBLY_LAGERSITZ_NEU-1_SET-GEHAEUSE","ALUMINIUM",NA,            0.,            0.,            0.,            0.,   648.065E-18,  -213.382E-18,       NoValue
D:/MoVerHu_Projekt/FE_Modell/FE-Abaqus-Model/Job-19.odb,Step-163,Increment      6: Step Time =    1.000,"LAGERSITZ_NEU-1",         13173,             6,          2335,      -112.184,       15.7924,       25.4091,"ASSEMBLY_LAGERSITZ_NEU-1_SET-GEHAEUSE","ALUMINIUM",NA,            0.,            0.,            0.,            0.,   648.065E-18,  -213.382E-18,       NoValue
D:/MoVerHu_Projekt/FE_Modell/FE-Abaqus-Model/Job-19.odb,Step-163,Increment      6: Step Time =    1.000,"LAGERSITZ_NEU-1",          4164,             4,          2335,      -112.184,       15.7924,       25.4091,"ASSEMBLY_LAGERSITZ_NEU-1_SET-GEHAEUSE","ALUMINIUM",NA,            0.,            0.,            0.,            0.,   648.065E-18,  -213.382E-18,       NoValue
D:/MoVerHu_Projekt/FE_Modell/FE-Abaqus-Model/Job-19.odb,Step-163,Increment      6: Step Time =    1.000,"LAGERSITZ_NEU-1",          4164,             4,          2336,      -112.184,       12.9634,       26.4708,"ASSEMBLY_LAGERSITZ_NEU-1_SET-GEHAEUSE","ALUMINIUM",NA,            0.,            0.,            0.,            0.,   209.677E-18,  -1.64609E-15,       NoValue
D:/MoVerHu_Projekt/FE_Modell/FE-Abaqus-Model/Job-19.odb,Step-163,Increment      6: Step Time =    1.000,"LAGERSITZ_NEU-1",         13178,             6,          2336,      -112.184,       12.9634,       26.4708,"ASSEMBLY_LAGERSITZ_NEU-1_SET-GEHAEUSE","ALUMINIUM",NA,            0.,            0.,            0.,            0.,   209.677E-18,  -1.64609E-15,       NoValue
D:/MoVerHu_Projekt/FE_Modell/FE-Abaqus-Model/Job-19.odb,Step-163,Increment      6: Step Time =    1.000,"LAGERSITZ_NEU-1",          4167,             4,          2336,      -112.184,       12.9634,       26.4708,"ASSEMBLY_LAGERSITZ_NEU-1_SET-GEHAEUSE","ALUMINIUM",NA,            0.,            0.,            0.,            0.,   209.677E-18,  -1.64609E-15,       NoValue
D:/MoVerHu_Projekt/FE_Modell/FE-Abaqus-Model/Job-19.odb,Step-163,Increment      6: Step Time =    1.000,"LAGERSITZ_NEU-1",         13183,             6,          2336,      -112.184,       12.9634,       26.4708,"ASSEMBLY_LAGERSITZ_NEU-1_SET-GEHAEUSE","ALUMINIUM",NA,            0.,            0.,            0.,            0.,   209.677E-18,  -1.64609E-15,       NoValue
D:/MoVerHu_Projekt/FE_Modell/FE-Abaqus-Model/Job-19.odb,Step-163,Increment      6: Step Time =    1.000,"LAGERSITZ_NEU-1",         13188,             6,          2337,      -112.184,       10.0804,       27.3755,"ASSEMBLY_LAGERSITZ_NEU-1_SET-GEHAEUSE","ALUMINIUM",NA,            0.,            0.,            0.,            0.,   111.940E-18,   443.578E-18,       NoValue
D:/MoVerHu_Projekt/FE_Modell/FE-Abaqus-Model/Job-19.odb,Step-163,Increment      6: Step Time =    1.000,"LAGERSITZ_NEU-1",         13183,             6,          2337,      -112.184,       10.0804,       27.3755,"ASSEMBLY_LAGERSITZ_NEU-1_SET-GEHAEUSE","ALUMINIUM",NA,            0.,            0.,            0.,            0.,   111.940E-18,   443.578E-18,       NoValue
D:/MoVerHu_Projekt/FE_Modell/FE-Abaqus-Model/Job-19.odb,Step-163,Increment      6: Step Time =    1.000,"LAGERSITZ_NEU-1",          4167,             4,          2337,      -112.184,       10.0804,       27.3755,"ASSEMBLY_LAGERSITZ_NEU-1_SET-GEHAEUSE","ALUMINIUM",NA,            0.,            0.,            0.,            0.,   111.940E-18,   443.578E-18,       NoValue
D:/MoVerHu_Projekt/FE_Modell/FE-Abaqus-Model/Job-19.odb,Step-163,Increment      6: Step Time =    1.000,"LAGERSITZ_NEU-1",          4170,             4,          2337,      -112.184,       10.0804,       27.3755,"ASSEMBLY_LAGERSITZ_NEU-1_SET-GEHAEUSE","ALUMINIUM",NA,            0.,            0.,            0.,            0.,   111.940E-18,   443.578E-18,       NoValue
D:/MoVerHu_Projekt/FE_Modell/FE-Abaqus-Model/Job-19.odb,Step-163,Increment      6: Step Time =    1.000,"LAGERSITZ_NEU-1",         13193,             6,          2338,      -112.184,       7.15202,       28.1206,"ASSEMBLY_LAGERSITZ_NEU-1_SET-GEHAEUSE","ALUMINIUM",NA,            0.,            0.,            0.,            0.,   1.49137E-15,   39.0994E-18,       NoValue
D:/MoVerHu_Projekt/FE_Modell/FE-Abaqus-Model/Job-19.odb,Step-163,Increment      6: Step Time =    1.000,"LAGERSITZ_NEU-1",         13188,             6,          2338,      -112.184,       7.15202,       28.1206,"ASSEMBLY_LAGERSITZ_NEU-1_SET-GEHAEUSE","ALUMINIUM",NA,            0.,            0.,            0.,            0.,   1.49137E-15,   39.0994E-18,       NoValue
D:/MoVerHu_Projekt/FE_Modell/FE-Abaqus-Model/Job-19.odb,Step-163,Increment      6: Step Time =    1.000,"LAGERSITZ_NEU-1",          4170,             4,          2338,      -112.184,       7.15202,       28.1206,"ASSEMBLY_LAGERSITZ_NEU-1_SET-GEHAEUSE","ALUMINIUM",NA,            0.,            0.,            0.,            0.,   1.49137E-15,   39.0994E-18,       NoValue
D:/MoVerHu_Projekt/FE_Modell/FE-Abaqus-Model/Job-19.odb,Step-163,Increment      6: Step Time =    1.000,"LAGERSITZ_NEU-1",          4173,             4,          2338,      -112.184,       7.15202,       28.1206,"ASSEMBLY_LAGERSITZ_NEU-1_SET-GEHAEUSE","ALUMINIUM",NA,            0.,            0.,            0.,            0.,   1.49137E-15,   39.0994E-18,       NoValue
D:/MoVerHu_Projekt/FE_Modell/FE-Abaqus-Model/Job-19.odb,Step-163,Increment      6: Step Time =    1.000,"LAGERSITZ_NEU-1",          4176,             4,          2339,      -112.184,       4.18716,       28.7037,"ASSEMBLY_LAGERSITZ_NEU-1_SET-GEHAEUSE","ALUMINIUM",NA,            0.,            0.,            0.,            0.,   565.686E-18,   872.131E-18,       NoValue
D:/MoVerHu_Projekt/FE_Modell/FE-Abaqus-Model/Job-19.odb,Step-163,Increment      6: Step Time =    1.000,"LAGERSITZ_NEU-1",         13193,             6,          2339,      -112.184,       4.18716,       28.7037,"ASSEMBLY_LAGERSITZ_NEU-1_SET-GEHAEUSE","ALUMINIUM",NA,            0.,            0.,            0.,            0.,   565.686E-18,   872.131E-18,       NoValue
D:/MoVerHu_Projekt/FE_Modell/FE-Abaqus-Model/Job-19.odb,Step-163,Increment      6: Step Time =    1.000,"LAGERSITZ_NEU-1",         13198,             6,          2339,      -112.184,       4.18716,       28.7037,"ASSEMBLY_LAGERSITZ_NEU-1_SET-GEHAEUSE","ALUMINIUM",NA,            0.,            0.,            0.,            0.,   565.686E-18,   872.131E-18,       NoValue
D:/MoVerHu_Projekt/FE_Modell/FE-Abaqus-Model/Job-19.odb,Step-163,Increment      6: Step Time =    1.000,"LAGERSITZ_NEU-1",          4173,             4,          2339,      -112.184,       4.18716,       28.7037,"ASSEMBLY_LAGERSITZ_NEU-1_SET-GEHAEUSE","ALUMINIUM",NA,            0.,            0.,            0.,            0.,   565.686E-18,   872.131E-18,       NoValue
D:/MoVerHu_Projekt/FE_Modell/FE-Abaqus-Model/Job-19.odb,Step-163,Increment      6: Step Time =    1.000,"LAGERSITZ_NEU-1",          4176,             4,          2340,      -112.184,       1.19475,       29.1231,"ASSEMBLY_LAGERSITZ_NEU-1_SET-GEHAEUSE","ALUMINIUM",NA,            0.,            0.,            0.,            0.,   691.812E-18,   37.5137E-18,       NoValue
D:/MoVerHu_Projekt/FE_Modell/FE-Abaqus-Model/Job-19.odb,Step-163,Increment      6: Step Time =    1.000,"LAGERSITZ_NEU-1",          4179,             4,          2340,      -112.184,       1.19475,       29.1231,"ASSEMBLY_LAGERSITZ_NEU-1_SET-GEHAEUSE","ALUMINIUM",NA,            0.,            0.,            0.,            0.,   691.812E-18,   37.5137E-18,       NoValue
D:/MoVerHu_Projekt/FE_Modell/FE-Abaqus-Model/Job-19.odb,Step-163,Increment      6: Step Time =    1.000,"LAGERSITZ_NEU-1",         13203,             6,          2340,      -112.184,       1.19475,       29.1231,"ASSEMBLY_LAGERSITZ_NEU-1_SET-GEHAEUSE","ALUMINIUM",NA,            0.,            0.,            0.,            0.,   691.812E-18,   37.5137E-18,       NoValue
D:/MoVerHu_Projekt/FE_Modell/FE-Abaqus-Model/Job-19.odb,Step-163,Increment      6: Step Time =    1.000,"LAGERSITZ_NEU-1",         13198,             6,          2340,      -112.184,       1.19475,       29.1231,"ASSEMBLY_LAGERSITZ_NEU-1_SET-GEHAEUSE","ALUMINIUM",NA,            0.,            0.,            0.,            0.,   691.812E-18,   37.5137E-18,       NoValue
D:/MoVerHu_Projekt/FE_Modell/FE-Abaqus-Model/Job-19.odb,Step-163,Increment      6: Step Time =    1.000,"LAGERSITZ_NEU-1",         13203,             6,          2341,      -112.184,      -1.81618,       29.3776,"ASSEMBLY_LAGERSITZ_NEU-1_SET-GEHAEUSE","ALUMINIUM",NA,            0.,            0.,            0.,            0.,  -1.47384E-15,   16.2030E-18,       NoValue
D:/MoVerHu_Projekt/FE_Modell/FE-Abaqus-Model/Job-19.odb,Step-163,Increment      6: Step Time =    1.000,"LAGERSITZ_NEU-1",          4179,             4,          2341,      -112.184,      -1.81618,       29.3776,"ASSEMBLY_LAGERSITZ_NEU-1_SET-GEHAEUSE","ALUMINIUM",NA,            0.,            0.,            0.,            0.,  -1.47384E-15,   16.2030E-18,       NoValue
D:/MoVerHu_Projekt/FE_Modell/FE-Abaqus-Model/Job-19.odb,Step-163,Increment      6: Step Time =    1.000,"LAGERSITZ_NEU-1",          4182,             4,          2341,      -112.184,      -1.81618,       29.3776,"ASSEMBLY_LAGERSITZ_NEU-1_SET-GEHAEUSE","ALUMINIUM",NA,            0.,            0.,            0.,            0.,  -1.47384E-15,   16.2030E-18,       NoValue
D:/MoVerHu_Projekt/FE_Modell/FE-Abaqus-Model/Job-19.odb,Step-163,Increment      6: Step Time =    1.000,"LAGERSITZ_NEU-1",         13208,             6,          2341,      -112.184,      -1.81618,       29.3776,"ASSEMBLY_LAGERSITZ_NEU-1_SET-GEHAEUSE","ALUMINIUM",NA,            0.,            0.,            0.,            0.,  -1.47384E-15,   16.2030E-18,       NoValue
D:/MoVerHu_Projekt/FE_Modell/FE-Abaqus-Model/Job-19.odb,Step-163,Increment      6: Step Time =    1.000,"LAGERSITZ_NEU-1",          4181,             4,          2342,      -118.984,      -4.83654,       29.4662,"ASSEMBLY_LAGERSITZ_NEU-1_SET-GEHAEUSE","ALUMINIUM",NA,            0.,            0.,            0.,            0.,   774.293E-18,   238.202E-18,       NoValue
D:/MoVerHu_Projekt/FE_Modell/FE-Abaqus-Model/Job-19.odb,Step-163,Increment      6: Step Time =    1.000,"LAGERSITZ_NEU-1",          4180,             4,          2342,      -118.984,      -4.83654,       29.4662,"ASSEMBLY_LAGERSITZ_NEU-1_SET-GEHAEUSE","ALUMINIUM",NA,            0.,            0.,            0.,            0.,   774.293E-18,   238.202E-18,       NoValue
D:/MoVerHu_Projekt/FE_Modell/FE-Abaqus-Model/Job-19.odb,Step-163,Increment      6: Step Time =    1.000,"LAGERSITZ_NEU-1",          4183,             4,          2342,      -118.984,      -4.83654,       29.4662,"ASSEMBLY_LAGERSITZ_NEU-1_SET-GEHAEUSE","ALUMINIUM",NA,            0.,            0.,            0.,            0.,   774.293E-18,   238.202E-18,       NoValue
D:/MoVerHu_Projekt/FE_Modell/FE-Abaqus-Model/Job-19.odb,Step-163,Increment      6: Step Time =    1.000,"LAGERSITZ_NEU-1",          4184,             4,          2342,      -118.984,      -4.83654,       29.4662,"ASSEMBLY_LAGERSITZ_NEU-1_SET-GEHAEUSE","ALUMINIUM",NA,            0.,            0.,            0.,            0.,   774.293E-18,   238.202E-18,       NoValue
D:/MoVerHu_Projekt/FE_Modell/FE-Abaqus-Model/Job-19.odb,Step-163,Increment      6: Step Time =    1.000,"LAGERSITZ_NEU-1",          4182,             4,          2343,      -115.584,      -4.83654,       29.4662,"ASSEMBLY_LAGERSITZ_NEU-1_SET-GEHAEUSE","ALUMINIUM",NA,            0.,            0.,            0.,            0.,  -1.33380E-15,   307.793E-18,       NoValue
D:/MoVerHu_Projekt/FE_Modell/FE-Abaqus-Model/Job-19.odb,Step-163,Increment      6: Step Time =    1.000,"LAGERSITZ_NEU-1",          4185,             4,          2343,      -115.584,      -4.83654,       29.4662,"ASSEMBLY_LAGERSITZ_NEU-1_SET-GEHAEUSE","ALUMINIUM",NA,            0.,            0.,            0.,            0.,  -1.33380E-15,   307.793E-18,       NoValue
D:/MoVerHu_Projekt/FE_Modell/FE-Abaqus-Model/Job-19.odb,Step-163,Increment      6: Step Time =    1.000,"LAGERSITZ_NEU-1",          4181,             4,          2343,      -115.584,      -4.83654,       29.4662,"ASSEMBLY_LAGERSITZ_NEU-1_SET-GEHAEUSE","ALUMINIUM",NA,            0.,            0.,            0.,            0.,  -1.33380E-15,   307.793E-18,       NoValue
D:/MoVerHu_Projekt/FE_Modell/FE-Abaqus-Model/Job-19.odb,Step-163,Increment      6: Step Time =    1.000,"LAGERSITZ_NEU-1",          4184,             4,          2343,      -115.584,      -4.83654,       29.4662,"ASSEMBLY_LAGERSITZ_NEU-1_SET-GEHAEUSE","ALUMINIUM",NA,            0.,            0.,            0.,            0.,  -1.33380E-15,   307.793E-18,       NoValue
D:/MoVerHu_Projekt/FE_Modell/FE-Abaqus-Model/Job-19.odb,Step-163,Increment      6: Step Time =    1.000,"LAGERSITZ_NEU-1",          4185,             4,          2346,      -112.184,      -7.60569,       29.4017,"ASSEMBLY_LAGERSITZ_NEU-1_SET-GEHAEUSE","ALUMINIUM",NA,            0.,            0.,            0.,            0.,  -1.96498E-15,   522.873E-18,       NoValue
D:/MoVerHu_Projekt/FE_Modell/FE-Abaqus-Model/Job-19.odb,Step-163,Increment      6: Step Time =    1.000,"LAGERSITZ_NEU-1",         13213,             6,          2346,      -112.184,      -7.60569,       29.4017,"ASSEMBLY_LAGERSITZ_NEU-1_SET-GEHAEUSE","ALUMINIUM",NA,            0.,            0.,            0.,            0.,  -1.96498E-15,   522.873E-18,       NoValue
D:/MoVerHu_Projekt/FE_Modell/FE-Abaqus-Model/Job-19.odb,Step-163,Increment      6: Step Time =    1.000,"LAGERSITZ_NEU-1",         13218,             6,          2346,      -112.184,      -7.60569,       29.4017,"ASSEMBLY_LAGERSITZ_NEU-1_SET-GEHAEUSE","ALUMINIUM",NA,            0.,            0.,            0.,            0.,  -1.96498E-15,   522.873E-18,       NoValue
D:/MoVerHu_Projekt/FE_Modell/FE-Abaqus-Model/Job-19.odb,Step-163,Increment      6: Step Time =    1.000,"LAGERSITZ_NEU-1",          4188,             4,          2346,      -112.184,      -7.60569,       29.4017,"ASSEMBLY_LAGERSITZ_NEU-1_SET-GEHAEUSE","ALUMINIUM",NA,            0.,            0.,            0.,            0.,  -1.96498E-15,   522.873E-18,       NoValue
D:/MoVerHu_Projekt/FE_Modell/FE-Abaqus-Model/Job-19.odb,Step-163,Increment      6: Step Time =    1.000,"LAGERSITZ_NEU-1",         13223,             6,          2347,      -112.184,      -10.3681,       29.1978,"ASSEMBLY_LAGERSITZ_NEU-1_SET-GEHAEUSE","ALUMINIUM",NA,            0.,            0.,            0.,            0.,  -1.20704E-15,   877.024E-18,       NoValue
D:/MoVerHu_Projekt/FE_Modell/FE-Abaqus-Model/Job-19.odb,Step-163,Increment      6: Step Time =    1.000,"LAGERSITZ_NEU-1",         13218,             6,          2347,      -112.184,      -10.3681,       29.1978,"ASSEMBLY_LAGERSITZ_NEU-1_SET-GEHAEUSE","ALUMINIUM",NA,            0.,            0.,            0.,            0.,  -1.20704E-15,   877.024E-18,       NoValue
D:/MoVerHu_Projekt/FE_Modell/FE-Abaqus-Model/Job-19.odb,Step-163,Increment      6: Step Time =    1.000,"LAGERSITZ_NEU-1",          4188,             4,          2347,      -112.184,      -10.3681,       29.1978,"ASSEMBLY_LAGERSITZ_NEU-1_SET-GEHAEUSE","ALUMINIUM",NA,            0.,            0.,            0.,            0.,  -1.20704E-15,   877.024E-18,       NoValue
D:/MoVerHu_Projekt/FE_Modell/FE-Abaqus-Model/Job-19.odb,Step-163,Increment      6: Step Time =    1.000,"LAGERSITZ_NEU-1",          4191,             4,          2347,      -112.184,      -10.3681,       29.1978,"ASSEMBLY_LAGERSITZ_NEU-1_SET-GEHAEUSE","ALUMINIUM",NA,            0.,            0.,            0.,            0.,  -1.20704E-15,   877.024E-18,       NoValue
D:/MoVerHu_Projekt/FE_Modell/FE-Abaqus-Model/Job-19.odb,Step-163,Increment      6: Step Time =    1.000,"LAGERSITZ_NEU-1",         13228,             6,          2348,      -112.184,      -13.1167,       28.8552,"ASSEMBLY_LAGERSITZ_NEU-1_SET-GEHAEUSE","ALUMINIUM",NA,            0.,            0.,            0.,            0.,   59.8804E-18,   1.67989E-15,       NoValue
D:/MoVerHu_Projekt/FE_Modell/FE-Abaqus-Model/Job-19.odb,Step-163,Increment      6: Step Time =    1.000,"LAGERSITZ_NEU-1",          4191,             4,          2348,      -112.184,      -13.1167,       28.8552,"ASSEMBLY_LAGERSITZ_NEU-1_SET-GEHAEUSE","ALUMINIUM",NA,            0.,            0.,            0.,            0.,   59.8804E-18,   1.67989E-15,       NoValue
D:/MoVerHu_Projekt/FE_Modell/FE-Abaqus-Model/Job-19.odb,Step-163,Increment      6: Step Time =    1.000,"LAGERSITZ_NEU-1",          4194,             4,          2348,      -112.184,      -13.1167,       28.8552,"ASSEMBLY_LAGERSITZ_NEU-1_SET-GEHAEUSE","ALUMINIUM",NA,            0.,            0.,            0.,            0.,   59.8804E-18,   1.67989E-15,       NoValue
D:/MoVerHu_Projekt/FE_Modell/FE-Abaqus-Model/Job-19.odb,Step-163,Increment      6: Step Time =    1.000,"LAGERSITZ_NEU-1",         13223,             6,          2348,      -112.184,      -13.1167,       28.8552,"ASSEMBLY_LAGERSITZ_NEU-1_SET-GEHAEUSE","ALUMINIUM",NA,            0.,            0.,            0.,            0.,   59.8804E-18,   1.67989E-15,       NoValue
D:/MoVerHu_Projekt/FE_Modell/FE-Abaqus-Model/Job-19.odb,Step-163,Increment      6: Step Time =    1.000,"LAGERSITZ_NEU-1",          4194,             4,          2349,      -112.184,      -15.8446,       28.3745,"ASSEMBLY_LAGERSITZ_NEU-1_SET-GEHAEUSE","ALUMINIUM",NA,            0.,            0.,            0.,            0.,   588.783E-18,  -710.420E-18,       NoValue
D:/MoVerHu_Projekt/FE_Modell/FE-Abaqus-Model/Job-19.odb,Step-163,Increment      6: Step Time =    1.000,"LAGERSITZ_NEU-1",          4197,             4,          2349,      -112.184,      -15.8446,       28.3745,"ASSEMBLY_LAGERSITZ_NEU-1_SET-GEHAEUSE","ALUMINIUM",NA,            0.,            0.,            0.,            0.,   588.783E-18,  -710.420E-18,       NoValue
D:/MoVerHu_Projekt/FE_Modell/FE-Abaqus-Model/Job-19.odb,Step-163,Increment      6: Step Time =    1.000,"LAGERSITZ_NEU-1",         13233,             6,          2349,      -112.184,      -15.8446,       28.3745,"ASSEMBLY_LAGERSITZ_NEU-1_SET-GEHAEUSE","ALUMINIUM",NA,            0.,            0.,            0.,            0.,   588.783E-18,  -710.420E-18,       NoValue
D:/MoVerHu_Projekt/FE_Modell/FE-Abaqus-Model/Job-19.odb,Step-163,Increment      6: Step Time =    1.000,"LAGERSITZ_NEU-1",         13228,             6,          2349,      -112.184,      -15.8446,       28.3745,"ASSEMBLY_LAGERSITZ_NEU-1_SET-GEHAEUSE","ALUMINIUM",NA,            0.,            0.,            0.,            0.,   588.783E-18,  -710.420E-18,       NoValue
D:/MoVerHu_Projekt/FE_Modell/FE-Abaqus-Model/Job-19.odb,Step-163,Increment      6: Step Time =    1.000,"LAGERSITZ_NEU-1",          4197,             4,          2350,      -112.184,      -18.5448,       27.7572,"ASSEMBLY_LAGERSITZ_NEU-1_SET-GEHAEUSE","ALUMINIUM",NA,            0.,            0.,            0.,            0.,  -255.022E-18,  -648.945E-18,       NoValue
D:/MoVerHu_Projekt/FE_Modell/FE-Abaqus-Model/Job-19.odb,Step-163,Increment      6: Step Time =    1.000,"LAGERSITZ_NEU-1",          4200,             4,          2350,      -112.184,      -18.5448,       27.7572,"ASSEMBLY_LAGERSITZ_NEU-1_SET-GEHAEUSE","ALUMINIUM",NA,            0.,            0.,            0.,            0.,  -255.022E-18,  -648.945E-18,       NoValue
D:/MoVerHu_Projekt/FE_Modell/FE-Abaqus-Model/Job-19.odb,Step-163,Increment      6: Step Time =    1.000,"LAGERSITZ_NEU-1",         13238,             6,          2350,      -112.184,      -18.5448,       27.7572,"ASSEMBLY_LAGERSITZ_NEU-1_SET-GEHAEUSE","ALUMINIUM",NA,            0.,            0.,            0.,            0.,  -255.022E-18,  -648.945E-18,       NoValue
D:/MoVerHu_Projekt/FE_Modell/FE-Abaqus-Model/Job-19.odb,Step-163,Increment      6: Step Time =    1.000,"LAGERSITZ_NEU-1",         13233,             6,          2350,      -112.184,      -18.5448,       27.7572,"ASSEMBLY_LAGERSITZ_NEU-1_SET-GEHAEUSE","ALUMINIUM",NA,            0.,            0.,            0.,            0.,  -255.022E-18,  -648.945E-18,       NoValue
D:/MoVerHu_Projekt/FE_Modell/FE-Abaqus-Model/Job-19.odb,Step-163,Increment      6: Step Time =    1.000,"LAGERSITZ_NEU-1",          4200,             4,          2351,      -112.184,      -21.2106,       27.0046,"ASSEMBLY_LAGERSITZ_NEU-1_SET-GEHAEUSE","ALUMINIUM",NA,            0.,            0.,            0.,            0.,  -182.856E-18,  -655.134E-18,       NoValue
D:/MoVerHu_Projekt/FE_Modell/FE-Abaqus-Model/Job-19.odb,Step-163,Increment      6: Step Time =    1.000,"LAGERSITZ_NEU-1",         13238,             6,          2351,      -112.184,      -21.2106,       27.0046,"ASSEMBLY_LAGERSITZ_NEU-1_SET-GEHAEUSE","ALUMINIUM",NA,            0.,            0.,            0.,            0.,  -182.856E-18,  -655.134E-18,       NoValue
D:/MoVerHu_Projekt/FE_Modell/FE-Abaqus-Model/Job-19.odb,Step-163,Increment      6: Step Time =    1.000,"LAGERSITZ_NEU-1",         13243,             6,          2351,      -112.184,      -21.2106,       27.0046,"ASSEMBLY_LAGERSITZ_NEU-1_SET-GEHAEUSE","ALUMINIUM",NA,            0.,            0.,            0.,            0.,  -182.856E-18,  -655.134E-18,       NoValue
D:/MoVerHu_Projekt/FE_Modell/FE-Abaqus-Model/Job-19.odb,Step-163,Increment      6: Step Time =    1.000,"LAGERSITZ_NEU-1",          4203,             4,          2351,      -112.184,      -21.2106,       27.0046,"ASSEMBLY_LAGERSITZ_NEU-1_SET-GEHAEUSE","ALUMINIUM",NA,            0.,            0.,            0.,            0.,  -182.856E-18,  -655.134E-18,       NoValue
D:/MoVerHu_Projekt/FE_Modell/FE-Abaqus-Model/Job-19.odb,Step-163,Increment      6: Step Time =    1.000,"LAGERSITZ_NEU-1",          4206,             4,          2352,      -112.184,      -23.8350,       26.1189,"ASSEMBLY_LAGERSITZ_NEU-1_SET-GEHAEUSE","ALUMINIUM",NA,            0.,            0.,            0.,            0.,   452.439E-18,  -2.12026E-15,       NoValue
D:/MoVerHu_Projekt/FE_Modell/FE-Abaqus-Model/Job-19.odb,Step-163,Increment      6: Step Time =    1.000,"LAGERSITZ_NEU-1",          4203,             4,          2352,      -112.184,      -23.8350,       26.1189,"ASSEMBLY_LAGERSITZ_NEU-1_SET-GEHAEUSE","ALUMINIUM",NA,            0.,            0.,            0.,            0.,   452.439E-18,  -2.12026E-15,       NoValue
D:/MoVerHu_Projekt/FE_Modell/FE-Abaqus-Model/Job-19.odb,Step-163,Increment      6: Step Time =    1.000,"LAGERSITZ_NEU-1",         13243,             6,          2352,      -112.184,      -23.8350,       26.1189,"ASSEMBLY_LAGERSITZ_NEU-1_SET-GEHAEUSE","ALUMINIUM",NA,            0.,            0.,            0.,            0.,   452.439E-18,  -2.12026E-15,       NoValue
D:/MoVerHu_Projekt/FE_Modell/FE-Abaqus-Model/Job-19.odb,Step-163,Increment      6: Step Time =    1.000,"LAGERSITZ_NEU-1",         13248,             6,          2352,      -112.184,      -23.8350,       26.1189,"ASSEMBLY_LAGERSITZ_NEU-1_SET-GEHAEUSE","ALUMINIUM",NA,            0.,            0.,            0.,            0.,   452.439E-18,  -2.12026E-15,       NoValue
D:/MoVerHu_Projekt/FE_Modell/FE-Abaqus-Model/Job-19.odb,Step-163,Increment      6: Step Time =    1.000,"LAGERSITZ_NEU-1",         13248,             6,          2353,      -112.184,      -26.4116,       25.1021,"ASSEMBLY_LAGERSITZ_NEU-1_SET-GEHAEUSE","ALUMINIUM",NA,            0.,            0.,            0.,            0.,   787.454E-18,   67.3290E-18,       NoValue
D:/MoVerHu_Projekt/FE_Modell/FE-Abaqus-Model/Job-19.odb,Step-163,Increment      6: Step Time =    1.000,"LAGERSITZ_NEU-1",         13253,             6,          2353,      -112.184,      -26.4116,       25.1021,"ASSEMBLY_LAGERSITZ_NEU-1_SET-GEHAEUSE","ALUMINIUM",NA,            0.,            0.,            0.,            0.,   787.454E-18,   67.3290E-18,       NoValue
D:/MoVerHu_Projekt/FE_Modell/FE-Abaqus-Model/Job-19.odb,Step-163,Increment      6: Step Time =    1.000,"LAGERSITZ_NEU-1",          4209,             4,          2353,      -112.184,      -26.4116,       25.1021,"ASSEMBLY_LAGERSITZ_NEU-1_SET-GEHAEUSE","ALUMINIUM",NA,            0.,            0.,            0.,            0.,   787.454E-18,   67.3290E-18,       NoValue
D:/MoVerHu_Projekt/FE_Modell/FE-Abaqus-Model/Job-19.odb,Step-163,Increment      6: Step Time =    1.000,"LAGERSITZ_NEU-1",          4206,             4,          2353,      -112.184,      -26.4116,       25.1021,"ASSEMBLY_LAGERSITZ_NEU-1_SET-GEHAEUSE","ALUMINIUM",NA,            0.,            0.,            0.,            0.,   787.454E-18,   67.3290E-18,       NoValue
D:/MoVerHu_Projekt/FE_Modell/FE-Abaqus-Model/Job-19.odb,Step-163,Increment      6: Step Time =    1.000,"LAGERSITZ_NEU-1",         13253,             6,          2354,      -112.184,      -28.9336,       23.9569,"ASSEMBLY_LAGERSITZ_NEU-1_SET-GEHAEUSE","ALUMINIUM",NA,            0.,            0.,            0.,            0.,   671.518E-18,   145.877E-18,       NoValue
D:/MoVerHu_Projekt/FE_Modell/FE-Abaqus-Model/Job-19.odb,Step-163,Increment      6: Step Time =    1.000,"LAGERSITZ_NEU-1",          4212,             4,          2354,      -112.184,      -28.9336,       23.9569,"ASSEMBLY_LAGERSITZ_NEU-1_SET-GEHAEUSE","ALUMINIUM",NA,            0.,            0.,            0.,            0.,   671.518E-18,   145.877E-18,       NoValue
D:/MoVerHu_Projekt/FE_Modell/FE-Abaqus-Model/Job-19.odb,Step-163,Increment      6: Step Time =    1.000,"LAGERSITZ_NEU-1",          4209,             4,          2354,      -112.184,      -28.9336,       23.9569,"ASSEMBLY_LAGERSITZ_NEU-1_SET-GEHAEUSE","ALUMINIUM",NA,            0.,            0.,            0.,            0.,   671.518E-18,   145.877E-18,       NoValue
D:/MoVerHu_Projekt/FE_Modell/FE-Abaqus-Model/Job-19.odb,Step-163,Increment      6: Step Time =    1.000,"LAGERSITZ_NEU-1",         13258,             6,          2354,      -112.184,      -28.9336,       23.9569,"ASSEMBLY_LAGERSITZ_NEU-1_SET-GEHAEUSE","ALUMINIUM",NA,            0.,            0.,            0.,            0.,   671.518E-18,   145.877E-18,       NoValue
D:/MoVerHu_Projekt/FE_Modell/FE-Abaqus-Model/Job-19.odb,Step-163,Increment      6: Step Time =    1.000,"LAGERSITZ_NEU-1",          4212,             4,          2355,      -112.184,      -31.3949,       22.6861,"ASSEMBLY_LAGERSITZ_NEU-1_SET-GEHAEUSE","ALUMINIUM",NA,            0.,            0.,            0.,            0.,  -866.960E-18,  -1.58677E-15,       NoValue
D:/MoVerHu_Projekt/FE_Modell/FE-Abaqus-Model/Job-19.odb,Step-163,Increment      6: Step Time =    1.000,"LAGERSITZ_NEU-1",         13258,             6,          2355,      -112.184,      -31.3949,       22.6861,"ASSEMBLY_LAGERSITZ_NEU-1_SET-GEHAEUSE","ALUMINIUM",NA,            0.,            0.,            0.,            0.,  -866.960E-18,  -1.58677E-15,       NoValue
D:/MoVerHu_Projekt/FE_Modell/FE-Abaqus-Model/Job-19.odb,Step-163,Increment      6: Step Time =    1.000,"LAGERSITZ_NEU-1",          4215,             4,          2355,      -112.184,      -31.3949,       22.6861,"ASSEMBLY_LAGERSITZ_NEU-1_SET-GEHAEUSE","ALUMINIUM",NA,            0.,            0.,            0.,            0.,  -866.960E-18,  -1.58677E-15,       NoValue
D:/MoVerHu_Projekt/FE_Modell/FE-Abaqus-Model/Job-19.odb,Step-163,Increment      6: Step Time =    1.000,"LAGERSITZ_NEU-1",         13263,             6,          2355,      -112.184,      -31.3949,       22.6861,"ASSEMBLY_LAGERSITZ_NEU-1_SET-GEHAEUSE","ALUMINIUM",NA,            0.,            0.,            0.,            0.,  -866.960E-18,  -1.58677E-15,       NoValue
D:/MoVerHu_Projekt/FE_Modell/FE-Abaqus-Model/Job-19.odb,Step-163,Increment      6: Step Time =    1.000,"LAGERSITZ_NEU-1",          4215,             4,          2356,      -112.184,      -33.7890,       21.2931,"ASSEMBLY_LAGERSITZ_NEU-1_SET-GEHAEUSE","ALUMINIUM",NA,            0.,            0.,            0.,            0.,   591.511E-18,  -254.779E-18,       NoValue
D:/MoVerHu_Projekt/FE_Modell/FE-Abaqus-Model/Job-19.odb,Step-163,Increment      6: Step Time =    1.000,"LAGERSITZ_NEU-1",          4218,             4,          2356,      -112.184,      -33.7890,       21.2931,"ASSEMBLY_LAGERSITZ_NEU-1_SET-GEHAEUSE","ALUMINIUM",NA,            0.,            0.,            0.,            0.,   591.511E-18,  -254.779E-18,       NoValue
D:/MoVerHu_Projekt/FE_Modell/FE-Abaqus-Model/Job-19.odb,Step-163,Increment      6: Step Time =    1.000,"LAGERSITZ_NEU-1",         13268,             6,          2356,      -112.184,      -33.7890,       21.2931,"ASSEMBLY_LAGERSITZ_NEU-1_SET-GEHAEUSE","ALUMINIUM",NA,            0.,            0.,            0.,            0.,   591.511E-18,  -254.779E-18,       NoValue
D:/MoVerHu_Projekt/FE_Modell/FE-Abaqus-Model/Job-19.odb,Step-163,Increment      6: Step Time =    1.000,"LAGERSITZ_NEU-1",         13263,             6,          2356,      -112.184,      -33.7890,       21.2931,"ASSEMBLY_LAGERSITZ_NEU-1_SET-GEHAEUSE","ALUMINIUM",NA,            0.,            0.,            0.,            0.,   591.511E-18,  -254.779E-18,       NoValue
D:/MoVerHu_Projekt/FE_Modell/FE-Abaqus-Model/Job-19.odb,Step-163,Increment      6: Step Time =    1.000,"LAGERSITZ_NEU-1",          4220,             4,          2368,      -118.984,      -36.1099,       19.7813,"ASSEMBLY_LAGERSITZ_NEU-1_SET-GEHAEUSE","ALUMINIUM",NA,            0.,            0.,            0.,            0.,  -553.183E-18,  -1.94852E-15,       NoValue
D:/MoVerHu_Projekt/FE_Modell/FE-Abaqus-Model/Job-19.odb,Step-163,Increment      6: Step Time =    1.000,"LAGERSITZ_NEU-1",          4217,             4,          2368,      -118.984,      -36.1099,       19.7813,"ASSEMBLY_LAGERSITZ_NEU-1_SET-GEHAEUSE","ALUMINIUM",NA,            0.,            0.,            0.,            0.,  -553.183E-18,  -1.94852E-15,       NoValue
D:/MoVerHu_Projekt/FE_Modell/FE-Abaqus-Model/Job-19.odb,Step-163,Increment      6: Step Time =    1.000,"LAGERSITZ_NEU-1",          4216,             4,          2368,      -118.984,      -36.1099,       19.7813,"ASSEMBLY_LAGERSITZ_NEU-1_SET-GEHAEUSE","ALUMINIUM",NA,            0.,            0.,            0.,            0.,  -553.183E-18,  -1.94852E-15,       NoValue
D:/MoVerHu_Projekt/FE_Modell/FE-Abaqus-Model/Job-19.odb,Step-163,Increment      6: Step Time =    1.000,"LAGERSITZ_NEU-1",          4219,             4,          2368,      -118.984,      -36.1099,       19.7813,"ASSEMBLY_LAGERSITZ_NEU-1_SET-GEHAEUSE","ALUMINIUM",NA,            0.,            0.,            0.,            0.,  -553.183E-18,  -1.94852E-15,       NoValue
D:/MoVerHu_Projekt/FE_Modell/FE-Abaqus-Model/Job-19.odb,Step-163,Increment      6: Step Time =    1.000,"LAGERSITZ_NEU-1",          4220,             4,          2369,      -115.584,      -36.1099,       19.7813,"ASSEMBLY_LAGERSITZ_NEU-1_SET-GEHAEUSE","ALUMINIUM",NA,            0.,            0.,            0.,            0.,   3.21004E-15,  -543.377E-18,       NoValue
D:/MoVerHu_Projekt/FE_Modell/FE-Abaqus-Model/Job-19.odb,Step-163,Increment      6: Step Time =    1.000,"LAGERSITZ_NEU-1",          4218,             4,          2369,      -115.584,      -36.1099,       19.7813,"ASSEMBLY_LAGERSITZ_NEU-1_SET-GEHAEUSE","ALUMINIUM",NA,            0.,            0.,            0.,            0.,   3.21004E-15,  -543.377E-18,       NoValue
D:/MoVerHu_Projekt/FE_Modell/FE-Abaqus-Model/Job-19.odb,Step-163,Increment      6: Step Time =    1.000,"LAGERSITZ_NEU-1",          4221,             4,          2369,      -115.584,      -36.1099,       19.7813,"ASSEMBLY_LAGERSITZ_NEU-1_SET-GEHAEUSE","ALUMINIUM",NA,            0.,            0.,            0.,            0.,   3.21004E-15,  -543.377E-18,       NoValue
D:/MoVerHu_Projekt/FE_Modell/FE-Abaqus-Model/Job-19.odb,Step-163,Increment      6: Step Time =    1.000,"LAGERSITZ_NEU-1",          4217,             4,          2369,      -115.584,      -36.1099,       19.7813,"ASSEMBLY_LAGERSITZ_NEU-1_SET-GEHAEUSE","ALUMINIUM",NA,            0.,            0.,            0.,            0.,   3.21004E-15,  -543.377E-18,       NoValue
D:/MoVerHu_Projekt/FE_Modell/FE-Abaqus-Model/Job-19.odb,Step-163,Increment      6: Step Time =    1.000,"LAGERSITZ_NEU-1",          4224,             4,          2386,      -112.184,      -38.2684,       18.2182,"ASSEMBLY_LAGERSITZ_NEU-1_SET-GEHAEUSE","ALUMINIUM",NA,            0.,            0.,            0.,            0.,   1.49495E-15,  -2.10364E-15,       NoValue
D:/MoVerHu_Projekt/FE_Modell/FE-Abaqus-Model/Job-19.odb,Step-163,Increment      6: Step Time =    1.000,"LAGERSITZ_NEU-1",         13278,             6,          2386,      -112.184,      -38.2684,       18.2182,"ASSEMBLY_LAGERSITZ_NEU-1_SET-GEHAEUSE","ALUMINIUM",NA,            0.,            0.,            0.,            0.,   1.49495E-15,  -2.10364E-15,       NoValue
D:/MoVerHu_Projekt/FE_Modell/FE-Abaqus-Model/Job-19.odb,Step-163,Increment      6: Step Time =    1.000,"LAGERSITZ_NEU-1",          4221,             4,          2386,      -112.184,      -38.2684,       18.2182,"ASSEMBLY_LAGERSITZ_NEU-1_SET-GEHAEUSE","ALUMINIUM",NA,            0.,            0.,            0.,            0.,   1.49495E-15,  -2.10364E-15,       NoValue
D:/MoVerHu_Projekt/FE_Modell/FE-Abaqus-Model/Job-19.odb,Step-163,Increment      6: Step Time =    1.000,"LAGERSITZ_NEU-1",         13273,             6,          2386,      -112.184,      -38.2684,       18.2182,"ASSEMBLY_LAGERSITZ_NEU-1_SET-GEHAEUSE","ALUMINIUM",NA,            0.,            0.,            0.,            0.,   1.49495E-15,  -2.10364E-15,       NoValue
D:/MoVerHu_Projekt/FE_Modell/FE-Abaqus-Model/Job-19.odb,Step-163,Increment      6: Step Time =    1.000,"LAGERSITZ_NEU-1",          4227,             4,          2387,      -112.184,      -40.3486,       16.5524,"ASSEMBLY_LAGERSITZ_NEU-1_SET-GEHAEUSE","ALUMINIUM",NA,            0.,            0.,            0.,            0.,   2.36918E-15,   1.79636E-15,       NoValue
D:/MoVerHu_Projekt/FE_Modell/FE-Abaqus-Model/Job-19.odb,Step-163,Increment      6: Step Time =    1.000,"LAGERSITZ_NEU-1",         13283,             6,          2387,      -112.184,      -40.3486,       16.5524,"ASSEMBLY_LAGERSITZ_NEU-1_SET-GEHAEUSE","ALUMINIUM",NA,            0.,            0.,            0.,            0.,   2.36918E-15,   1.79636E-15,       NoValue
D:/MoVerHu_Projekt/FE_Modell/FE-Abaqus-Model/Job-19.odb,Step-163,Increment      6: Step Time =    1.000,"LAGERSITZ_NEU-1",         13278,             6,          2387,      -112.184,      -40.3486,       16.5524,"ASSEMBLY_LAGERSITZ_NEU-1_SET-GEHAEUSE","ALUMINIUM",NA,            0.,            0.,            0.,            0.,   2.36918E-15,   1.79636E-15,       NoValue
D:/MoVerHu_Projekt/FE_Modell/FE-Abaqus-Model/Job-19.odb,Step-163,Increment      6: Step Time =    1.000,"LAGERSITZ_NEU-1",          4224,             4,          2387,      -112.184,      -40.3486,       16.5524,"ASSEMBLY_LAGERSITZ_NEU-1_SET-GEHAEUSE","ALUMINIUM",NA,            0.,            0.,            0.,            0.,   2.36918E-15,   1.79636E-15,       NoValue
D:/MoVerHu_Projekt/FE_Modell/FE-Abaqus-Model/Job-19.odb,Step-163,Increment      6: Step Time =    1.000,"LAGERSITZ_NEU-1",          4227,             4,          2388,      -112.184,      -42.3457,       14.7878,"ASSEMBLY_LAGERSITZ_NEU-1_SET-GEHAEUSE","ALUMINIUM",NA,            0.,            0.,            0.,            0.,  -275.517E-18,   353.560E-18,       NoValue
D:/MoVerHu_Projekt/FE_Modell/FE-Abaqus-Model/Job-19.odb,Step-163,Increment      6: Step Time =    1.000,"LAGERSITZ_NEU-1",          4230,             4,          2388,      -112.184,      -42.3457,       14.7878,"ASSEMBLY_LAGERSITZ_NEU-1_SET-GEHAEUSE","ALUMINIUM",NA,            0.,            0.,            0.,            0.,  -275.517E-18,   353.560E-18,       NoValue
D:/MoVerHu_Projekt/FE_Modell/FE-Abaqus-Model/Job-19.odb,Step-163,Increment      6: Step Time =    1.000,"LAGERSITZ_NEU-1",         13283,             6,          2388,      -112.184,      -42.3457,       14.7878,"ASSEMBLY_LAGERSITZ_NEU-1_SET-GEHAEUSE","ALUMINIUM",NA,            0.,            0.,            0.,            0.,  -275.517E-18,   353.560E-18,       NoValue
D:/MoVerHu_Projekt/FE_Modell/FE-Abaqus-Model/Job-19.odb,Step-163,Increment      6: Step Time =    1.000,"LAGERSITZ_NEU-1",         13288,             6,          2388,      -112.184,      -42.3457,       14.7878,"ASSEMBLY_LAGERSITZ_NEU-1_SET-GEHAEUSE","ALUMINIUM",NA,            0.,            0.,            0.,            0.,  -275.517E-18,   353.560E-18,       NoValue
D:/MoVerHu_Projekt/FE_Modell/FE-Abaqus-Model/Job-19.odb,Step-163,Increment      6: Step Time =    1.000,"LAGERSITZ_NEU-1",         13293,             6,          2389,      -112.184,      -44.2550,       12.9285,"ASSEMBLY_LAGERSITZ_NEU-1_SET-GEHAEUSE","ALUMINIUM",NA,            0.,            0.,            0.,            0.,   1.33435E-15,   2.81498E-15,       NoValue
D:/MoVerHu_Projekt/FE_Modell/FE-Abaqus-Model/Job-19.odb,Step-163,Increment      6: Step Time =    1.000,"LAGERSITZ_NEU-1",          4233,             4,          2389,      -112.184,      -44.2550,       12.9285,"ASSEMBLY_LAGERSITZ_NEU-1_SET-GEHAEUSE","ALUMINIUM",NA,            0.,            0.,            0.,            0.,   1.33435E-15,   2.81498E-15,       NoValue
D:/MoVerHu_Projekt/FE_Modell/FE-Abaqus-Model/Job-19.odb,Step-163,Increment      6: Step Time =    1.000,"LAGERSITZ_NEU-1",         13288,             6,          2389,      -112.184,      -44.2550,       12.9285,"ASSEMBLY_LAGERSITZ_NEU-1_SET-GEHAEUSE","ALUMINIUM",NA,            0.,            0.,            0.,            0.,   1.33435E-15,   2.81498E-15,       NoValue
D:/MoVerHu_Projekt/FE_Modell/FE-Abaqus-Model/Job-19.odb,Step-163,Increment      6: Step Time =    1.000,"LAGERSITZ_NEU-1",          4230,             4,          2389,      -112.184,      -44.2550,       12.9285,"ASSEMBLY_LAGERSITZ_NEU-1_SET-GEHAEUSE","ALUMINIUM",NA,            0.,            0.,            0.,            0.,   1.33435E-15,   2.81498E-15,       NoValue
D:/MoVerHu_Projekt/FE_Modell/FE-Abaqus-Model/Job-19.odb,Step-163,Increment      6: Step Time =    1.000,"LAGERSITZ_NEU-1",         13293,             6,          2390,      -112.184,      -46.0720,       10.9790,"ASSEMBLY_LAGERSITZ_NEU-1_SET-GEHAEUSE","ALUMINIUM",NA,            0.,            0.,            0.,            0.,  -1.66740E-15,   1.83328E-15,       NoValue
D:/MoVerHu_Projekt/FE_Modell/FE-Abaqus-Model/Job-19.odb,Step-163,Increment      6: Step Time =    1.000,"LAGERSITZ_NEU-1",          4233,             4,          2390,      -112.184,      -46.0720,       10.9790,"ASSEMBLY_LAGERSITZ_NEU-1_SET-GEHAEUSE","ALUMINIUM",NA,            0.,            0.,            0.,            0.,  -1.66740E-15,   1.83328E-15,       NoValue
D:/MoVerHu_Projekt/FE_Modell/FE-Abaqus-Model/Job-19.odb,Step-163,Increment      6: Step Time =    1.000,"LAGERSITZ_NEU-1",         13298,             6,          2390,      -112.184,      -46.0720,       10.9790,"ASSEMBLY_LAGERSITZ_NEU-1_SET-GEHAEUSE","ALUMINIUM",NA,            0.,            0.,            0.,            0.,  -1.66740E-15,   1.83328E-15,       NoValue
D:/MoVerHu_Projekt/FE_Modell/FE-Abaqus-Model/Job-19.odb,Step-163,Increment      6: Step Time =    1.000,"LAGERSITZ_NEU-1",          4236,             4,          2390,      -112.184,      -46.0720,       10.9790,"ASSEMBLY_LAGERSITZ_NEU-1_SET-GEHAEUSE","ALUMINIUM",NA,            0.,            0.,            0.,            0.,  -1.66740E-15,   1.83328E-15,       NoValue
D:/MoVerHu_Projekt/FE_Modell/FE-Abaqus-Model/Job-19.odb,Step-163,Increment      6: Step Time =    1.000,"LAGERSITZ_NEU-1",          4239,             4,          2391,      -112.184,      -47.7924,       8.94367,"ASSEMBLY_LAGERSITZ_NEU-1_SET-GEHAEUSE","ALUMINIUM",NA,            0.,            0.,            0.,            0.,   998.259E-18,  -193.257E-18,       NoValue
D:/MoVerHu_Projekt/FE_Modell/FE-Abaqus-Model/Job-19.odb,Step-163,Increment      6: Step Time =    1.000,"LAGERSITZ_NEU-1",         13303,             6,          2391,      -112.184,      -47.7924,       8.94367,"ASSEMBLY_LAGERSITZ_NEU-1_SET-GEHAEUSE","ALUMINIUM",NA,            0.,            0.,            0.,            0.,   998.259E-18,  -193.257E-18,       NoValue
D:/MoVerHu_Projekt/FE_Modell/FE-Abaqus-Model/Job-19.odb,Step-163,Increment      6: Step Time =    1.000,"LAGERSITZ_NEU-1",         13298,             6,          2391,      -112.184,      -47.7924,       8.94367,"ASSEMBLY_LAGERSITZ_NEU-1_SET-GEHAEUSE","ALUMINIUM",NA,            0.,            0.,            0.,            0.,   998.259E-18,  -193.257E-18,       NoValue
D:/MoVerHu_Projekt/FE_Modell/FE-Abaqus-Model/Job-19.odb,Step-163,Increment      6: Step Time =    1.000,"LAGERSITZ_NEU-1",          4236,             4,          2391,      -112.184,      -47.7924,       8.94367,"ASSEMBLY_LAGERSITZ_NEU-1_SET-GEHAEUSE","ALUMINIUM",NA,            0.,            0.,            0.,            0.,   998.259E-18,  -193.257E-18,       NoValue
D:/MoVerHu_Projekt/FE_Modell/FE-Abaqus-Model/Job-19.odb,Step-163,Increment      6: Step Time =    1.000,"LAGERSITZ_NEU-1",          4239,             4,          2392,      -112.184,      -49.4121,       6.82743,"ASSEMBLY_LAGERSITZ_NEU-1_SET-GEHAEUSE","ALUMINIUM",NA,            0.,            0.,            0.,            0.,   1.67889E-15,   555.636E-18,       NoValue
D:/MoVerHu_Projekt/FE_Modell/FE-Abaqus-Model/Job-19.odb,Step-163,Increment      6: Step Time =    1.000,"LAGERSITZ_NEU-1",         13308,             6,          2392,      -112.184,      -49.4121,       6.82743,"ASSEMBLY_LAGERSITZ_NEU-1_SET-GEHAEUSE","ALUMINIUM",NA,            0.,            0.,            0.,            0.,   1.67889E-15,   555.636E-18,       NoValue
D:/MoVerHu_Projekt/FE_Modell/FE-Abaqus-Model/Job-19.odb,Step-163,Increment      6: Step Time =    1.000,"LAGERSITZ_NEU-1",         13303,             6,          2392,      -112.184,      -49.4121,       6.82743,"ASSEMBLY_LAGERSITZ_NEU-1_SET-GEHAEUSE","ALUMINIUM",NA,            0.,            0.,            0.,            0.,   1.67889E-15,   555.636E-18,       NoValue
D:/MoVerHu_Projekt/FE_Modell/FE-Abaqus-Model/Job-19.odb,Step-163,Increment      6: Step Time =    1.000,"LAGERSITZ_NEU-1",          4242,             4,          2392,      -112.184,      -49.4121,       6.82743,"ASSEMBLY_LAGERSITZ_NEU-1_SET-GEHAEUSE","ALUMINIUM",NA,            0.,            0.,            0.,            0.,   1.67889E-15,   555.636E-18,       NoValue
D:/MoVerHu_Projekt/FE_Modell/FE-Abaqus-Model/Job-19.odb,Step-163,Increment      6: Step Time =    1.000,"LAGERSITZ_NEU-1",          4242,             4,          2393,      -112.184,      -50.9275,       4.63521,"ASSEMBLY_LAGERSITZ_NEU-1_SET-GEHAEUSE","ALUMINIUM",NA,            0.,            0.,            0.,            0.,   2.04823E-15,   600.969E-18,       NoValue
D:/MoVerHu_Projekt/FE_Modell/FE-Abaqus-Model/Job-19.odb,Step-163,Increment      6: Step Time =    1.000,"LAGERSITZ_NEU-1",         13313,             6,          2393,      -112.184,      -50.9275,       4.63521,"ASSEMBLY_LAGERSITZ_NEU-1_SET-GEHAEUSE","ALUMINIUM",NA,            0.,            0.,            0.,            0.,   2.04823E-15,   600.969E-18,       NoValue
D:/MoVerHu_Projekt/FE_Modell/FE-Abaqus-Model/Job-19.odb,Step-163,Increment      6: Step Time =    1.000,"LAGERSITZ_NEU-1",          4245,             4,          2393,      -112.184,      -50.9275,       4.63521,"ASSEMBLY_LAGERSITZ_NEU-1_SET-GEHAEUSE","ALUMINIUM",NA,            0.,            0.,            0.,            0.,   2.04823E-15,   600.969E-18,       NoValue
D:/MoVerHu_Projekt/FE_Modell/FE-Abaqus-Model/Job-19.odb,Step-163,Increment      6: Step Time =    1.000,"LAGERSITZ_NEU-1",         13308,             6,          2393,      -112.184,      -50.9275,       4.63521,"ASSEMBLY_LAGERSITZ_NEU-1_SET-GEHAEUSE","ALUMINIUM",NA,            0.,            0.,            0.,            0.,   2.04823E-15,   600.969E-18,       NoValue
D:/MoVerHu_Projekt/FE_Modell/FE-Abaqus-Model/Job-19.odb,Step-163,Increment      6: Step Time =    1.000,"LAGERSITZ_NEU-1",         13318,             6,          2394,      -112.184,      -52.3349,       2.37215,"ASSEMBLY_LAGERSITZ_NEU-1_SET-GEHAEUSE","ALUMINIUM",NA,            0.,            0.,            0.,            0.,  -560.494E-18,  -1.09794E-15,       NoValue
D:/MoVerHu_Projekt/FE_Modell/FE-Abaqus-Model/Job-19.odb,Step-163,Increment      6: Step Time =    1.000,"LAGERSITZ_NEU-1",          4245,             4,          2394,      -112.184,      -52.3349,       2.37215,"ASSEMBLY_LAGERSITZ_NEU-1_SET-GEHAEUSE","ALUMINIUM",NA,            0.,            0.,            0.,            0.,  -560.494E-18,  -1.09794E-15,       NoValue
D:/MoVerHu_Projekt/FE_Modell/FE-Abaqus-Model/Job-19.odb,Step-163,Increment      6: Step Time =    1.000,"LAGERSITZ_NEU-1",         13313,             6,          2394,      -112.184,      -52.3349,       2.37215,"ASSEMBLY_LAGERSITZ_NEU-1_SET-GEHAEUSE","ALUMINIUM",NA,            0.,            0.,            0.,            0.,  -560.494E-18,  -1.09794E-15,       NoValue
D:/MoVerHu_Projekt/FE_Modell/FE-Abaqus-Model/Job-19.odb,Step-163,Increment      6: Step Time =    1.000,"LAGERSITZ_NEU-1",          4248,             4,          2394,      -112.184,      -52.3349,       2.37215,"ASSEMBLY_LAGERSITZ_NEU-1_SET-GEHAEUSE","ALUMINIUM",NA,            0.,            0.,            0.,            0.,  -560.494E-18,  -1.09794E-15,       NoValue
D:/MoVerHu_Projekt/FE_Modell/FE-Abaqus-Model/Job-19.odb,Step-163,Increment      6: Step Time =    1.000,"LAGERSITZ_NEU-1",         13323,             6,          2395,      -112.184,      -53.6310,   43.5776E-03,"ASSEMBLY_LAGERSITZ_NEU-1_SET-GEHAEUSE","ALUMINIUM",NA,            0.,            0.,            0.,            0.,   765.666E-18,  -524.052E-18,       NoValue
D:/MoVerHu_Projekt/FE_Modell/FE-Abaqus-Model/Job-19.odb,Step-163,Increment      6: Step Time =    1.000,"LAGERSITZ_NEU-1",          4251,             4,          2395,      -112.184,      -53.6310,   43.5776E-03,"ASSEMBLY_LAGERSITZ_NEU-1_SET-GEHAEUSE","ALUMINIUM",NA,            0.,            0.,            0.,            0.,   765.666E-18,  -524.052E-18,       NoValue
D:/MoVerHu_Projekt/FE_Modell/FE-Abaqus-Model/Job-19.odb,Step-163,Increment      6: Step Time =    1.000,"LAGERSITZ_NEU-1",          4248,             4,          2395,      -112.184,      -53.6310,   43.5776E-03,"ASSEMBLY_LAGERSITZ_NEU-1_SET-GEHAEUSE","ALUMINIUM",NA,            0.,            0.,            0.,            0.,   765.666E-18,  -524.052E-18,       NoValue
D:/MoVerHu_Projekt/FE_Modell/FE-Abaqus-Model/Job-19.odb,Step-163,Increment      6: Step Time =    1.000,"LAGERSITZ_NEU-1",         13318,             6,          2395,      -112.184,      -53.6310,   43.5776E-03,"ASSEMBLY_LAGERSITZ_NEU-1_SET-GEHAEUSE","ALUMINIUM",NA,            0.,            0.,            0.,            0.,   765.666E-18,  -524.052E-18,       NoValue
D:/MoVerHu_Projekt/FE_Modell/FE-Abaqus-Model/Job-19.odb,Step-163,Increment      6: Step Time =    1.000,"LAGERSITZ_NEU-1",          4251,             4,          2396,      -112.184,      -54.8129,      -2.34505,"ASSEMBLY_LAGERSITZ_NEU-1_SET-GEHAEUSE","ALUMINIUM",NA,            0.,            0.,            0.,            0.,  -1.23765E-15,   1.41226E-15,       NoValue
D:/MoVerHu_Projekt/FE_Modell/FE-Abaqus-Model/Job-19.odb,Step-163,Increment      6: Step Time =    1.000,"LAGERSITZ_NEU-1",         13323,             6,          2396,      -112.184,      -54.8129,      -2.34505,"ASSEMBLY_LAGERSITZ_NEU-1_SET-GEHAEUSE","ALUMINIUM",NA,            0.,            0.,            0.,            0.,  -1.23765E-15,   1.41226E-15,       NoValue
D:/MoVerHu_Projekt/FE_Modell/FE-Abaqus-Model/Job-19.odb,Step-163,Increment      6: Step Time =    1.000,"LAGERSITZ_NEU-1",          4254,             4,          2396,      -112.184,      -54.8129,      -2.34505,"ASSEMBLY_LAGERSITZ_NEU-1_SET-GEHAEUSE","ALUMINIUM",NA,            0.,            0.,            0.,            0.,  -1.23765E-15,   1.41226E-15,       NoValue
D:/MoVerHu_Projekt/FE_Modell/FE-Abaqus-Model/Job-19.odb,Step-163,Increment      6: Step Time =    1.000,"LAGERSITZ_NEU-1",         13328,             6,          2396,      -112.184,      -54.8129,      -2.34505,"ASSEMBLY_LAGERSITZ_NEU-1_SET-GEHAEUSE","ALUMINIUM",NA,            0.,            0.,            0.,            0.,  -1.23765E-15,   1.41226E-15,       NoValue
D:/MoVerHu_Projekt/FE_Modell/FE-Abaqus-Model/Job-19.odb,Step-163,Increment      6: Step Time =    1.000,"LAGERSITZ_NEU-1",          4257,             4,          2397,      -112.184,      -55.8776,      -4.78811,"ASSEMBLY_LAGERSITZ_NEU-1_SET-GEHAEUSE","ALUMINIUM",NA,            0.,            0.,            0.,            0.,   4.04611E-15,   321.161E-18,       NoValue
D:/MoVerHu_Projekt/FE_Modell/FE-Abaqus-Model/Job-19.odb,Step-163,Increment      6: Step Time =    1.000,"LAGERSITZ_NEU-1",         13333,             6,          2397,      -112.184,      -55.8776,      -4.78811,"ASSEMBLY_LAGERSITZ_NEU-1_SET-GEHAEUSE","ALUMINIUM",NA,            0.,            0.,            0.,            0.,   4.04611E-15,   321.161E-18,       NoValue
D:/MoVerHu_Projekt/FE_Modell/FE-Abaqus-Model/Job-19.odb,Step-163,Increment      6: Step Time =    1.000,"LAGERSITZ_NEU-1",         13328,             6,          2397,      -112.184,      -55.8776,      -4.78811,"ASSEMBLY_LAGERSITZ_NEU-1_SET-GEHAEUSE","ALUMINIUM",NA,            0.,            0.,            0.,            0.,   4.04611E-15,   321.161E-18,       NoValue
D:/MoVerHu_Projekt/FE_Modell/FE-Abaqus-Model/Job-19.odb,Step-163,Increment      6: Step Time =    1.000,"LAGERSITZ_NEU-1",          4254,             4,          2397,      -112.184,      -55.8776,      -4.78811,"ASSEMBLY_LAGERSITZ_NEU-1_SET-GEHAEUSE","ALUMINIUM",NA,            0.,            0.,            0.,            0.,   4.04611E-15,   321.161E-18,       NoValue
D:/MoVerHu_Projekt/FE_Modell/FE-Abaqus-Model/Job-19.odb,Step-163,Increment      6: Step Time =    1.000,"LAGERSITZ_NEU-1",          4257,             4,          2398,      -112.184,      -56.8227,      -7.27989,"ASSEMBLY_LAGERSITZ_NEU-1_SET-GEHAEUSE","ALUMINIUM",NA,            0.,            0.,            0.,            0.,  -1.63021E-15,  -963.810E-18,       NoValue
D:/MoVerHu_Projekt/FE_Modell/FE-Abaqus-Model/Job-19.odb,Step-163,Increment      6: Step Time =    1.000,"LAGERSITZ_NEU-1",         13333,             6,          2398,      -112.184,      -56.8227,      -7.27989,"ASSEMBLY_LAGERSITZ_NEU-1_SET-GEHAEUSE","ALUMINIUM",NA,            0.,            0.,            0.,            0.,  -1.63021E-15,  -963.810E-18,       NoValue
D:/MoVerHu_Projekt/FE_Modell/FE-Abaqus-Model/Job-19.odb,Step-163,Increment      6: Step Time =    1.000,"LAGERSITZ_NEU-1",          4260,             4,          2398,      -112.184,      -56.8227,      -7.27989,"ASSEMBLY_LAGERSITZ_NEU-1_SET-GEHAEUSE","ALUMINIUM",NA,            0.,            0.,            0.,            0.,  -1.63021E-15,  -963.810E-18,       NoValue
D:/MoVerHu_Projekt/FE_Modell/FE-Abaqus-Model/Job-19.odb,Step-163,Increment      6: Step Time =    1.000,"LAGERSITZ_NEU-1",         13338,             6,          2398,      -112.184,      -56.8227,      -7.27989,"ASSEMBLY_LAGERSITZ_NEU-1_SET-GEHAEUSE","ALUMINIUM",NA,            0.,            0.,            0.,            0.,  -1.63021E-15,  -963.810E-18,       NoValue
D:/MoVerHu_Projekt/FE_Modell/FE-Abaqus-Model/Job-19.odb,Step-163,Increment      6: Step Time =    1.000,"LAGERSITZ_NEU-1",         13338,             6,          2399,      -112.184,      -57.6460,      -9.81452,"ASSEMBLY_LAGERSITZ_NEU-1_SET-GEHAEUSE","ALUMINIUM",NA,            0.,            0.,            0.,            0.,  -9.91696E-18,  -483.961E-18,       NoValue
D:/MoVerHu_Projekt/FE_Modell/FE-Abaqus-Model/Job-19.odb,Step-163,Increment      6: Step Time =    1.000,"LAGERSITZ_NEU-1",         13343,             6,          2399,      -112.184,      -57.6460,      -9.81452,"ASSEMBLY_LAGERSITZ_NEU-1_SET-GEHAEUSE","ALUMINIUM",NA,            0.,            0.,            0.,            0.,  -9.91696E-18,  -483.961E-18,       NoValue
D:/MoVerHu_Projekt/FE_Modell/FE-Abaqus-Model/Job-19.odb,Step-163,Increment      6: Step Time =    1.000,"LAGERSITZ_NEU-1",          4263,             4,          2399,      -112.184,      -57.6460,      -9.81452,"ASSEMBLY_LAGERSITZ_NEU-1_SET-GEHAEUSE","ALUMINIUM",NA,            0.,            0.,            0.,            0.,  -9.91696E-18,  -483.961E-18,       NoValue
D:/MoVerHu_Projekt/FE_Modell/FE-Abaqus-Model/Job-19.odb,Step-163,Increment      6: Step Time =    1.000,"LAGERSITZ_NEU-1",          4260,             4,          2399,      -112.184,      -57.6460,      -9.81452,"ASSEMBLY_LAGERSITZ_NEU-1_SET-GEHAEUSE","ALUMINIUM",NA,            0.,            0.,            0.,            0.,  -9.91696E-18,  -483.961E-18,       NoValue
D:/MoVerHu_Projekt/FE_Modell/FE-Abaqus-Model/Job-19.odb,Step-163,Increment      6: Step Time =    1.000,"LAGERSITZ_NEU-1",          4262,             4,          2400,      -118.984,      -58.3456,      -12.3861,"ASSEMBLY_LAGERSITZ_NEU-1_SET-GEHAEUSE","ALUMINIUM",NA,            0.,            0.,            0.,            0.,  -408.853E-18,  -255.936E-18,       NoValue
D:/MoVerHu_Projekt/FE_Modell/FE-Abaqus-Model/Job-19.odb,Step-163,Increment      6: Step Time =    1.000,"LAGERSITZ_NEU-1",          4261,             4,          2400,      -118.984,      -58.3456,      -12.3861,"ASSEMBLY_LAGERSITZ_NEU-1_SET-GEHAEUSE","ALUMINIUM",NA,            0.,            0.,            0.,            0.,  -408.853E-18,  -255.936E-18,       NoValue
D:/MoVerHu_Projekt/FE_Modell/FE-Abaqus-Model/Job-19.odb,Step-163,Increment      6: Step Time =    1.000,"LAGERSITZ_NEU-1",          4265,             4,          2400,      -118.984,      -58.3456,      -12.3861,"ASSEMBLY_LAGERSITZ_NEU-1_SET-GEHAEUSE","ALUMINIUM",NA,            0.,            0.,            0.,            0.,  -408.853E-18,  -255.936E-18,       NoValue
D:/MoVerHu_Projekt/FE_Modell/FE-Abaqus-Model/Job-19.odb,Step-163,Increment      6: Step Time =    1.000,"LAGERSITZ_NEU-1",          4264,             4,          2400,      -118.984,      -58.3456,      -12.3861,"ASSEMBLY_LAGERSITZ_NEU-1_SET-GEHAEUSE","ALUMINIUM",NA,            0.,            0.,            0.,            0.,  -408.853E-18,  -255.936E-18,       NoValue
D:/MoVerHu_Projekt/FE_Modell/FE-Abaqus-Model/Job-19.odb,Step-163,Increment      6: Step Time =    1.000,"LAGERSITZ_NEU-1",          4265,             4,          2401,      -115.584,      -58.3456,      -12.3861,"ASSEMBLY_LAGERSITZ_NEU-1_SET-GEHAEUSE","ALUMINIUM",NA,            0.,            0.,            0.,            0.,  -2.68682E-15,  -133.146E-18,       NoValue
D:/MoVerHu_Projekt/FE_Modell/FE-Abaqus-Model/Job-19.odb,Step-163,Increment      6: Step Time =    1.000,"LAGERSITZ_NEU-1",          4266,             4,          2401,      -115.584,      -58.3456,      -12.3861,"ASSEMBLY_LAGERSITZ_NEU-1_SET-GEHAEUSE","ALUMINIUM",NA,            0.,            0.,            0.,            0.,  -2.68682E-15,  -133.146E-18,       NoValue
D:/MoVerHu_Projekt/FE_Modell/FE-Abaqus-Model/Job-19.odb,Step-163,Increment      6: Step Time =    1.000,"LAGERSITZ_NEU-1",          4263,             4,          2401,      -115.584,      -58.3456,      -12.3861,"ASSEMBLY_LAGERSITZ_NEU-1_SET-GEHAEUSE","ALUMINIUM",NA,            0.,            0.,            0.,            0.,  -2.68682E-15,  -133.146E-18,       NoValue
D:/MoVerHu_Projekt/FE_Modell/FE-Abaqus-Model/Job-19.odb,Step-163,Increment      6: Step Time =    1.000,"LAGERSITZ_NEU-1",          4262,             4,          2401,      -115.584,      -58.3456,      -12.3861,"ASSEMBLY_LAGERSITZ_NEU-1_SET-GEHAEUSE","ALUMINIUM",NA,            0.,            0.,            0.,            0.,  -2.68682E-15,  -133.146E-18,       NoValue
D:/MoVerHu_Projekt/FE_Modell/FE-Abaqus-Model/Job-19.odb,Step-163,Increment      6: Step Time =    1.000,"LAGERSITZ_NEU-1",         13353,             6,          2404,      -112.184,      -58.9138,      -14.9583,"ASSEMBLY_LAGERSITZ_NEU-1_SET-GEHAEUSE","ALUMINIUM",NA,            0.,            0.,            0.,            0.,  -49.3419E-18,  -709.379E-18,       NoValue
D:/MoVerHu_Projekt/FE_Modell/FE-Abaqus-Model/Job-19.odb,Step-163,Increment      6: Step Time =    1.000,"LAGERSITZ_NEU-1",          4266,             4,          2404,      -112.184,      -58.9138,      -14.9583,"ASSEMBLY_LAGERSITZ_NEU-1_SET-GEHAEUSE","ALUMINIUM",NA,            0.,            0.,            0.,            0.,  -49.3419E-18,  -709.379E-18,       NoValue
D:/MoVerHu_Projekt/FE_Modell/FE-Abaqus-Model/Job-19.odb,Step-163,Increment      6: Step Time =    1.000,"LAGERSITZ_NEU-1",         13348,             6,          2404,      -112.184,      -58.9138,      -14.9583,"ASSEMBLY_LAGERSITZ_NEU-1_SET-GEHAEUSE","ALUMINIUM",NA,            0.,            0.,            0.,            0.,  -49.3419E-18,  -709.379E-18,       NoValue
D:/MoVerHu_Projekt/FE_Modell/FE-Abaqus-Model/Job-19.odb,Step-163,Increment      6: Step Time =    1.000,"LAGERSITZ_NEU-1",          4269,             4,          2404,      -112.184,      -58.9138,      -14.9583,"ASSEMBLY_LAGERSITZ_NEU-1_SET-GEHAEUSE","ALUMINIUM",NA,            0.,            0.,            0.,            0.,  -49.3419E-18,  -709.379E-18,       NoValue
D:/MoVerHu_Projekt/FE_Modell/FE-Abaqus-Model/Job-19.odb,Step-163,Increment      6: Step Time =    1.000,"LAGERSITZ_NEU-1",         13358,             6,          2405,      -112.184,      -59.3583,      -17.5548,"ASSEMBLY_LAGERSITZ_NEU-1_SET-GEHAEUSE","ALUMINIUM",NA,            0.,            0.,            0.,            0.,   320.737E-18,   476.156E-18,       NoValue
D:/MoVerHu_Projekt/FE_Modell/FE-Abaqus-Model/Job-19.odb,Step-163,Increment      6: Step Time =    1.000,"LAGERSITZ_NEU-1",          4272,             4,          2405,      -112.184,      -59.3583,      -17.5548,"ASSEMBLY_LAGERSITZ_NEU-1_SET-GEHAEUSE","ALUMINIUM",NA,            0.,            0.,            0.,            0.,   320.737E-18,   476.156E-18,       NoValue
D:/MoVerHu_Projekt/FE_Modell/FE-Abaqus-Model/Job-19.odb,Step-163,Increment      6: Step Time =    1.000,"LAGERSITZ_NEU-1",          4269,             4,          2405,      -112.184,      -59.3583,      -17.5548,"ASSEMBLY_LAGERSITZ_NEU-1_SET-GEHAEUSE","ALUMINIUM",NA,            0.,            0.,            0.,            0.,   320.737E-18,   476.156E-18,       NoValue
D:/MoVerHu_Projekt/FE_Modell/FE-Abaqus-Model/Job-19.odb,Step-163,Increment      6: Step Time =    1.000,"LAGERSITZ_NEU-1",         13353,             6,          2405,      -112.184,      -59.3583,      -17.5548,"ASSEMBLY_LAGERSITZ_NEU-1_SET-GEHAEUSE","ALUMINIUM",NA,            0.,            0.,            0.,            0.,   320.737E-18,   476.156E-18,       NoValue
D:/MoVerHu_Projekt/FE_Modell/FE-Abaqus-Model/Job-19.odb,Step-163,Increment      6: Step Time =    1.000,"LAGERSITZ_NEU-1",          4272,             4,          2406,      -112.184,      -59.6779,      -20.1696,"ASSEMBLY_LAGERSITZ_NEU-1_SET-GEHAEUSE","ALUMINIUM",NA,            0.,            0.,            0.,            0.,  -3.20731E-15,   1.75289E-15,       NoValue
D:/MoVerHu_Projekt/FE_Modell/FE-Abaqus-Model/Job-19.odb,Step-163,Increment      6: Step Time =    1.000,"LAGERSITZ_NEU-1",         13363,             6,          2406,      -112.184,      -59.6779,      -20.1696,"ASSEMBLY_LAGERSITZ_NEU-1_SET-GEHAEUSE","ALUMINIUM",NA,            0.,            0.,            0.,            0.,  -3.20731E-15,   1.75289E-15,       NoValue
D:/MoVerHu_Projekt/FE_Modell/FE-Abaqus-Model/Job-19.odb,Step-163,Increment      6: Step Time =    1.000,"LAGERSITZ_NEU-1",          4275,             4,          2406,      -112.184,      -59.6779,      -20.1696,"ASSEMBLY_LAGERSITZ_NEU-1_SET-GEHAEUSE","ALUMINIUM",NA,            0.,            0.,            0.,            0.,  -3.20731E-15,   1.75289E-15,       NoValue
D:/MoVerHu_Projekt/FE_Modell/FE-Abaqus-Model/Job-19.odb,Step-163,Increment      6: Step Time =    1.000,"LAGERSITZ_NEU-1",         13358,             6,          2406,      -112.184,      -59.6779,      -20.1696,"ASSEMBLY_LAGERSITZ_NEU-1_SET-GEHAEUSE","ALUMINIUM",NA,            0.,            0.,            0.,            0.,  -3.20731E-15,   1.75289E-15,       NoValue
D:/MoVerHu_Projekt/FE_Modell/FE-Abaqus-Model/Job-19.odb,Step-163,Increment      6: Step Time =    1.000,"LAGERSITZ_NEU-1",         13368,             6,          2407,      -112.184,      -59.8720,      -22.7967,"ASSEMBLY_LAGERSITZ_NEU-1_SET-GEHAEUSE","ALUMINIUM",NA,            0.,            0.,            0.,            0.,  -419.416E-18,   972.729E-18,       NoValue
D:/MoVerHu_Projekt/FE_Modell/FE-Abaqus-Model/Job-19.odb,Step-163,Increment      6: Step Time =    1.000,"LAGERSITZ_NEU-1",         13363,             6,          2407,      -112.184,      -59.8720,      -22.7967,"ASSEMBLY_LAGERSITZ_NEU-1_SET-GEHAEUSE","ALUMINIUM",NA,            0.,            0.,            0.,            0.,  -419.416E-18,   972.729E-18,       NoValue
D:/MoVerHu_Projekt/FE_Modell/FE-Abaqus-Model/Job-19.odb,Step-163,Increment      6: Step Time =    1.000,"LAGERSITZ_NEU-1",          4278,             4,          2407,      -112.184,      -59.8720,      -22.7967,"ASSEMBLY_LAGERSITZ_NEU-1_SET-GEHAEUSE","ALUMINIUM",NA,            0.,            0.,            0.,            0.,  -419.416E-18,   972.729E-18,       NoValue
D:/MoVerHu_Projekt/FE_Modell/FE-Abaqus-Model/Job-19.odb,Step-163,Increment      6: Step Time =    1.000,"LAGERSITZ_NEU-1",          4275,             4,          2407,      -112.184,      -59.8720,      -22.7967,"ASSEMBLY_LAGERSITZ_NEU-1_SET-GEHAEUSE","ALUMINIUM",NA,            0.,            0.,            0.,            0.,  -419.416E-18,   972.729E-18,       NoValue
D:/MoVerHu_Projekt/FE_Modell/FE-Abaqus-Model/Job-19.odb,Step-163,Increment      6: Step Time =    1.000,"LAGERSITZ_NEU-1",          4280,             4,          2414,      -115.584,      -59.9400,      -25.4301,"ASSEMBLY_LAGERSITZ_NEU-1_SET-GEHAEUSE","ALUMINIUM",NA,            0.,            0.,            0.,            0.,  -877.192E-18,  -2.61578E-15,       NoValue
D:/MoVerHu_Projekt/FE_Modell/FE-Abaqus-Model/Job-19.odb,Step-163,Increment      6: Step Time =    1.000,"LAGERSITZ_NEU-1",          4281,             4,          2414,      -115.584,      -59.9400,      -25.4301,"ASSEMBLY_LAGERSITZ_NEU-1_SET-GEHAEUSE","ALUMINIUM",NA,            0.,            0.,            0.,            0.,  -877.192E-18,  -2.61578E-15,       NoValue
D:/MoVerHu_Projekt/FE_Modell/FE-Abaqus-Model/Job-19.odb,Step-163,Increment      6: Step Time =    1.000,"LAGERSITZ_NEU-1",          4277,             4,          2414,      -115.584,      -59.9400,      -25.4301,"ASSEMBLY_LAGERSITZ_NEU-1_SET-GEHAEUSE","ALUMINIUM",NA,            0.,            0.,            0.,            0.,  -877.192E-18,  -2.61578E-15,       NoValue
D:/MoVerHu_Projekt/FE_Modell/FE-Abaqus-Model/Job-19.odb,Step-163,Increment      6: Step Time =    1.000,"LAGERSITZ_NEU-1",          4278,             4,          2414,      -115.584,      -59.9400,      -25.4301,"ASSEMBLY_LAGERSITZ_NEU-1_SET-GEHAEUSE","ALUMINIUM",NA,            0.,            0.,            0.,            0.,  -877.192E-18,  -2.61578E-15,       NoValue
D:/MoVerHu_Projekt/FE_Modell/FE-Abaqus-Model/Job-19.odb,Step-163,Increment      6: Step Time =    1.000,"LAGERSITZ_NEU-1",          4276,             4,          2415,      -118.984,      -59.9400,      -25.4301,"ASSEMBLY_LAGERSITZ_NEU-1_SET-GEHAEUSE","ALUMINIUM",NA,            0.,            0.,            0.,            0.,  -1.37355E-15,  -2.22339E-15,       NoValue
D:/MoVerHu_Projekt/FE_Modell/FE-Abaqus-Model/Job-19.odb,Step-163,Increment      6: Step Time =    1.000,"LAGERSITZ_NEU-1",          4280,             4,          2415,      -118.984,      -59.9400,      -25.4301,"ASSEMBLY_LAGERSITZ_NEU-1_SET-GEHAEUSE","ALUMINIUM",NA,            0.,            0.,            0.,            0.,  -1.37355E-15,  -2.22339E-15,       NoValue
D:/MoVerHu_Projekt/FE_Modell/FE-Abaqus-Model/Job-19.odb,Step-163,Increment      6: Step Time =    1.000,"LAGERSITZ_NEU-1",          4277,             4,          2415,      -118.984,      -59.9400,      -25.4301,"ASSEMBLY_LAGERSITZ_NEU-1_SET-GEHAEUSE","ALUMINIUM",NA,            0.,            0.,            0.,            0.,  -1.37355E-15,  -2.22339E-15,       NoValue
D:/MoVerHu_Projekt/FE_Modell/FE-Abaqus-Model/Job-19.odb,Step-163,Increment      6: Step Time =    1.000,"LAGERSITZ_NEU-1",          4279,             4,          2415,      -118.984,      -59.9400,      -25.4301,"ASSEMBLY_LAGERSITZ_NEU-1_SET-GEHAEUSE","ALUMINIUM",NA,            0.,            0.,            0.,            0.,  -1.37355E-15,  -2.22339E-15,       NoValue
D:/MoVerHu_Projekt/FE_Modell/FE-Abaqus-Model/Job-19.odb,Step-163,Increment      6: Step Time =    1.000,"LAGERSITZ_NEU-1",          4284,             4,          2419,      -112.184,      -59.8477,      -28.7214,"ASSEMBLY_LAGERSITZ_NEU-1_SET-GEHAEUSE","ALUMINIUM",NA,            0.,            0.,            0.,            0.,   1.69298E-15,  -738.126E-18,       NoValue
D:/MoVerHu_Projekt/FE_Modell/FE-Abaqus-Model/Job-19.odb,Step-163,Increment      6: Step Time =    1.000,"LAGERSITZ_NEU-1",         12773,             6,          2419,      -112.184,      -59.8477,      -28.7214,"ASSEMBLY_LAGERSITZ_NEU-1_SET-GEHAEUSE","ALUMINIUM",NA,            0.,            0.,            0.,            0.,   1.69298E-15,  -738.126E-18,       NoValue
D:/MoVerHu_Projekt/FE_Modell/FE-Abaqus-Model/Job-19.odb,Step-163,Increment      6: Step Time =    1.000,"LAGERSITZ_NEU-1",          4281,             4,          2419,      -112.184,      -59.8477,      -28.7214,"ASSEMBLY_LAGERSITZ_NEU-1_SET-GEHAEUSE","ALUMINIUM",NA,            0.,            0.,            0.,            0.,   1.69298E-15,  -738.126E-18,       NoValue
D:/MoVerHu_Projekt/FE_Modell/FE-Abaqus-Model/Job-19.odb,Step-163,Increment      6: Step Time =    1.000,"LAGERSITZ_NEU-1",         12778,             6,          2419,      -112.184,      -59.8477,      -28.7214,"ASSEMBLY_LAGERSITZ_NEU-1_SET-GEHAEUSE","ALUMINIUM",NA,            0.,            0.,            0.,            0.,   1.69298E-15,  -738.126E-18,       NoValue
D:/MoVerHu_Projekt/FE_Modell/FE-Abaqus-Model/Job-19.odb,Step-163,Increment      6: Step Time =    1.000,"LAGERSITZ_NEU-1",         12783,             6,          2420,      -112.184,      -59.5585,      -32.0013,"ASSEMBLY_LAGERSITZ_NEU-1_SET-GEHAEUSE","ALUMINIUM",NA,            0.,            0.,            0.,            0.,   2.99375E-15,   778.198E-18,       NoValue
D:/MoVerHu_Projekt/FE_Modell/FE-Abaqus-Model/Job-19.odb,Step-163,Increment      6: Step Time =    1.000,"LAGERSITZ_NEU-1",          4287,             4,          2420,      -112.184,      -59.5585,      -32.0013,"ASSEMBLY_LAGERSITZ_NEU-1_SET-GEHAEUSE","ALUMINIUM",NA,            0.,            0.,            0.,            0.,   2.99375E-15,   778.198E-18,       NoValue
D:/MoVerHu_Projekt/FE_Modell/FE-Abaqus-Model/Job-19.odb,Step-163,Increment      6: Step Time =    1.000,"LAGERSITZ_NEU-1",         12778,             6,          2420,      -112.184,      -59.5585,      -32.0013,"ASSEMBLY_LAGERSITZ_NEU-1_SET-GEHAEUSE","ALUMINIUM",NA,            0.,            0.,            0.,            0.,   2.99375E-15,   778.198E-18,       NoValue
D:/MoVerHu_Projekt/FE_Modell/FE-Abaqus-Model/Job-19.odb,Step-163,Increment      6: Step Time =    1.000,"LAGERSITZ_NEU-1",          4284,             4,          2420,      -112.184,      -59.5585,      -32.0013,"ASSEMBLY_LAGERSITZ_NEU-1_SET-GEHAEUSE","ALUMINIUM",NA,            0.,            0.,            0.,            0.,   2.99375E-15,   778.198E-18,       NoValue
D:/MoVerHu_Projekt/FE_Modell/FE-Abaqus-Model/Job-19.odb,Step-163,Increment      6: Step Time =    1.000,"LAGERSITZ_NEU-1",         12783,             6,          2421,      -112.184,      -59.0736,      -35.2581,"ASSEMBLY_LAGERSITZ_NEU-1_SET-GEHAEUSE","ALUMINIUM",NA,            0.,            0.,            0.,            0.,  -1.47868E-15,   2.93570E-15,       NoValue
D:/MoVerHu_Projekt/FE_Modell/FE-Abaqus-Model/Job-19.odb,Step-163,Increment      6: Step Time =    1.000,"LAGERSITZ_NEU-1",          4290,             4,          2421,      -112.184,      -59.0736,      -35.2581,"ASSEMBLY_LAGERSITZ_NEU-1_SET-GEHAEUSE","ALUMINIUM",NA,            0.,            0.,            0.,            0.,  -1.47868E-15,   2.93570E-15,       NoValue
D:/MoVerHu_Projekt/FE_Modell/FE-Abaqus-Model/Job-19.odb,Step-163,Increment      6: Step Time =    1.000,"LAGERSITZ_NEU-1",          4287,             4,          2421,      -112.184,      -59.0736,      -35.2581,"ASSEMBLY_LAGERSITZ_NEU-1_SET-GEHAEUSE","ALUMINIUM",NA,            0.,            0.,            0.,            0.,  -1.47868E-15,   2.93570E-15,       NoValue
D:/MoVerHu_Projekt/FE_Modell/FE-Abaqus-Model/Job-19.odb,Step-163,Increment      6: Step Time =    1.000,"LAGERSITZ_NEU-1",         12788,             6,          2421,      -112.184,      -59.0736,      -35.2581,"ASSEMBLY_LAGERSITZ_NEU-1_SET-GEHAEUSE","ALUMINIUM",NA,            0.,            0.,            0.,            0.,  -1.47868E-15,   2.93570E-15,       NoValue
D:/MoVerHu_Projekt/FE_Modell/FE-Abaqus-Model/Job-19.odb,Step-163,Increment      6: Step Time =    1.000,"LAGERSITZ_NEU-1",          4292,             4,          2422,      -118.984,      -58.3947,      -38.4800,"ASSEMBLY_LAGERSITZ_NEU-1_SET-GEHAEUSE","ALUMINIUM",NA,            0.,            0.,            0.,            0.,  -1.22417E-15,  -839.068E-18,       NoValue
D:/MoVerHu_Projekt/FE_Modell/FE-Abaqus-Model/Job-19.odb,Step-163,Increment      6: Step Time =    1.000,"LAGERSITZ_NEU-1",          4291,             4,          2422,      -118.984,      -58.3947,      -38.4800,"ASSEMBLY_LAGERSITZ_NEU-1_SET-GEHAEUSE","ALUMINIUM",NA,            0.,            0.,            0.,            0.,  -1.22417E-15,  -839.068E-18,       NoValue
D:/MoVerHu_Projekt/FE_Modell/FE-Abaqus-Model/Job-19.odb,Step-163,Increment      6: Step Time =    1.000,"LAGERSITZ_NEU-1",          4289,             4,          2422,      -118.984,      -58.3947,      -38.4800,"ASSEMBLY_LAGERSITZ_NEU-1_SET-GEHAEUSE","ALUMINIUM",NA,            0.,            0.,            0.,            0.,  -1.22417E-15,  -839.068E-18,       NoValue
D:/MoVerHu_Projekt/FE_Modell/FE-Abaqus-Model/Job-19.odb,Step-163,Increment      6: Step Time =    1.000,"LAGERSITZ_NEU-1",          4288,             4,          2422,      -118.984,      -58.3947,      -38.4800,"ASSEMBLY_LAGERSITZ_NEU-1_SET-GEHAEUSE","ALUMINIUM",NA,            0.,            0.,            0.,            0.,  -1.22417E-15,  -839.068E-18,       NoValue
D:/MoVerHu_Projekt/FE_Modell/FE-Abaqus-Model/Job-19.odb,Step-163,Increment      6: Step Time =    1.000,"LAGERSITZ_NEU-1",          4289,             4,          2423,      -115.584,      -58.3947,      -38.4800,"ASSEMBLY_LAGERSITZ_NEU-1_SET-GEHAEUSE","ALUMINIUM",NA,            0.,            0.,            0.,            0.,  -1.18595E-15,  -486.286E-18,       NoValue
D:/MoVerHu_Projekt/FE_Modell/FE-Abaqus-Model/Job-19.odb,Step-163,Increment      6: Step Time =    1.000,"LAGERSITZ_NEU-1",          4290,             4,          2423,      -115.584,      -58.3947,      -38.4800,"ASSEMBLY_LAGERSITZ_NEU-1_SET-GEHAEUSE","ALUMINIUM",NA,            0.,            0.,            0.,            0.,  -1.18595E-15,  -486.286E-18,       NoValue
D:/MoVerHu_Projekt/FE_Modell/FE-Abaqus-Model/Job-19.odb,Step-163,Increment      6: Step Time =    1.000,"LAGERSITZ_NEU-1",          4292,             4,          2423,      -115.584,      -58.3947,      -38.4800,"ASSEMBLY_LAGERSITZ_NEU-1_SET-GEHAEUSE","ALUMINIUM",NA,            0.,            0.,            0.,            0.,  -1.18595E-15,  -486.286E-18,       NoValue
D:/MoVerHu_Projekt/FE_Modell/FE-Abaqus-Model/Job-19.odb,Step-163,Increment      6: Step Time =    1.000,"LAGERSITZ_NEU-1",          4293,             4,          2423,      -115.584,      -58.3947,      -38.4800,"ASSEMBLY_LAGERSITZ_NEU-1_SET-GEHAEUSE","ALUMINIUM",NA,            0.,            0.,            0.,            0.,  -1.18595E-15,  -486.286E-18,       NoValue
D:/MoVerHu_Projekt/FE_Modell/FE-Abaqus-Model/Job-19.odb,Step-163,Increment      6: Step Time =    1.000,"LAGERSITZ_NEU-1",          4296,             4,          2426,      -112.184,      -57.7048,      -41.0541,"ASSEMBLY_LAGERSITZ_NEU-1_SET-GEHAEUSE","ALUMINIUM",NA,            0.,            0.,            0.,            0.,   696.828E-18,   230.727E-18,       NoValue
D:/MoVerHu_Projekt/FE_Modell/FE-Abaqus-Model/Job-19.odb,Step-163,Increment      6: Step Time =    1.000,"LAGERSITZ_NEU-1",         12793,             6,          2426,      -112.184,      -57.7048,      -41.0541,"ASSEMBLY_LAGERSITZ_NEU-1_SET-GEHAEUSE","ALUMINIUM",NA,            0.,            0.,            0.,            0.,   696.828E-18,   230.727E-18,       NoValue
D:/MoVerHu_Projekt/FE_Modell/FE-Abaqus-Model/Job-19.odb,Step-163,Increment      6: Step Time =    1.000,"LAGERSITZ_NEU-1",         12798,             6,          2426,      -112.184,      -57.7048,      -41.0541,"ASSEMBLY_LAGERSITZ_NEU-1_SET-GEHAEUSE","ALUMINIUM",NA,            0.,            0.,            0.,            0.,   696.828E-18,   230.727E-18,       NoValue
D:/MoVerHu_Projekt/FE_Modell/FE-Abaqus-Model/Job-19.odb,Step-163,Increment      6: Step Time =    1.000,"LAGERSITZ_NEU-1",          4293,             4,          2426,      -112.184,      -57.7048,      -41.0541,"ASSEMBLY_LAGERSITZ_NEU-1_SET-GEHAEUSE","ALUMINIUM",NA,            0.,            0.,            0.,            0.,   696.828E-18,   230.727E-18,       NoValue
D:/MoVerHu_Projekt/FE_Modell/FE-Abaqus-Model/Job-19.odb,Step-163,Increment      6: Step Time =    1.000,"LAGERSITZ_NEU-1",          4296,             4,          2427,      -112.184,      -56.8911,      -43.5919,"ASSEMBLY_LAGERSITZ_NEU-1_SET-GEHAEUSE","ALUMINIUM",NA,            0.,            0.,            0.,            0.,   514.031E-18,  -1.16428E-15,       NoValue
D:/MoVerHu_Projekt/FE_Modell/FE-Abaqus-Model/Job-19.odb,Step-163,Increment      6: Step Time =    1.000,"LAGERSITZ_NEU-1",         12798,             6,          2427,      -112.184,      -56.8911,      -43.5919,"ASSEMBLY_LAGERSITZ_NEU-1_SET-GEHAEUSE","ALUMINIUM",NA,            0.,            0.,            0.,            0.,   514.031E-18,  -1.16428E-15,       NoValue
D:/MoVerHu_Projekt/FE_Modell/FE-Abaqus-Model/Job-19.odb,Step-163,Increment      6: Step Time =    1.000,"LAGERSITZ_NEU-1",         12803,             6,          2427,      -112.184,      -56.8911,      -43.5919,"ASSEMBLY_LAGERSITZ_NEU-1_SET-GEHAEUSE","ALUMINIUM",NA,            0.,            0.,            0.,            0.,   514.031E-18,  -1.16428E-15,       NoValue
D:/MoVerHu_Projekt/FE_Modell/FE-Abaqus-Model/Job-19.odb,Step-163,Increment      6: Step Time =    1.000,"LAGERSITZ_NEU-1",          4299,             4,          2427,      -112.184,      -56.8911,      -43.5919,"ASSEMBLY_LAGERSITZ_NEU-1_SET-GEHAEUSE","ALUMINIUM",NA,            0.,            0.,            0.,            0.,   514.031E-18,  -1.16428E-15,       NoValue
D:/MoVerHu_Projekt/FE_Modell/FE-Abaqus-Model/Job-19.odb,Step-163,Increment      6: Step Time =    1.000,"LAGERSITZ_NEU-1",          4302,             4,          2428,      -112.184,      -55.9554,      -46.0872,"ASSEMBLY_LAGERSITZ_NEU-1_SET-GEHAEUSE","ALUMINIUM",NA,            0.,            0.,            0.,            0.,   939.194E-18,   2.59759E-15,       NoValue
D:/MoVerHu_Projekt/FE_Modell/FE-Abaqus-Model/Job-19.odb,Step-163,Increment      6: Step Time =    1.000,"LAGERSITZ_NEU-1",         12803,             6,          2428,      -112.184,      -55.9554,      -46.0872,"ASSEMBLY_LAGERSITZ_NEU-1_SET-GEHAEUSE","ALUMINIUM",NA,            0.,            0.,            0.,            0.,   939.194E-18,   2.59759E-15,       NoValue
D:/MoVerHu_Projekt/FE_Modell/FE-Abaqus-Model/Job-19.odb,Step-163,Increment      6: Step Time =    1.000,"LAGERSITZ_NEU-1",          4299,             4,          2428,      -112.184,      -55.9554,      -46.0872,"ASSEMBLY_LAGERSITZ_NEU-1_SET-GEHAEUSE","ALUMINIUM",NA,            0.,            0.,            0.,            0.,   939.194E-18,   2.59759E-15,       NoValue
D:/MoVerHu_Projekt/FE_Modell/FE-Abaqus-Model/Job-19.odb,Step-163,Increment      6: Step Time =    1.000,"LAGERSITZ_NEU-1",         12808,             6,          2428,      -112.184,      -55.9554,      -46.0872,"ASSEMBLY_LAGERSITZ_NEU-1_SET-GEHAEUSE","ALUMINIUM",NA,            0.,            0.,            0.,            0.,   939.194E-18,   2.59759E-15,       NoValue
D:/MoVerHu_Projekt/FE_Modell/FE-Abaqus-Model/Job-19.odb,Step-163,Increment      6: Step Time =    1.000,"LAGERSITZ_NEU-1",          4302,             4,          2429,      -112.184,      -54.8998,      -48.5342,"ASSEMBLY_LAGERSITZ_NEU-1_SET-GEHAEUSE","ALUMINIUM",NA,            0.,            0.,            0.,            0.,   384.623E-18,   93.2936E-18,       NoValue
D:/MoVerHu_Projekt/FE_Modell/FE-Abaqus-Model/Job-19.odb,Step-163,Increment      6: Step Time =    1.000,"LAGERSITZ_NEU-1",          4305,             4,          2429,      -112.184,      -54.8998,      -48.5342,"ASSEMBLY_LAGERSITZ_NEU-1_SET-GEHAEUSE","ALUMINIUM",NA,            0.,            0.,            0.,            0.,   384.623E-18,   93.2936E-18,       NoValue
D:/MoVerHu_Projekt/FE_Modell/FE-Abaqus-Model/Job-19.odb,Step-163,Increment      6: Step Time =    1.000,"LAGERSITZ_NEU-1",         12808,             6,          2429,      -112.184,      -54.8998,      -48.5342,"ASSEMBLY_LAGERSITZ_NEU-1_SET-GEHAEUSE","ALUMINIUM",NA,            0.,            0.,            0.,            0.,   384.623E-18,   93.2936E-18,       NoValue
D:/MoVerHu_Projekt/FE_Modell/FE-Abaqus-Model/Job-19.odb,Step-163,Increment      6: Step Time =    1.000,"LAGERSITZ_NEU-1",         12813,             6,          2429,      -112.184,      -54.8998,      -48.5342,"ASSEMBLY_LAGERSITZ_NEU-1_SET-GEHAEUSE","ALUMINIUM",NA,            0.,            0.,            0.,            0.,   384.623E-18,   93.2936E-18,       NoValue
D:/MoVerHu_Projekt/FE_Modell/FE-Abaqus-Model/Job-19.odb,Step-163,Increment      6: Step Time =    1.000,"LAGERSITZ_NEU-1",          4308,             4,          2430,      -112.184,      -53.7271,      -50.9273,"ASSEMBLY_LAGERSITZ_NEU-1_SET-GEHAEUSE","ALUMINIUM",NA,            0.,            0.,            0.,            0.,   479.161E-18,   1.21789E-15,       NoValue
D:/MoVerHu_Projekt/FE_Modell/FE-Abaqus-Model/Job-19.odb,Step-163,Increment      6: Step Time =    1.000,"LAGERSITZ_NEU-1",          4305,             4,          2430,      -112.184,      -53.7271,      -50.9273,"ASSEMBLY_LAGERSITZ_NEU-1_SET-GEHAEUSE","ALUMINIUM",NA,            0.,            0.,            0.,            0.,   479.161E-18,   1.21789E-15,       NoValue
D:/MoVerHu_Projekt/FE_Modell/FE-Abaqus-Model/Job-19.odb,Step-163,Increment      6: Step Time =    1.000,"LAGERSITZ_NEU-1",         12813,             6,          2430,      -112.184,      -53.7271,      -50.9273,"ASSEMBLY_LAGERSITZ_NEU-1_SET-GEHAEUSE","ALUMINIUM",NA,            0.,            0.,            0.,            0.,   479.161E-18,   1.21789E-15,       NoValue
D:/MoVerHu_Projekt/FE_Modell/FE-Abaqus-Model/Job-19.odb,Step-163,Increment      6: Step Time =    1.000,"LAGERSITZ_NEU-1",         12818,             6,          2430,      -112.184,      -53.7271,      -50.9273,"ASSEMBLY_LAGERSITZ_NEU-1_SET-GEHAEUSE","ALUMINIUM",NA,            0.,            0.,            0.,            0.,   479.161E-18,   1.21789E-15,       NoValue
D:/MoVerHu_Projekt/FE_Modell/FE-Abaqus-Model/Job-19.odb,Step-163,Increment      6: Step Time =    1.000,"LAGERSITZ_NEU-1",         12823,             6,          2431,      -112.184,      -52.4397,      -53.2607,"ASSEMBLY_LAGERSITZ_NEU-1_SET-GEHAEUSE","ALUMINIUM",NA,            0.,            0.,            0.,            0.,   648.514E-18,   1.99917E-15,       NoValue
D:/MoVerHu_Projekt/FE_Modell/FE-Abaqus-Model/Job-19.odb,Step-163,Increment      6: Step Time =    1.000,"LAGERSITZ_NEU-1",          4311,             4,          2431,      -112.184,      -52.4397,      -53.2607,"ASSEMBLY_LAGERSITZ_NEU-1_SET-GEHAEUSE","ALUMINIUM",NA,            0.,            0.,            0.,            0.,   648.514E-18,   1.99917E-15,       NoValue
D:/MoVerHu_Projekt/FE_Modell/FE-Abaqus-Model/Job-19.odb,Step-163,Increment      6: Step Time =    1.000,"LAGERSITZ_NEU-1",          4308,             4,          2431,      -112.184,      -52.4397,      -53.2607,"ASSEMBLY_LAGERSITZ_NEU-1_SET-GEHAEUSE","ALUMINIUM",NA,            0.,            0.,            0.,            0.,   648.514E-18,   1.99917E-15,       NoValue
D:/MoVerHu_Projekt/FE_Modell/FE-Abaqus-Model/Job-19.odb,Step-163,Increment      6: Step Time =    1.000,"LAGERSITZ_NEU-1",         12818,             6,          2431,      -112.184,      -52.4397,      -53.2607,"ASSEMBLY_LAGERSITZ_NEU-1_SET-GEHAEUSE","ALUMINIUM",NA,            0.,            0.,            0.,            0.,   648.514E-18,   1.99917E-15,       NoValue
D:/MoVerHu_Projekt/FE_Modell/FE-Abaqus-Model/Job-19.odb,Step-163,Increment      6: Step Time =    1.000,"LAGERSITZ_NEU-1",         12828,             6,          2432,      -112.184,      -51.0408,      -55.5291,"ASSEMBLY_LAGERSITZ_NEU-1_SET-GEHAEUSE","ALUMINIUM",NA,            0.,            0.,            0.,            0.,  -431.864E-18,  -28.1493E-18,       NoValue
D:/MoVerHu_Projekt/FE_Modell/FE-Abaqus-Model/Job-19.odb,Step-163,Increment      6: Step Time =    1.000,"LAGERSITZ_NEU-1",         12823,             6,          2432,      -112.184,      -51.0408,      -55.5291,"ASSEMBLY_LAGERSITZ_NEU-1_SET-GEHAEUSE","ALUMINIUM",NA,            0.,            0.,            0.,            0.,  -431.864E-18,  -28.1493E-18,       NoValue
D:/MoVerHu_Projekt/FE_Modell/FE-Abaqus-Model/Job-19.odb,Step-163,Increment      6: Step Time =    1.000,"LAGERSITZ_NEU-1",          4311,             4,          2432,      -112.184,      -51.0408,      -55.5291,"ASSEMBLY_LAGERSITZ_NEU-1_SET-GEHAEUSE","ALUMINIUM",NA,            0.,            0.,            0.,            0.,  -431.864E-18,  -28.1493E-18,       NoValue
D:/MoVerHu_Projekt/FE_Modell/FE-Abaqus-Model/Job-19.odb,Step-163,Increment      6: Step Time =    1.000,"LAGERSITZ_NEU-1",          4314,             4,          2432,      -112.184,      -51.0408,      -55.5291,"ASSEMBLY_LAGERSITZ_NEU-1_SET-GEHAEUSE","ALUMINIUM",NA,            0.,            0.,            0.,            0.,  -431.864E-18,  -28.1493E-18,       NoValue
D:/MoVerHu_Projekt/FE_Modell/FE-Abaqus-Model/Job-19.odb,Step-163,Increment      6: Step Time =    1.000,"LAGERSITZ_NEU-1",          4317,             4,          2433,      -112.184,      -49.5337,      -57.7270,"ASSEMBLY_LAGERSITZ_NEU-1_SET-GEHAEUSE","ALUMINIUM",NA,            0.,            0.,            0.,            0.,   736.910E-18,  -5.24053E-15,       NoValue
D:/MoVerHu_Projekt/FE_Modell/FE-Abaqus-Model/Job-19.odb,Step-163,Increment      6: Step Time =    1.000,"LAGERSITZ_NEU-1",         12828,             6,          2433,      -112.184,      -49.5337,      -57.7270,"ASSEMBLY_LAGERSITZ_NEU-1_SET-GEHAEUSE","ALUMINIUM",NA,            0.,            0.,            0.,            0.,   736.910E-18,  -5.24053E-15,       NoValue
D:/MoVerHu_Projekt/FE_Modell/FE-Abaqus-Model/Job-19.odb,Step-163,Increment      6: Step Time =    1.000,"LAGERSITZ_NEU-1",         12833,             6,          2433,      -112.184,      -49.5337,      -57.7270,"ASSEMBLY_LAGERSITZ_NEU-1_SET-GEHAEUSE","ALUMINIUM",NA,            0.,            0.,            0.,            0.,   736.910E-18,  -5.24053E-15,       NoValue
D:/MoVerHu_Projekt/FE_Modell/FE-Abaqus-Model/Job-19.odb,Step-163,Increment      6: Step Time =    1.000,"LAGERSITZ_NEU-1",          4314,             4,          2433,      -112.184,      -49.5337,      -57.7270,"ASSEMBLY_LAGERSITZ_NEU-1_SET-GEHAEUSE","ALUMINIUM",NA,            0.,            0.,            0.,            0.,   736.910E-18,  -5.24053E-15,       NoValue
D:/MoVerHu_Projekt/FE_Modell/FE-Abaqus-Model/Job-19.odb,Step-163,Increment      6: Step Time =    1.000,"LAGERSITZ_NEU-1",          4317,             4,          2434,      -112.184,      -47.9219,      -59.8493,"ASSEMBLY_LAGERSITZ_NEU-1_SET-GEHAEUSE","ALUMINIUM",NA,            0.,            0.,            0.,            0.,   2.37086E-15,  -262.616E-18,       NoValue
D:/MoVerHu_Projekt/FE_Modell/FE-Abaqus-Model/Job-19.odb,Step-163,Increment      6: Step Time =    1.000,"LAGERSITZ_NEU-1",          4320,             4,          2434,      -112.184,      -47.9219,      -59.8493,"ASSEMBLY_LAGERSITZ_NEU-1_SET-GEHAEUSE","ALUMINIUM",NA,            0.,            0.,            0.,            0.,   2.37086E-15,  -262.616E-18,       NoValue
D:/MoVerHu_Projekt/FE_Modell/FE-Abaqus-Model/Job-19.odb,Step-163,Increment      6: Step Time =    1.000,"LAGERSITZ_NEU-1",         12833,             6,          2434,      -112.184,      -47.9219,      -59.8493,"ASSEMBLY_LAGERSITZ_NEU-1_SET-GEHAEUSE","ALUMINIUM",NA,            0.,            0.,            0.,            0.,   2.37086E-15,  -262.616E-18,       NoValue
D:/MoVerHu_Projekt/FE_Modell/FE-Abaqus-Model/Job-19.odb,Step-163,Increment      6: Step Time =    1.000,"LAGERSITZ_NEU-1",         12838,             6,          2434,      -112.184,      -47.9219,      -59.8493,"ASSEMBLY_LAGERSITZ_NEU-1_SET-GEHAEUSE","ALUMINIUM",NA,            0.,            0.,            0.,            0.,   2.37086E-15,  -262.616E-18,       NoValue
D:/MoVerHu_Projekt/FE_Modell/FE-Abaqus-Model/Job-19.odb,Step-163,Increment      6: Step Time =    1.000,"LAGERSITZ_NEU-1",          4320,             4,          2435,      -112.184,      -46.2092,      -61.8911,"ASSEMBLY_LAGERSITZ_NEU-1_SET-GEHAEUSE","ALUMINIUM",NA,            0.,            0.,            0.,            0.,  -1.21330E-15,   2.53443E-15,       NoValue
D:/MoVerHu_Projekt/FE_Modell/FE-Abaqus-Model/Job-19.odb,Step-163,Increment      6: Step Time =    1.000,"LAGERSITZ_NEU-1",         12843,             6,          2435,      -112.184,      -46.2092,      -61.8911,"ASSEMBLY_LAGERSITZ_NEU-1_SET-GEHAEUSE","ALUMINIUM",NA,            0.,            0.,            0.,            0.,  -1.21330E-15,   2.53443E-15,       NoValue
D:/MoVerHu_Projekt/FE_Modell/FE-Abaqus-Model/Job-19.odb,Step-163,Increment      6: Step Time =    1.000,"LAGERSITZ_NEU-1",          4323,             4,          2435,      -112.184,      -46.2092,      -61.8911,"ASSEMBLY_LAGERSITZ_NEU-1_SET-GEHAEUSE","ALUMINIUM",NA,            0.,            0.,            0.,            0.,  -1.21330E-15,   2.53443E-15,       NoValue
D:/MoVerHu_Projekt/FE_Modell/FE-Abaqus-Model/Job-19.odb,Step-163,Increment      6: Step Time =    1.000,"LAGERSITZ_NEU-1",         12838,             6,          2435,      -112.184,      -46.2092,      -61.8911,"ASSEMBLY_LAGERSITZ_NEU-1_SET-GEHAEUSE","ALUMINIUM",NA,            0.,            0.,            0.,            0.,  -1.21330E-15,   2.53443E-15,       NoValue
D:/MoVerHu_Projekt/FE_Modell/FE-Abaqus-Model/Job-19.odb,Step-163,Increment      6: Step Time =    1.000,"LAGERSITZ_NEU-1",         12848,             6,          2436,      -112.184,      -44.3996,      -63.8475,"ASSEMBLY_LAGERSITZ_NEU-1_SET-GEHAEUSE","ALUMINIUM",NA,            0.,            0.,            0.,            0.,  -3.24573E-15,   616.961E-18,       NoValue
D:/MoVerHu_Projekt/FE_Modell/FE-Abaqus-Model/Job-19.odb,Step-163,Increment      6: Step Time =    1.000,"LAGERSITZ_NEU-1",          4326,             4,          2436,      -112.184,      -44.3996,      -63.8475,"ASSEMBLY_LAGERSITZ_NEU-1_SET-GEHAEUSE","ALUMINIUM",NA,            0.,            0.,            0.,            0.,  -3.24573E-15,   616.961E-18,       NoValue
D:/MoVerHu_Projekt/FE_Modell/FE-Abaqus-Model/Job-19.odb,Step-163,Increment      6: Step Time =    1.000,"LAGERSITZ_NEU-1",         12843,             6,          2436,      -112.184,      -44.3996,      -63.8475,"ASSEMBLY_LAGERSITZ_NEU-1_SET-GEHAEUSE","ALUMINIUM",NA,            0.,            0.,            0.,            0.,  -3.24573E-15,   616.961E-18,       NoValue
D:/MoVerHu_Projekt/FE_Modell/FE-Abaqus-Model/Job-19.odb,Step-163,Increment      6: Step Time =    1.000,"LAGERSITZ_NEU-1",          4323,             4,          2436,      -112.184,      -44.3996,      -63.8475,"ASSEMBLY_LAGERSITZ_NEU-1_SET-GEHAEUSE","ALUMINIUM",NA,            0.,            0.,            0.,            0.,  -3.24573E-15,   616.961E-18,       NoValue
D:/MoVerHu_Projekt/FE_Modell/FE-Abaqus-Model/Job-19.odb,Step-163,Increment      6: Step Time =    1.000,"LAGERSITZ_NEU-1",          4326,             4,          2437,      -112.184,      -42.4974,      -65.7139,"ASSEMBLY_LAGERSITZ_NEU-1_SET-GEHAEUSE","ALUMINIUM",NA,            0.,            0.,            0.,            0.,   2.20952E-15,  -2.11806E-15,       NoValue
D:/MoVerHu_Projekt/FE_Modell/FE-Abaqus-Model/Job-19.odb,Step-163,Increment      6: Step Time =    1.000,"LAGERSITZ_NEU-1",         12853,             6,          2437,      -112.184,      -42.4974,      -65.7139,"ASSEMBLY_LAGERSITZ_NEU-1_SET-GEHAEUSE","ALUMINIUM",NA,            0.,            0.,            0.,            0.,   2.20952E-15,  -2.11806E-15,       NoValue
D:/MoVerHu_Projekt/FE_Modell/FE-Abaqus-Model/Job-19.odb,Step-163,Increment      6: Step Time =    1.000,"LAGERSITZ_NEU-1",          4329,             4,          2437,      -112.184,      -42.4974,      -65.7139,"ASSEMBLY_LAGERSITZ_NEU-1_SET-GEHAEUSE","ALUMINIUM",NA,            0.,            0.,            0.,            0.,   2.20952E-15,  -2.11806E-15,       NoValue
D:/MoVerHu_Projekt/FE_Modell/FE-Abaqus-Model/Job-19.odb,Step-163,Increment      6: Step Time =    1.000,"LAGERSITZ_NEU-1",         12848,             6,          2437,      -112.184,      -42.4974,      -65.7139,"ASSEMBLY_LAGERSITZ_NEU-1_SET-GEHAEUSE","ALUMINIUM",NA,            0.,            0.,            0.,            0.,   2.20952E-15,  -2.11806E-15,       NoValue
D:/MoVerHu_Projekt/FE_Modell/FE-Abaqus-Model/Job-19.odb,Step-163,Increment      6: Step Time =    1.000,"LAGERSITZ_NEU-1",          4332,             4,          2438,      -112.184,      -40.5069,      -67.4860,"ASSEMBLY_LAGERSITZ_NEU-1_SET-GEHAEUSE","ALUMINIUM",NA,            0.,            0.,            0.,            0.,   416.682E-18,  -4.82386E-15,       NoValue
D:/MoVerHu_Projekt/FE_Modell/FE-Abaqus-Model/Job-19.odb,Step-163,Increment      6: Step Time =    1.000,"LAGERSITZ_NEU-1",         12858,             6,          2438,      -112.184,      -40.5069,      -67.4860,"ASSEMBLY_LAGERSITZ_NEU-1_SET-GEHAEUSE","ALUMINIUM",NA,            0.,            0.,            0.,            0.,   416.682E-18,  -4.82386E-15,       NoValue
D:/MoVerHu_Projekt/FE_Modell/FE-Abaqus-Model/Job-19.odb,Step-163,Increment      6: Step Time =    1.000,"LAGERSITZ_NEU-1",          4329,             4,          2438,      -112.184,      -40.5069,      -67.4860,"ASSEMBLY_LAGERSITZ_NEU-1_SET-GEHAEUSE","ALUMINIUM",NA,            0.,            0.,            0.,            0.,   416.682E-18,  -4.82386E-15,       NoValue
D:/MoVerHu_Projekt/FE_Modell/FE-Abaqus-Model/Job-19.odb,Step-163,Increment      6: Step Time =    1.000,"LAGERSITZ_NEU-1",         12853,             6,          2438,      -112.184,      -40.5069,      -67.4860,"ASSEMBLY_LAGERSITZ_NEU-1_SET-GEHAEUSE","ALUMINIUM",NA,            0.,            0.,            0.,            0.,   416.682E-18,  -4.82386E-15,       NoValue
D:/MoVerHu_Projekt/FE_Modell/FE-Abaqus-Model/Job-19.odb,Step-163,Increment      6: Step Time =    1.000,"LAGERSITZ_NEU-1",         12863,             6,          2439,      -112.184,      -38.4330,      -69.1597,"ASSEMBLY_LAGERSITZ_NEU-1_SET-GEHAEUSE","ALUMINIUM",NA,            0.,            0.,            0.,            0.,  -1.48531E-15,   3.50335E-15,       NoValue
D:/MoVerHu_Projekt/FE_Modell/FE-Abaqus-Model/Job-19.odb,Step-163,Increment      6: Step Time =    1.000,"LAGERSITZ_NEU-1",          4332,             4,          2439,      -112.184,      -38.4330,      -69.1597,"ASSEMBLY_LAGERSITZ_NEU-1_SET-GEHAEUSE","ALUMINIUM",NA,            0.,            0.,            0.,            0.,  -1.48531E-15,   3.50335E-15,       NoValue
D:/MoVerHu_Projekt/FE_Modell/FE-Abaqus-Model/Job-19.odb,Step-163,Increment      6: Step Time =    1.000,"LAGERSITZ_NEU-1",         12858,             6,          2439,      -112.184,      -38.4330,      -69.1597,"ASSEMBLY_LAGERSITZ_NEU-1_SET-GEHAEUSE","ALUMINIUM",NA,            0.,            0.,            0.,            0.,  -1.48531E-15,   3.50335E-15,       NoValue
D:/MoVerHu_Projekt/FE_Modell/FE-Abaqus-Model/Job-19.odb,Step-163,Increment      6: Step Time =    1.000,"LAGERSITZ_NEU-1",          4335,             4,          2439,      -112.184,      -38.4330,      -69.1597,"ASSEMBLY_LAGERSITZ_NEU-1_SET-GEHAEUSE","ALUMINIUM",NA,            0.,            0.,            0.,            0.,  -1.48531E-15,   3.50335E-15,       NoValue
D:/MoVerHu_Projekt/FE_Modell/FE-Abaqus-Model/Job-19.odb,Step-163,Increment      6: Step Time =    1.000,"LAGERSITZ_NEU-1",          4334,             4,          2456,      -115.584,      -36.2804,      -70.7309,"ASSEMBLY_LAGERSITZ_NEU-1_SET-GEHAEUSE","ALUMINIUM",NA,            0.,            0.,            0.,            0.,  -3.56896E-15,   3.69995E-15,       NoValue
D:/MoVerHu_Projekt/FE_Modell/FE-Abaqus-Model/Job-19.odb,Step-163,Increment      6: Step Time =    1.000,"LAGERSITZ_NEU-1",          4337,             4,          2456,      -115.584,      -36.2804,      -70.7309,"ASSEMBLY_LAGERSITZ_NEU-1_SET-GEHAEUSE","ALUMINIUM",NA,            0.,            0.,            0.,            0.,  -3.56896E-15,   3.69995E-15,       NoValue
D:/MoVerHu_Projekt/FE_Modell/FE-Abaqus-Model/Job-19.odb,Step-163,Increment      6: Step Time =    1.000,"LAGERSITZ_NEU-1",          4335,             4,          2456,      -115.584,      -36.2804,      -70.7309,"ASSEMBLY_LAGERSITZ_NEU-1_SET-GEHAEUSE","ALUMINIUM",NA,            0.,            0.,            0.,            0.,  -3.56896E-15,   3.69995E-15,       NoValue
D:/MoVerHu_Projekt/FE_Modell/FE-Abaqus-Model/Job-19.odb,Step-163,Increment      6: Step Time =    1.000,"LAGERSITZ_NEU-1",          4338,             4,          2456,      -115.584,      -36.2804,      -70.7309,"ASSEMBLY_LAGERSITZ_NEU-1_SET-GEHAEUSE","ALUMINIUM",NA,            0.,            0.,            0.,            0.,  -3.56896E-15,   3.69995E-15,       NoValue
D:/MoVerHu_Projekt/FE_Modell/FE-Abaqus-Model/Job-19.odb,Step-163,Increment      6: Step Time =    1.000,"LAGERSITZ_NEU-1",          4333,             4,          2457,      -118.984,      -36.2804,      -70.7309,"ASSEMBLY_LAGERSITZ_NEU-1_SET-GEHAEUSE","ALUMINIUM",NA,            0.,            0.,            0.,            0.,   961.708E-18,   5.25080E-15,       NoValue
D:/MoVerHu_Projekt/FE_Modell/FE-Abaqus-Model/Job-19.odb,Step-163,Increment      6: Step Time =    1.000,"LAGERSITZ_NEU-1",          4337,             4,          2457,      -118.984,      -36.2804,      -70.7309,"ASSEMBLY_LAGERSITZ_NEU-1_SET-GEHAEUSE","ALUMINIUM",NA,            0.,            0.,            0.,            0.,   961.708E-18,   5.25080E-15,       NoValue
D:/MoVerHu_Projekt/FE_Modell/FE-Abaqus-Model/Job-19.odb,Step-163,Increment      6: Step Time =    1.000,"LAGERSITZ_NEU-1",          4336,             4,          2457,      -118.984,      -36.2804,      -70.7309,"ASSEMBLY_LAGERSITZ_NEU-1_SET-GEHAEUSE","ALUMINIUM",NA,            0.,            0.,            0.,            0.,   961.708E-18,   5.25080E-15,       NoValue
D:/MoVerHu_Projekt/FE_Modell/FE-Abaqus-Model/Job-19.odb,Step-163,Increment      6: Step Time =    1.000,"LAGERSITZ_NEU-1",          4334,             4,          2457,      -118.984,      -36.2804,      -70.7309,"ASSEMBLY_LAGERSITZ_NEU-1_SET-GEHAEUSE","ALUMINIUM",NA,            0.,            0.,            0.,            0.,   961.708E-18,   5.25080E-15,       NoValue
D:/MoVerHu_Projekt/FE_Modell/FE-Abaqus-Model/Job-19.odb,Step-163,Increment      6: Step Time =    1.000,"LAGERSITZ_NEU-1",          4338,             4,          2469,      -112.184,      -33.9652,      -72.2514,"ASSEMBLY_LAGERSITZ_NEU-1_SET-GEHAEUSE","ALUMINIUM",NA,            0.,            0.,            0.,            0.,  -2.41922E-15,   1.79314E-15,       NoValue
D:/MoVerHu_Projekt/FE_Modell/FE-Abaqus-Model/Job-19.odb,Step-163,Increment      6: Step Time =    1.000,"LAGERSITZ_NEU-1",         12868,             6,          2469,      -112.184,      -33.9652,      -72.2514,"ASSEMBLY_LAGERSITZ_NEU-1_SET-GEHAEUSE","ALUMINIUM",NA,            0.,            0.,            0.,            0.,  -2.41922E-15,   1.79314E-15,       NoValue
D:/MoVerHu_Projekt/FE_Modell/FE-Abaqus-Model/Job-19.odb,Step-163,Increment      6: Step Time =    1.000,"LAGERSITZ_NEU-1",         12873,             6,          2469,      -112.184,      -33.9652,      -72.2514,"ASSEMBLY_LAGERSITZ_NEU-1_SET-GEHAEUSE","ALUMINIUM",NA,            0.,            0.,            0.,            0.,  -2.41922E-15,   1.79314E-15,       NoValue
D:/MoVerHu_Projekt/FE_Modell/FE-Abaqus-Model/Job-19.odb,Step-163,Increment      6: Step Time =    1.000,"LAGERSITZ_NEU-1",          4341,             4,          2469,      -112.184,      -33.9652,      -72.2514,"ASSEMBLY_LAGERSITZ_NEU-1_SET-GEHAEUSE","ALUMINIUM",NA,            0.,            0.,            0.,            0.,  -2.41922E-15,   1.79314E-15,       NoValue
D:/MoVerHu_Projekt/FE_Modell/FE-Abaqus-Model/Job-19.odb,Step-163,Increment      6: Step Time =    1.000,"LAGERSITZ_NEU-1",          4344,             4,          2470,      -112.184,      -31.5763,      -73.6534,"ASSEMBLY_LAGERSITZ_NEU-1_SET-GEHAEUSE","ALUMINIUM",NA,            0.,            0.,            0.,            0.,  -296.906E-18,  -3.47454E-15,       NoValue
D:/MoVerHu_Projekt/FE_Modell/FE-Abaqus-Model/Job-19.odb,Step-163,Increment      6: Step Time =    1.000,"LAGERSITZ_NEU-1",         12873,             6,          2470,      -112.184,      -31.5763,      -73.6534,"ASSEMBLY_LAGERSITZ_NEU-1_SET-GEHAEUSE","ALUMINIUM",NA,            0.,            0.,            0.,            0.,  -296.906E-18,  -3.47454E-15,       NoValue
D:/MoVerHu_Projekt/FE_Modell/FE-Abaqus-Model/Job-19.odb,Step-163,Increment      6: Step Time =    1.000,"LAGERSITZ_NEU-1",          4341,             4,          2470,      -112.184,      -31.5763,      -73.6534,"ASSEMBLY_LAGERSITZ_NEU-1_SET-GEHAEUSE","ALUMINIUM",NA,            0.,            0.,            0.,            0.,  -296.906E-18,  -3.47454E-15,       NoValue
D:/MoVerHu_Projekt/FE_Modell/FE-Abaqus-Model/Job-19.odb,Step-163,Increment      6: Step Time =    1.000,"LAGERSITZ_NEU-1",         12878,             6,          2470,      -112.184,      -31.5763,      -73.6534,"ASSEMBLY_LAGERSITZ_NEU-1_SET-GEHAEUSE","ALUMINIUM",NA,            0.,            0.,            0.,            0.,  -296.906E-18,  -3.47454E-15,       NoValue
D:/MoVerHu_Projekt/FE_Modell/FE-Abaqus-Model/Job-19.odb,Step-163,Increment      6: Step Time =    1.000,"LAGERSITZ_NEU-1",          4347,             4,          2471,      -112.184,      -29.1199,      -74.9334,"ASSEMBLY_LAGERSITZ_NEU-1_SET-GEHAEUSE","ALUMINIUM",NA,            0.,            0.,            0.,            0.,  -853.743E-18,   1.49610E-15,       NoValue
D:/MoVerHu_Projekt/FE_Modell/FE-Abaqus-Model/Job-19.odb,Step-163,Increment      6: Step Time =    1.000,"LAGERSITZ_NEU-1",          4344,             4,          2471,      -112.184,      -29.1199,      -74.9334,"ASSEMBLY_LAGERSITZ_NEU-1_SET-GEHAEUSE","ALUMINIUM",NA,            0.,            0.,            0.,            0.,  -853.743E-18,   1.49610E-15,       NoValue
D:/MoVerHu_Projekt/FE_Modell/FE-Abaqus-Model/Job-19.odb,Step-163,Increment      6: Step Time =    1.000,"LAGERSITZ_NEU-1",         12878,             6,          2471,      -112.184,      -29.1199,      -74.9334,"ASSEMBLY_LAGERSITZ_NEU-1_SET-GEHAEUSE","ALUMINIUM",NA,            0.,            0.,            0.,            0.,  -853.743E-18,   1.49610E-15,       NoValue
D:/MoVerHu_Projekt/FE_Modell/FE-Abaqus-Model/Job-19.odb,Step-163,Increment      6: Step Time =    1.000,"LAGERSITZ_NEU-1",         12883,             6,          2471,      -112.184,      -29.1199,      -74.9334,"ASSEMBLY_LAGERSITZ_NEU-1_SET-GEHAEUSE","ALUMINIUM",NA,            0.,            0.,            0.,            0.,  -853.743E-18,   1.49610E-15,       NoValue
D:/MoVerHu_Projekt/FE_Modell/FE-Abaqus-Model/Job-19.odb,Step-163,Increment      6: Step Time =    1.000,"LAGERSITZ_NEU-1",          4350,             4,          2472,      -112.184,      -26.6022,      -76.0882,"ASSEMBLY_LAGERSITZ_NEU-1_SET-GEHAEUSE","ALUMINIUM",NA,            0.,            0.,            0.,            0.,   840.382E-18,  -1.33565E-15,       NoValue
D:/MoVerHu_Projekt/FE_Modell/FE-Abaqus-Model/Job-19.odb,Step-163,Increment      6: Step Time =    1.000,"LAGERSITZ_NEU-1",         12883,             6,          2472,      -112.184,      -26.6022,      -76.0882,"ASSEMBLY_LAGERSITZ_NEU-1_SET-GEHAEUSE","ALUMINIUM",NA,            0.,            0.,            0.,            0.,   840.382E-18,  -1.33565E-15,       NoValue
D:/MoVerHu_Projekt/FE_Modell/FE-Abaqus-Model/Job-19.odb,Step-163,Increment      6: Step Time =    1.000,"LAGERSITZ_NEU-1",          4347,             4,          2472,      -112.184,      -26.6022,      -76.0882,"ASSEMBLY_LAGERSITZ_NEU-1_SET-GEHAEUSE","ALUMINIUM",NA,            0.,            0.,            0.,            0.,   840.382E-18,  -1.33565E-15,       NoValue
D:/MoVerHu_Projekt/FE_Modell/FE-Abaqus-Model/Job-19.odb,Step-163,Increment      6: Step Time =    1.000,"LAGERSITZ_NEU-1",         12888,             6,          2472,      -112.184,      -26.6022,      -76.0882,"ASSEMBLY_LAGERSITZ_NEU-1_SET-GEHAEUSE","ALUMINIUM",NA,            0.,            0.,            0.,            0.,   840.382E-18,  -1.33565E-15,       NoValue
D:/MoVerHu_Projekt/FE_Modell/FE-Abaqus-Model/Job-19.odb,Step-163,Increment      6: Step Time =    1.000,"LAGERSITZ_NEU-1",          4353,             4,          2473,      -112.184,      -24.0295,      -77.1146,"ASSEMBLY_LAGERSITZ_NEU-1_SET-GEHAEUSE","ALUMINIUM",NA,            0.,            0.,            0.,            0.,  -3.93309E-15,   1.75691E-15,       NoValue
D:/MoVerHu_Projekt/FE_Modell/FE-Abaqus-Model/Job-19.odb,Step-163,Increment      6: Step Time =    1.000,"LAGERSITZ_NEU-1",          4350,             4,          2473,      -112.184,      -24.0295,      -77.1146,"ASSEMBLY_LAGERSITZ_NEU-1_SET-GEHAEUSE","ALUMINIUM",NA,            0.,            0.,            0.,            0.,  -3.93309E-15,   1.75691E-15,       NoValue
D:/MoVerHu_Projekt/FE_Modell/FE-Abaqus-Model/Job-19.odb,Step-163,Increment      6: Step Time =    1.000,"LAGERSITZ_NEU-1",         12893,             6,          2473,      -112.184,      -24.0295,      -77.1146,"ASSEMBLY_LAGERSITZ_NEU-1_SET-GEHAEUSE","ALUMINIUM",NA,            0.,            0.,            0.,            0.,  -3.93309E-15,   1.75691E-15,       NoValue
D:/MoVerHu_Projekt/FE_Modell/FE-Abaqus-Model/Job-19.odb,Step-163,Increment      6: Step Time =    1.000,"LAGERSITZ_NEU-1",         12888,             6,          2473,      -112.184,      -24.0295,      -77.1146,"ASSEMBLY_LAGERSITZ_NEU-1_SET-GEHAEUSE","ALUMINIUM",NA,            0.,            0.,            0.,            0.,  -3.93309E-15,   1.75691E-15,       NoValue
D:/MoVerHu_Projekt/FE_Modell/FE-Abaqus-Model/Job-19.odb,Step-163,Increment      6: Step Time =    1.000,"LAGERSITZ_NEU-1",          4353,             4,          2474,      -112.184,      -21.4084,      -78.0103,"ASSEMBLY_LAGERSITZ_NEU-1_SET-GEHAEUSE","ALUMINIUM",NA,            0.,            0.,            0.,            0.,  -2.29503E-15,   713.421E-18,       NoValue
D:/MoVerHu_Projekt/FE_Modell/FE-Abaqus-Model/Job-19.odb,Step-163,Increment      6: Step Time =    1.000,"LAGERSITZ_NEU-1",         12893,             6,          2474,      -112.184,      -21.4084,      -78.0103,"ASSEMBLY_LAGERSITZ_NEU-1_SET-GEHAEUSE","ALUMINIUM",NA,            0.,            0.,            0.,            0.,  -2.29503E-15,   713.421E-18,       NoValue
D:/MoVerHu_Projekt/FE_Modell/FE-Abaqus-Model/Job-19.odb,Step-163,Increment      6: Step Time =    1.000,"LAGERSITZ_NEU-1",          4356,             4,          2474,      -112.184,      -21.4084,      -78.0103,"ASSEMBLY_LAGERSITZ_NEU-1_SET-GEHAEUSE","ALUMINIUM",NA,            0.,            0.,            0.,            0.,  -2.29503E-15,   713.421E-18,       NoValue
D:/MoVerHu_Projekt/FE_Modell/FE-Abaqus-Model/Job-19.odb,Step-163,Increment      6: Step Time =    1.000,"LAGERSITZ_NEU-1",         12898,             6,          2474,      -112.184,      -21.4084,      -78.0103,"ASSEMBLY_LAGERSITZ_NEU-1_SET-GEHAEUSE","ALUMINIUM",NA,            0.,            0.,            0.,            0.,  -2.29503E-15,   713.421E-18,       NoValue
D:/MoVerHu_Projekt/FE_Modell/FE-Abaqus-Model/Job-19.odb,Step-163,Increment      6: Step Time =    1.000,"LAGERSITZ_NEU-1",          4356,             4,          2475,      -112.184,      -18.7455,      -78.7729,"ASSEMBLY_LAGERSITZ_NEU-1_SET-GEHAEUSE","ALUMINIUM",NA,            0.,            0.,            0.,            0.,   1.04576E-15,   524.883E-18,       NoValue
D:/MoVerHu_Projekt/FE_Modell/FE-Abaqus-Model/Job-19.odb,Step-163,Increment      6: Step Time =    1.000,"LAGERSITZ_NEU-1",          4359,             4,          2475,      -112.184,      -18.7455,      -78.7729,"ASSEMBLY_LAGERSITZ_NEU-1_SET-GEHAEUSE","ALUMINIUM",NA,            0.,            0.,            0.,            0.,   1.04576E-15,   524.883E-18,       NoValue
D:/MoVerHu_Projekt/FE_Modell/FE-Abaqus-Model/Job-19.odb,Step-163,Increment      6: Step Time =    1.000,"LAGERSITZ_NEU-1",         12898,             6,          2475,      -112.184,      -18.7455,      -78.7729,"ASSEMBLY_LAGERSITZ_NEU-1_SET-GEHAEUSE","ALUMINIUM",NA,            0.,            0.,            0.,            0.,   1.04576E-15,   524.883E-18,       NoValue
D:/MoVerHu_Projekt/FE_Modell/FE-Abaqus-Model/Job-19.odb,Step-163,Increment      6: Step Time =    1.000,"LAGERSITZ_NEU-1",         12903,             6,          2475,      -112.184,      -18.7455,      -78.7729,"ASSEMBLY_LAGERSITZ_NEU-1_SET-GEHAEUSE","ALUMINIUM",NA,            0.,            0.,            0.,            0.,   1.04576E-15,   524.883E-18,       NoValue
D:/MoVerHu_Projekt/FE_Modell/FE-Abaqus-Model/Job-19.odb,Step-163,Increment      6: Step Time =    1.000,"LAGERSITZ_NEU-1",         12903,             6,          2476,      -112.184,      -16.0476,      -79.4004,"ASSEMBLY_LAGERSITZ_NEU-1_SET-GEHAEUSE","ALUMINIUM",NA,            0.,            0.,            0.,            0.,   2.42346E-15,   502.730E-18,       NoValue
D:/MoVerHu_Projekt/FE_Modell/FE-Abaqus-Model/Job-19.odb,Step-163,Increment      6: Step Time =    1.000,"LAGERSITZ_NEU-1",          4359,             4,          2476,      -112.184,      -16.0476,      -79.4004,"ASSEMBLY_LAGERSITZ_NEU-1_SET-GEHAEUSE","ALUMINIUM",NA,            0.,            0.,            0.,            0.,   2.42346E-15,   502.730E-18,       NoValue
D:/MoVerHu_Projekt/FE_Modell/FE-Abaqus-Model/Job-19.odb,Step-163,Increment      6: Step Time =    1.000,"LAGERSITZ_NEU-1",         12908,             6,          2476,      -112.184,      -16.0476,      -79.4004,"ASSEMBLY_LAGERSITZ_NEU-1_SET-GEHAEUSE","ALUMINIUM",NA,            0.,            0.,            0.,            0.,   2.42346E-15,   502.730E-18,       NoValue
D:/MoVerHu_Projekt/FE_Modell/FE-Abaqus-Model/Job-19.odb,Step-163,Increment      6: Step Time =    1.000,"LAGERSITZ_NEU-1",          4362,             4,          2476,      -112.184,      -16.0476,      -79.4004,"ASSEMBLY_LAGERSITZ_NEU-1_SET-GEHAEUSE","ALUMINIUM",NA,            0.,            0.,            0.,            0.,   2.42346E-15,   502.730E-18,       NoValue
D:/MoVerHu_Projekt/FE_Modell/FE-Abaqus-Model/Job-19.odb,Step-163,Increment      6: Step Time =    1.000,"LAGERSITZ_NEU-1",         12908,             6,          2477,      -112.184,      -13.3215,      -79.8913,"ASSEMBLY_LAGERSITZ_NEU-1_SET-GEHAEUSE","ALUMINIUM",NA,            0.,            0.,            0.,            0.,  -874.380E-18,   591.217E-18,       NoValue
D:/MoVerHu_Projekt/FE_Modell/FE-Abaqus-Model/Job-19.odb,Step-163,Increment      6: Step Time =    1.000,"LAGERSITZ_NEU-1",         12913,             6,          2477,      -112.184,      -13.3215,      -79.8913,"ASSEMBLY_LAGERSITZ_NEU-1_SET-GEHAEUSE","ALUMINIUM",NA,            0.,            0.,            0.,            0.,  -874.380E-18,   591.217E-18,       NoValue
D:/MoVerHu_Projekt/FE_Modell/FE-Abaqus-Model/Job-19.odb,Step-163,Increment      6: Step Time =    1.000,"LAGERSITZ_NEU-1",          4365,             4,          2477,      -112.184,      -13.3215,      -79.8913,"ASSEMBLY_LAGERSITZ_NEU-1_SET-GEHAEUSE","ALUMINIUM",NA,            0.,            0.,            0.,            0.,  -874.380E-18,   591.217E-18,       NoValue
D:/MoVerHu_Projekt/FE_Modell/FE-Abaqus-Model/Job-19.odb,Step-163,Increment      6: Step Time =    1.000,"LAGERSITZ_NEU-1",          4362,             4,          2477,      -112.184,      -13.3215,      -79.8913,"ASSEMBLY_LAGERSITZ_NEU-1_SET-GEHAEUSE","ALUMINIUM",NA,            0.,            0.,            0.,            0.,  -874.380E-18,   591.217E-18,       NoValue
D:/MoVerHu_Projekt/FE_Modell/FE-Abaqus-Model/Job-19.odb,Step-163,Increment      6: Step Time =    1.000,"LAGERSITZ_NEU-1",         12913,             6,          2478,      -112.184,      -10.5742,      -80.2443,"ASSEMBLY_LAGERSITZ_NEU-1_SET-GEHAEUSE","ALUMINIUM",NA,            0.,            0.,            0.,            0.,   1.89711E-15,   131.024E-18,       NoValue
D:/MoVerHu_Projekt/FE_Modell/FE-Abaqus-Model/Job-19.odb,Step-163,Increment      6: Step Time =    1.000,"LAGERSITZ_NEU-1",          4365,             4,          2478,      -112.184,      -10.5742,      -80.2443,"ASSEMBLY_LAGERSITZ_NEU-1_SET-GEHAEUSE","ALUMINIUM",NA,            0.,            0.,            0.,            0.,   1.89711E-15,   131.024E-18,       NoValue
D:/MoVerHu_Projekt/FE_Modell/FE-Abaqus-Model/Job-19.odb,Step-163,Increment      6: Step Time =    1.000,"LAGERSITZ_NEU-1",         12918,             6,          2478,      -112.184,      -10.5742,      -80.2443,"ASSEMBLY_LAGERSITZ_NEU-1_SET-GEHAEUSE","ALUMINIUM",NA,            0.,            0.,            0.,            0.,   1.89711E-15,   131.024E-18,       NoValue
D:/MoVerHu_Projekt/FE_Modell/FE-Abaqus-Model/Job-19.odb,Step-163,Increment      6: Step Time =    1.000,"LAGERSITZ_NEU-1",          4368,             4,          2478,      -112.184,      -10.5742,      -80.2443,"ASSEMBLY_LAGERSITZ_NEU-1_SET-GEHAEUSE","ALUMINIUM",NA,            0.,            0.,            0.,            0.,   1.89711E-15,   131.024E-18,       NoValue
D:/MoVerHu_Projekt/FE_Modell/FE-Abaqus-Model/Job-19.odb,Step-163,Increment      6: Step Time =    1.000,"LAGERSITZ_NEU-1",          4368,             4,          2479,      -112.184,      -7.81262,      -80.4586,"ASSEMBLY_LAGERSITZ_NEU-1_SET-GEHAEUSE","ALUMINIUM",NA,            0.,            0.,            0.,            0.,  -415.661E-18,   132.187E-18,       NoValue
D:/MoVerHu_Projekt/FE_Modell/FE-Abaqus-Model/Job-19.odb,Step-163,Increment      6: Step Time =    1.000,"LAGERSITZ_NEU-1",          4371,             4,          2479,      -112.184,      -7.81262,      -80.4586,"ASSEMBLY_LAGERSITZ_NEU-1_SET-GEHAEUSE","ALUMINIUM",NA,            0.,            0.,            0.,            0.,  -415.661E-18,   132.187E-18,       NoValue
D:/MoVerHu_Projekt/FE_Modell/FE-Abaqus-Model/Job-19.odb,Step-163,Increment      6: Step Time =    1.000,"LAGERSITZ_NEU-1",         12918,             6,          2479,      -112.184,      -7.81262,      -80.4586,"ASSEMBLY_LAGERSITZ_NEU-1_SET-GEHAEUSE","ALUMINIUM",NA,            0.,            0.,            0.,            0.,  -415.661E-18,   132.187E-18,       NoValue
D:/MoVerHu_Projekt/FE_Modell/FE-Abaqus-Model/Job-19.odb,Step-163,Increment      6: Step Time =    1.000,"LAGERSITZ_NEU-1",         12923,             6,          2479,      -112.184,      -7.81262,      -80.4586,"ASSEMBLY_LAGERSITZ_NEU-1_SET-GEHAEUSE","ALUMINIUM",NA,            0.,            0.,            0.,            0.,  -415.661E-18,   132.187E-18,       NoValue
D:/MoVerHu_Projekt/FE_Modell/FE-Abaqus-Model/Job-19.odb,Step-163,Increment      6: Step Time =    1.000,"LAGERSITZ_NEU-1",          4370,             4,          2480,      -115.584,      -5.04373,      -80.5336,"ASSEMBLY_LAGERSITZ_NEU-1_SET-GEHAEUSE","ALUMINIUM",NA,            0.,            0.,            0.,            0.,  -608.364E-18,  -22.1047E-18,       NoValue
D:/MoVerHu_Projekt/FE_Modell/FE-Abaqus-Model/Job-19.odb,Step-163,Increment      6: Step Time =    1.000,"LAGERSITZ_NEU-1",          4373,             4,          2480,      -115.584,      -5.04373,      -80.5336,"ASSEMBLY_LAGERSITZ_NEU-1_SET-GEHAEUSE","ALUMINIUM",NA,            0.,            0.,            0.,            0.,  -608.364E-18,  -22.1047E-18,       NoValue
D:/MoVerHu_Projekt/FE_Modell/FE-Abaqus-Model/Job-19.odb,Step-163,Increment      6: Step Time =    1.000,"LAGERSITZ_NEU-1",          4371,             4,          2480,      -115.584,      -5.04373,      -80.5336,"ASSEMBLY_LAGERSITZ_NEU-1_SET-GEHAEUSE","ALUMINIUM",NA,            0.,            0.,            0.,            0.,  -608.364E-18,  -22.1047E-18,       NoValue
D:/MoVerHu_Projekt/FE_Modell/FE-Abaqus-Model/Job-19.odb,Step-163,Increment      6: Step Time =    1.000,"LAGERSITZ_NEU-1",          4374,             4,          2480,      -115.584,      -5.04373,      -80.5336,"ASSEMBLY_LAGERSITZ_NEU-1_SET-GEHAEUSE","ALUMINIUM",NA,            0.,            0.,            0.,            0.,  -608.364E-18,  -22.1047E-18,       NoValue
D:/MoVerHu_Projekt/FE_Modell/FE-Abaqus-Model/Job-19.odb,Step-163,Increment      6: Step Time =    1.000,"LAGERSITZ_NEU-1",          4372,             4,          2481,      -118.984,      -5.04373,      -80.5336,"ASSEMBLY_LAGERSITZ_NEU-1_SET-GEHAEUSE","ALUMINIUM",NA,            0.,            0.,            0.,            0.,  -71.6112E-18,   51.2540E-18,       NoValue
D:/MoVerHu_Projekt/FE_Modell/FE-Abaqus-Model/Job-19.odb,Step-163,Increment      6: Step Time =    1.000,"LAGERSITZ_NEU-1",          4369,             4,          2481,      -118.984,      -5.04373,      -80.5336,"ASSEMBLY_LAGERSITZ_NEU-1_SET-GEHAEUSE","ALUMINIUM",NA,            0.,            0.,            0.,            0.,  -71.6112E-18,   51.2540E-18,       NoValue
D:/MoVerHu_Projekt/FE_Modell/FE-Abaqus-Model/Job-19.odb,Step-163,Increment      6: Step Time =    1.000,"LAGERSITZ_NEU-1",          4370,             4,          2481,      -118.984,      -5.04373,      -80.5336,"ASSEMBLY_LAGERSITZ_NEU-1_SET-GEHAEUSE","ALUMINIUM",NA,            0.,            0.,            0.,            0.,  -71.6112E-18,   51.2540E-18,       NoValue
D:/MoVerHu_Projekt/FE_Modell/FE-Abaqus-Model/Job-19.odb,Step-163,Increment      6: Step Time =    1.000,"LAGERSITZ_NEU-1",          4373,             4,          2481,      -118.984,      -5.04373,      -80.5336,"ASSEMBLY_LAGERSITZ_NEU-1_SET-GEHAEUSE","ALUMINIUM",NA,            0.,            0.,            0.,            0.,  -71.6112E-18,   51.2540E-18,       NoValue
D:/MoVerHu_Projekt/FE_Modell/FE-Abaqus-Model/Job-19.odb,Step-163,Increment      6: Step Time =    1.000,"LAGERSITZ_NEU-1",          4374,             4,          2482,      -112.184,      -2.02306,      -80.4562,"ASSEMBLY_LAGERSITZ_NEU-1_SET-GEHAEUSE","ALUMINIUM",NA,            0.,            0.,            0.,            0.,  -1.05534E-15,   316.741E-18,       NoValue
D:/MoVerHu_Projekt/FE_Modell/FE-Abaqus-Model/Job-19.odb,Step-163,Increment      6: Step Time =    1.000,"LAGERSITZ_NEU-1",          4377,             4,          2482,      -112.184,      -2.02306,      -80.4562,"ASSEMBLY_LAGERSITZ_NEU-1_SET-GEHAEUSE","ALUMINIUM",NA,            0.,            0.,            0.,            0.,  -1.05534E-15,   316.741E-18,       NoValue
D:/MoVerHu_Projekt/FE_Modell/FE-Abaqus-Model/Job-19.odb,Step-163,Increment      6: Step Time =    1.000,"LAGERSITZ_NEU-1",         12933,             6,          2482,      -112.184,      -2.02306,      -80.4562,"ASSEMBLY_LAGERSITZ_NEU-1_SET-GEHAEUSE","ALUMINIUM",NA,            0.,            0.,            0.,            0.,  -1.05534E-15,   316.741E-18,       NoValue
D:/MoVerHu_Projekt/FE_Modell/FE-Abaqus-Model/Job-19.odb,Step-163,Increment      6: Step Time =    1.000,"LAGERSITZ_NEU-1",         12928,             6,          2482,      -112.184,      -2.02306,      -80.4562,"ASSEMBLY_LAGERSITZ_NEU-1_SET-GEHAEUSE","ALUMINIUM",NA,            0.,            0.,            0.,            0.,  -1.05534E-15,   316.741E-18,       NoValue
D:/MoVerHu_Projekt/FE_Modell/FE-Abaqus-Model/Job-19.odb,Step-163,Increment      6: Step Time =    1.000,"LAGERSITZ_NEU-1",          4380,             4,          2483,      -112.184,   988.805E-03,      -80.2132,"ASSEMBLY_LAGERSITZ_NEU-1_SET-GEHAEUSE","ALUMINIUM",NA,            0.,            0.,            0.,            0.,  -718.928E-18,   93.9617E-18,       NoValue
D:/MoVerHu_Projekt/FE_Modell/FE-Abaqus-Model/Job-19.odb,Step-163,Increment      6: Step Time =    1.000,"LAGERSITZ_NEU-1",         12938,             6,          2483,      -112.184,   988.805E-03,      -80.2132,"ASSEMBLY_LAGERSITZ_NEU-1_SET-GEHAEUSE","ALUMINIUM",NA,            0.,            0.,            0.,            0.,  -718.928E-18,   93.9617E-18,       NoValue
D:/MoVerHu_Projekt/FE_Modell/FE-Abaqus-Model/Job-19.odb,Step-163,Increment      6: Step Time =    1.000,"LAGERSITZ_NEU-1",         12933,             6,          2483,      -112.184,   988.805E-03,      -80.2132,"ASSEMBLY_LAGERSITZ_NEU-1_SET-GEHAEUSE","ALUMINIUM",NA,            0.,            0.,            0.,            0.,  -718.928E-18,   93.9617E-18,       NoValue
D:/MoVerHu_Projekt/FE_Modell/FE-Abaqus-Model/Job-19.odb,Step-163,Increment      6: Step Time =    1.000,"LAGERSITZ_NEU-1",          4377,             4,          2483,      -112.184,   988.805E-03,      -80.2132,"ASSEMBLY_LAGERSITZ_NEU-1_SET-GEHAEUSE","ALUMINIUM",NA,            0.,            0.,            0.,            0.,  -718.928E-18,   93.9617E-18,       NoValue
D:/MoVerHu_Projekt/FE_Modell/FE-Abaqus-Model/Job-19.odb,Step-163,Increment      6: Step Time =    1.000,"LAGERSITZ_NEU-1",          4380,             4,          2484,      -112.184,       3.98277,      -79.8050,"ASSEMBLY_LAGERSITZ_NEU-1_SET-GEHAEUSE","ALUMINIUM",NA,            0.,            0.,            0.,            0.,   429.644E-18,   120.247E-18,       NoValue
D:/MoVerHu_Projekt/FE_Modell/FE-Abaqus-Model/Job-19.odb,Step-163,Increment      6: Step Time =    1.000,"LAGERSITZ_NEU-1",         12943,             6,          2484,      -112.184,       3.98277,      -79.8050,"ASSEMBLY_LAGERSITZ_NEU-1_SET-GEHAEUSE","ALUMINIUM",NA,            0.,            0.,            0.,            0.,   429.644E-18,   120.247E-18,       NoValue
D:/MoVerHu_Projekt/FE_Modell/FE-Abaqus-Model/Job-19.odb,Step-163,Increment      6: Step Time =    1.000,"LAGERSITZ_NEU-1",         12938,             6,          2484,      -112.184,       3.98277,      -79.8050,"ASSEMBLY_LAGERSITZ_NEU-1_SET-GEHAEUSE","ALUMINIUM",NA,            0.,            0.,            0.,            0.,   429.644E-18,   120.247E-18,       NoValue
D:/MoVerHu_Projekt/FE_Modell/FE-Abaqus-Model/Job-19.odb,Step-163,Increment      6: Step Time =    1.000,"LAGERSITZ_NEU-1",          4383,             4,          2484,      -112.184,       3.98277,      -79.8050,"ASSEMBLY_LAGERSITZ_NEU-1_SET-GEHAEUSE","ALUMINIUM",NA,            0.,            0.,            0.,            0.,   429.644E-18,   120.247E-18,       NoValue
D:/MoVerHu_Projekt/FE_Modell/FE-Abaqus-Model/Job-19.odb,Step-163,Increment      6: Step Time =    1.000,"LAGERSITZ_NEU-1",         12948,             6,          2485,      -112.184,       6.94981,      -79.2331,"ASSEMBLY_LAGERSITZ_NEU-1_SET-GEHAEUSE","ALUMINIUM",NA,            0.,            0.,            0.,            0.,  -2.31318E-15,  -351.071E-18,       NoValue
D:/MoVerHu_Projekt/FE_Modell/FE-Abaqus-Model/Job-19.odb,Step-163,Increment      6: Step Time =    1.000,"LAGERSITZ_NEU-1",          4383,             4,          2485,      -112.184,       6.94981,      -79.2331,"ASSEMBLY_LAGERSITZ_NEU-1_SET-GEHAEUSE","ALUMINIUM",NA,            0.,            0.,            0.,            0.,  -2.31318E-15,  -351.071E-18,       NoValue
D:/MoVerHu_Projekt/FE_Modell/FE-Abaqus-Model/Job-19.odb,Step-163,Increment      6: Step Time =    1.000,"LAGERSITZ_NEU-1",          4386,             4,          2485,      -112.184,       6.94981,      -79.2331,"ASSEMBLY_LAGERSITZ_NEU-1_SET-GEHAEUSE","ALUMINIUM",NA,            0.,            0.,            0.,            0.,  -2.31318E-15,  -351.071E-18,       NoValue
D:/MoVerHu_Projekt/FE_Modell/FE-Abaqus-Model/Job-19.odb,Step-163,Increment      6: Step Time =    1.000,"LAGERSITZ_NEU-1",         12943,             6,          2485,      -112.184,       6.94981,      -79.2331,"ASSEMBLY_LAGERSITZ_NEU-1_SET-GEHAEUSE","ALUMINIUM",NA,            0.,            0.,            0.,            0.,  -2.31318E-15,  -351.071E-18,       NoValue
D:/MoVerHu_Projekt/FE_Modell/FE-Abaqus-Model/Job-19.odb,Step-163,Increment      6: Step Time =    1.000,"LAGERSITZ_NEU-1",          4389,             4,          2486,      -112.184,       9.88096,      -78.4991,"ASSEMBLY_LAGERSITZ_NEU-1_SET-GEHAEUSE","ALUMINIUM",NA,   133.886E-03,  -45.8046E-06,   39.5626E-03,  -127.907E-03,   2.78554E-15,  -681.844E-18,       NoValue
D:/MoVerHu_Projekt/FE_Modell/FE-Abaqus-Model/Job-19.odb,Step-163,Increment      6: Step Time =    1.000,"LAGERSITZ_NEU-1",         12953,             6,          2486,      -112.184,       9.88096,      -78.4991,"ASSEMBLY_LAGERSITZ_NEU-1_SET-GEHAEUSE","ALUMINIUM",NA,   133.886E-03,  -45.8046E-06,   39.5626E-03,  -127.907E-03,   2.78554E-15,  -681.844E-18,       NoValue
D:/MoVerHu_Projekt/FE_Modell/FE-Abaqus-Model/Job-19.odb,Step-163,Increment      6: Step Time =    1.000,"LAGERSITZ_NEU-1",          4386,             4,          2486,      -112.184,       9.88096,      -78.4991,"ASSEMBLY_LAGERSITZ_NEU-1_SET-GEHAEUSE","ALUMINIUM",NA,   133.886E-03,  -45.8046E-06,   39.5626E-03,  -127.907E-03,   2.78554E-15,  -681.844E-18,       NoValue
D:/MoVerHu_Projekt/FE_Modell/FE-Abaqus-Model/Job-19.odb,Step-163,Increment      6: Step Time =    1.000,"LAGERSITZ_NEU-1",         12948,             6,          2486,      -112.184,       9.88096,      -78.4991,"ASSEMBLY_LAGERSITZ_NEU-1_SET-GEHAEUSE","ALUMINIUM",NA,   133.886E-03,  -45.8046E-06,   39.5626E-03,  -127.907E-03,   2.78554E-15,  -681.844E-18,       NoValue
D:/MoVerHu_Projekt/FE_Modell/FE-Abaqus-Model/Job-19.odb,Step-163,Increment      6: Step Time =    1.000,"LAGERSITZ_NEU-1",          4389,             4,          2487,      -112.184,       12.7674,      -77.6052,"ASSEMBLY_LAGERSITZ_NEU-1_SET-GEHAEUSE","ALUMINIUM",NA,       14.4093,  -5.40822E-03,       4.97769,      -13.5222,   977.175E-18,   2.24930E-15,       NoValue
D:/MoVerHu_Projekt/FE_Modell/FE-Abaqus-Model/Job-19.odb,Step-163,Increment      6: Step Time =    1.000,"LAGERSITZ_NEU-1",         12958,             6,          2487,      -112.184,       12.7674,      -77.6052,"ASSEMBLY_LAGERSITZ_NEU-1_SET-GEHAEUSE","ALUMINIUM",NA,       14.4093,  -5.40822E-03,       4.97769,      -13.5222,   977.175E-18,   2.24930E-15,       NoValue
D:/MoVerHu_Projekt/FE_Modell/FE-Abaqus-Model/Job-19.odb,Step-163,Increment      6: Step Time =    1.000,"LAGERSITZ_NEU-1",         12953,             6,          2487,      -112.184,       12.7674,      -77.6052,"ASSEMBLY_LAGERSITZ_NEU-1_SET-GEHAEUSE","ALUMINIUM",NA,       14.4093,  -5.40822E-03,       4.97769,      -13.5222,   977.175E-18,   2.24930E-15,       NoValue
D:/MoVerHu_Projekt/FE_Modell/FE-Abaqus-Model/Job-19.odb,Step-163,Increment      6: Step Time =    1.000,"LAGERSITZ_NEU-1",          4392,             4,          2487,      -112.184,       12.7674,      -77.6052,"ASSEMBLY_LAGERSITZ_NEU-1_SET-GEHAEUSE","ALUMINIUM",NA,       14.4093,  -5.40822E-03,       4.97769,      -13.5222,   977.175E-18,   2.24930E-15,       NoValue
D:/MoVerHu_Projekt/FE_Modell/FE-Abaqus-Model/Job-19.odb,Step-163,Increment      6: Step Time =    1.000,"LAGERSITZ_NEU-1",          4392,             4,          2488,      -112.184,       15.6003,      -76.5541,"ASSEMBLY_LAGERSITZ_NEU-1_SET-GEHAEUSE","ALUMINIUM",NA,       100.352,  -44.3505E-03,       37.8487,      -92.9403,  -87.7753E-03,   74.6401E-03,            1.
D:/MoVerHu_Projekt/FE_Modell/FE-Abaqus-Model/Job-19.odb,Step-163,Increment      6: Step Time =    1.000,"LAGERSITZ_NEU-1",          4395,             4,          2488,      -112.184,       15.6003,      -76.5541,"ASSEMBLY_LAGERSITZ_NEU-1_SET-GEHAEUSE","ALUMINIUM",NA,       100.352,  -44.3505E-03,       37.8487,      -92.9403,  -87.7753E-03,   74.6401E-03,            1.
D:/MoVerHu_Projekt/FE_Modell/FE-Abaqus-Model/Job-19.odb,Step-163,Increment      6: Step Time =    1.000,"LAGERSITZ_NEU-1",         12958,             6,          2488,      -112.184,       15.6003,      -76.5541,"ASSEMBLY_LAGERSITZ_NEU-1_SET-GEHAEUSE","ALUMINIUM",NA,       100.352,  -44.3505E-03,       37.8487,      -92.9403,  -87.7753E-03,   74.6401E-03,            1.
D:/MoVerHu_Projekt/FE_Modell/FE-Abaqus-Model/Job-19.odb,Step-163,Increment      6: Step Time =    1.000,"LAGERSITZ_NEU-1",         12963,             6,          2488,      -112.184,       15.6003,      -76.5541,"ASSEMBLY_LAGERSITZ_NEU-1_SET-GEHAEUSE","ALUMINIUM",NA,       100.352,  -44.3505E-03,       37.8487,      -92.9403,  -87.7753E-03,   74.6401E-03,            1.
D:/MoVerHu_Projekt/FE_Modell/FE-Abaqus-Model/Job-19.odb,Step-163,Increment      6: Step Time =    1.000,"LAGERSITZ_NEU-1",         12968,             6,          2489,      -112.184,       18.3713,      -75.3491,"ASSEMBLY_LAGERSITZ_NEU-1_SET-GEHAEUSE","ALUMINIUM",NA,       145.258,  -101.289E-03,       61.5391,      -131.578,  -510.849E-03,   392.833E-03,            1.
D:/MoVerHu_Projekt/FE_Modell/FE-Abaqus-Model/Job-19.odb,Step-163,Increment      6: Step Time =    1.000,"LAGERSITZ_NEU-1",          4395,             4,          2489,      -112.184,       18.3713,      -75.3491,"ASSEMBLY_LAGERSITZ_NEU-1_SET-GEHAEUSE","ALUMINIUM",NA,       145.258,  -101.289E-03,       61.5391,      -131.578,  -510.849E-03,   392.833E-03,            1.
D:/MoVerHu_Projekt/FE_Modell/FE-Abaqus-Model/Job-19.odb,Step-163,Increment      6: Step Time =    1.000,"LAGERSITZ_NEU-1",          4398,             4,          2489,      -112.184,       18.3713,      -75.3491,"ASSEMBLY_LAGERSITZ_NEU-1_SET-GEHAEUSE","ALUMINIUM",NA,       145.258,  -101.289E-03,       61.5391,      -131.578,  -510.849E-03,   392.833E-03,            1.
D:/MoVerHu_Projekt/FE_Modell/FE-Abaqus-Model/Job-19.odb,Step-163,Increment      6: Step Time =    1.000,"LAGERSITZ_NEU-1",         12963,             6,          2489,      -112.184,       18.3713,      -75.3491,"ASSEMBLY_LAGERSITZ_NEU-1_SET-GEHAEUSE","ALUMINIUM",NA,       145.258,  -101.289E-03,       61.5391,      -131.578,  -510.849E-03,   392.833E-03,            1.
D:/MoVerHu_Projekt/FE_Modell/FE-Abaqus-Model/Job-19.odb,Step-163,Increment      6: Step Time =    1.000,"LAGERSITZ_NEU-1",          4398,             4,          2490,      -112.184,       21.0719,      -73.9937,"ASSEMBLY_LAGERSITZ_NEU-1_SET-GEHAEUSE","ALUMINIUM",NA,       154.594,  -154.302E-03,       72.7910,      -136.384,  -147.302E-03,   123.262E-03,            1.
D:/MoVerHu_Projekt/FE_Modell/FE-Abaqus-Model/Job-19.odb,Step-163,Increment      6: Step Time =    1.000,"LAGERSITZ_NEU-1",         12973,             6,          2490,      -112.184,       21.0719,      -73.9937,"ASSEMBLY_LAGERSITZ_NEU-1_SET-GEHAEUSE","ALUMINIUM",NA,       154.594,  -154.302E-03,       72.7910,      -136.384,  -147.302E-03,   123.262E-03,            1.
D:/MoVerHu_Projekt/FE_Modell/FE-Abaqus-Model/Job-19.odb,Step-163,Increment      6: Step Time =    1.000,"LAGERSITZ_NEU-1",         12968,             6,          2490,      -112.184,       21.0719,      -73.9937,"ASSEMBLY_LAGERSITZ_NEU-1_SET-GEHAEUSE","ALUMINIUM",NA,       154.594,  -154.302E-03,       72.7910,      -136.384,  -147.302E-03,   123.262E-03,            1.
D:/MoVerHu_Projekt/FE_Modell/FE-Abaqus-Model/Job-19.odb,Step-163,Increment      6: Step Time =    1.000,"LAGERSITZ_NEU-1",          4401,             4,          2490,      -112.184,       21.0719,      -73.9937,"ASSEMBLY_LAGERSITZ_NEU-1_SET-GEHAEUSE","ALUMINIUM",NA,       154.594,  -154.302E-03,       72.7910,      -136.384,  -147.302E-03,   123.262E-03,            1.
D:/MoVerHu_Projekt/FE_Modell/FE-Abaqus-Model/Job-19.odb,Step-163,Increment      6: Step Time =    1.000,"LAGERSITZ_NEU-1",         12973,             6,          2491,      -112.184,       23.6940,      -72.4920,"ASSEMBLY_LAGERSITZ_NEU-1_SET-GEHAEUSE","ALUMINIUM",NA,       113.422,  -149.189E-03,       58.4043,      -97.2294,  -28.3675E-03,   20.7495E-03,            1.
D:/MoVerHu_Projekt/FE_Modell/FE-Abaqus-Model/Job-19.odb,Step-163,Increment      6: Step Time =    1.000,"LAGERSITZ_NEU-1",         12978,             6,          2491,      -112.184,       23.6940,      -72.4920,"ASSEMBLY_LAGERSITZ_NEU-1_SET-GEHAEUSE","ALUMINIUM",NA,       113.422,  -149.189E-03,       58.4043,      -97.2294,  -28.3675E-03,   20.7495E-03,            1.
D:/MoVerHu_Projekt/FE_Modell/FE-Abaqus-Model/Job-19.odb,Step-163,Increment      6: Step Time =    1.000,"LAGERSITZ_NEU-1",          4404,             4,          2491,      -112.184,       23.6940,      -72.4920,"ASSEMBLY_LAGERSITZ_NEU-1_SET-GEHAEUSE","ALUMINIUM",NA,       113.422,  -149.189E-03,       58.4043,      -97.2294,  -28.3675E-03,   20.7495E-03,            1.
D:/MoVerHu_Projekt/FE_Modell/FE-Abaqus-Model/Job-19.odb,Step-163,Increment      6: Step Time =    1.000,"LAGERSITZ_NEU-1",          4401,             4,          2491,      -112.184,       23.6940,      -72.4920,"ASSEMBLY_LAGERSITZ_NEU-1_SET-GEHAEUSE","ALUMINIUM",NA,       113.422,  -149.189E-03,       58.4043,      -97.2294,  -28.3675E-03,   20.7495E-03,            1.
D:/MoVerHu_Projekt/FE_Modell/FE-Abaqus-Model/Job-19.odb,Step-163,Increment      6: Step Time =    1.000,"LAGERSITZ_NEU-1",          4406,             4,          2492,      -115.584,       26.2297,      -70.8486,"ASSEMBLY_LAGERSITZ_NEU-1_SET-GEHAEUSE","ALUMINIUM",NA,       16.9670,  -27.5635E-03,       9.21026,      -14.2495,  -1.83223E-15,   177.863E-18,       NoValue
D:/MoVerHu_Projekt/FE_Modell/FE-Abaqus-Model/Job-19.odb,Step-163,Increment      6: Step Time =    1.000,"LAGERSITZ_NEU-1",          4404,             4,          2492,      -115.584,       26.2297,      -70.8486,"ASSEMBLY_LAGERSITZ_NEU-1_SET-GEHAEUSE","ALUMINIUM",NA,       16.9670,  -27.5635E-03,       9.21026,      -14.2495,  -1.83223E-15,   177.863E-18,       NoValue
D:/MoVerHu_Projekt/FE_Modell/FE-Abaqus-Model/Job-19.odb,Step-163,Increment      6: Step Time =    1.000,"LAGERSITZ_NEU-1",          4407,             4,          2492,      -115.584,       26.2297,      -70.8486,"ASSEMBLY_LAGERSITZ_NEU-1_SET-GEHAEUSE","ALUMINIUM",NA,       16.9670,  -27.5635E-03,       9.21026,      -14.2495,  -1.83223E-15,   177.863E-18,       NoValue
D:/MoVerHu_Projekt/FE_Modell/FE-Abaqus-Model/Job-19.odb,Step-163,Increment      6: Step Time =    1.000,"LAGERSITZ_NEU-1",          4403,             4,          2492,      -115.584,       26.2297,      -70.8486,"ASSEMBLY_LAGERSITZ_NEU-1_SET-GEHAEUSE","ALUMINIUM",NA,       16.9670,  -27.5635E-03,       9.21026,      -14.2495,  -1.83223E-15,   177.863E-18,       NoValue
D:/MoVerHu_Projekt/FE_Modell/FE-Abaqus-Model/Job-19.odb,Step-163,Increment      6: Step Time =    1.000,"LAGERSITZ_NEU-1",          4406,             4,          2493,      -118.984,       26.2297,      -70.8486,"ASSEMBLY_LAGERSITZ_NEU-1_SET-GEHAEUSE","ALUMINIUM",NA,       16.1166,  -28.2315E-03,       8.75379,      -13.5320,   365.384E-18,   857.468E-18,       NoValue
D:/MoVerHu_Projekt/FE_Modell/FE-Abaqus-Model/Job-19.odb,Step-163,Increment      6: Step Time =    1.000,"LAGERSITZ_NEU-1",          4403,             4,          2493,      -118.984,       26.2297,      -70.8486,"ASSEMBLY_LAGERSITZ_NEU-1_SET-GEHAEUSE","ALUMINIUM",NA,       16.1166,  -28.2315E-03,       8.75379,      -13.5320,   365.384E-18,   857.468E-18,       NoValue
D:/MoVerHu_Projekt/FE_Modell/FE-Abaqus-Model/Job-19.odb,Step-163,Increment      6: Step Time =    1.000,"LAGERSITZ_NEU-1",          4402,             4,          2493,      -118.984,       26.2297,      -70.8486,"ASSEMBLY_LAGERSITZ_NEU-1_SET-GEHAEUSE","ALUMINIUM",NA,       16.1166,  -28.2315E-03,       8.75379,      -13.5320,   365.384E-18,   857.468E-18,       NoValue
D:/MoVerHu_Projekt/FE_Modell/FE-Abaqus-Model/Job-19.odb,Step-163,Increment      6: Step Time =    1.000,"LAGERSITZ_NEU-1",          4405,             4,          2493,      -118.984,       26.2297,      -70.8486,"ASSEMBLY_LAGERSITZ_NEU-1_SET-GEHAEUSE","ALUMINIUM",NA,       16.1166,  -28.2315E-03,       8.75379,      -13.5320,   365.384E-18,   857.468E-18,       NoValue
D:/MoVerHu_Projekt/FE_Modell/FE-Abaqus-Model/Job-19.odb,Step-163,Increment      6: Step Time =    1.000,"LAGERSITZ_NEU-1",         12988,             6,          2494,      -112.184,       28.7134,      -69.0358,"ASSEMBLY_LAGERSITZ_NEU-1_SET-GEHAEUSE","ALUMINIUM",NA,       38.8878,  -82.4337E-03,       24.6203,      -30.1014,  -1.72346E-15,  -167.141E-18,       NoValue
D:/MoVerHu_Projekt/FE_Modell/FE-Abaqus-Model/Job-19.odb,Step-163,Increment      6: Step Time =    1.000,"LAGERSITZ_NEU-1",          4410,             4,          2494,      -112.184,       28.7134,      -69.0358,"ASSEMBLY_LAGERSITZ_NEU-1_SET-GEHAEUSE","ALUMINIUM",NA,       38.8878,  -82.4337E-03,       24.6203,      -30.1014,  -1.72346E-15,  -167.141E-18,       NoValue
D:/MoVerHu_Projekt/FE_Modell/FE-Abaqus-Model/Job-19.odb,Step-163,Increment      6: Step Time =    1.000,"LAGERSITZ_NEU-1",         12983,             6,          2494,      -112.184,       28.7134,      -69.0358,"ASSEMBLY_LAGERSITZ_NEU-1_SET-GEHAEUSE","ALUMINIUM",NA,       38.8878,  -82.4337E-03,       24.6203,      -30.1014,  -1.72346E-15,  -167.141E-18,       NoValue
D:/MoVerHu_Projekt/FE_Modell/FE-Abaqus-Model/Job-19.odb,Step-163,Increment      6: Step Time =    1.000,"LAGERSITZ_NEU-1",          4407,             4,          2494,      -112.184,       28.7134,      -69.0358,"ASSEMBLY_LAGERSITZ_NEU-1_SET-GEHAEUSE","ALUMINIUM",NA,       38.8878,  -82.4337E-03,       24.6203,      -30.1014,  -1.72346E-15,  -167.141E-18,       NoValue
D:/MoVerHu_Projekt/FE_Modell/FE-Abaqus-Model/Job-19.odb,Step-163,Increment      6: Step Time =    1.000,"LAGERSITZ_NEU-1",         12988,             6,          2495,      -112.184,       31.0919,      -67.0871,"ASSEMBLY_LAGERSITZ_NEU-1_SET-GEHAEUSE","ALUMINIUM",NA,       279.596,  -615.061E-03,       183.982,      -210.533,  -36.7968E-03,   63.9904E-03,            1.
D:/MoVerHu_Projekt/FE_Modell/FE-Abaqus-Model/Job-19.odb,Step-163,Increment      6: Step Time =    1.000,"LAGERSITZ_NEU-1",          4413,             4,          2495,      -112.184,       31.0919,      -67.0871,"ASSEMBLY_LAGERSITZ_NEU-1_SET-GEHAEUSE","ALUMINIUM",NA,       279.596,  -615.061E-03,       183.982,      -210.533,  -36.7968E-03,   63.9904E-03,            1.
D:/MoVerHu_Projekt/FE_Modell/FE-Abaqus-Model/Job-19.odb,Step-163,Increment      6: Step Time =    1.000,"LAGERSITZ_NEU-1",         12993,             6,          2495,      -112.184,       31.0919,      -67.0871,"ASSEMBLY_LAGERSITZ_NEU-1_SET-GEHAEUSE","ALUMINIUM",NA,       279.596,  -615.061E-03,       183.982,      -210.533,  -36.7968E-03,   63.9904E-03,            1.
D:/MoVerHu_Projekt/FE_Modell/FE-Abaqus-Model/Job-19.odb,Step-163,Increment      6: Step Time =    1.000,"LAGERSITZ_NEU-1",          4410,             4,          2495,      -112.184,       31.0919,      -67.0871,"ASSEMBLY_LAGERSITZ_NEU-1_SET-GEHAEUSE","ALUMINIUM",NA,       279.596,  -615.061E-03,       183.982,      -210.533,  -36.7968E-03,   63.9904E-03,            1.
D:/MoVerHu_Projekt/FE_Modell/FE-Abaqus-Model/Job-19.odb,Step-163,Increment      6: Step Time =    1.000,"LAGERSITZ_NEU-1",         12993,             6,          2496,      -112.184,       33.3579,      -65.0085,"ASSEMBLY_LAGERSITZ_NEU-1_SET-GEHAEUSE","ALUMINIUM",NA,       345.556,  -815.583E-03,       240.256,      -248.366,  -78.8888E-03,   154.718E-03,            2.
D:/MoVerHu_Projekt/FE_Modell/FE-Abaqus-Model/Job-19.odb,Step-163,Increment      6: Step Time =    1.000,"LAGERSITZ_NEU-1",          4416,             4,          2496,      -112.184,       33.3579,      -65.0085,"ASSEMBLY_LAGERSITZ_NEU-1_SET-GEHAEUSE","ALUMINIUM",NA,       345.556,  -815.583E-03,       240.256,      -248.366,  -78.8888E-03,   154.718E-03,            2.
D:/MoVerHu_Projekt/FE_Modell/FE-Abaqus-Model/Job-19.odb,Step-163,Increment      6: Step Time =    1.000,"LAGERSITZ_NEU-1",         12998,             6,          2496,      -112.184,       33.3579,      -65.0085,"ASSEMBLY_LAGERSITZ_NEU-1_SET-GEHAEUSE","ALUMINIUM",NA,       345.556,  -815.583E-03,       240.256,      -248.366,  -78.8888E-03,   154.718E-03,            2.
D:/MoVerHu_Projekt/FE_Modell/FE-Abaqus-Model/Job-19.odb,Step-163,Increment      6: Step Time =    1.000,"LAGERSITZ_NEU-1",          4413,             4,          2496,      -112.184,       33.3579,      -65.0085,"ASSEMBLY_LAGERSITZ_NEU-1_SET-GEHAEUSE","ALUMINIUM",NA,       345.556,  -815.583E-03,       240.256,      -248.366,  -78.8888E-03,   154.718E-03,            2.
D:/MoVerHu_Projekt/FE_Modell/FE-Abaqus-Model/Job-19.odb,Step-163,Increment      6: Step Time =    1.000,"LAGERSITZ_NEU-1",         12998,             6,          2497,      -112.184,       35.5041,      -62.8065,"ASSEMBLY_LAGERSITZ_NEU-1_SET-GEHAEUSE","ALUMINIUM",NA,       240.017,  -605.970E-03,       175.957,      -163.239,  -57.9952E-03,   148.449E-03,            2.
D:/MoVerHu_Projekt/FE_Modell/FE-Abaqus-Model/Job-19.odb,Step-163,Increment      6: Step Time =    1.000,"LAGERSITZ_NEU-1",          4416,             4,          2497,      -112.184,       35.5041,      -62.8065,"ASSEMBLY_LAGERSITZ_NEU-1_SET-GEHAEUSE","ALUMINIUM",NA,       240.017,  -605.970E-03,       175.957,      -163.239,  -57.9952E-03,   148.449E-03,            2.
D:/MoVerHu_Projekt/FE_Modell/FE-Abaqus-Model/Job-19.odb,Step-163,Increment      6: Step Time =    1.000,"LAGERSITZ_NEU-1",          4419,             4,          2497,      -112.184,       35.5041,      -62.8065,"ASSEMBLY_LAGERSITZ_NEU-1_SET-GEHAEUSE","ALUMINIUM",NA,       240.017,  -605.970E-03,       175.957,      -163.239,  -57.9952E-03,   148.449E-03,            2.
D:/MoVerHu_Projekt/FE_Modell/FE-Abaqus-Model/Job-19.odb,Step-163,Increment      6: Step Time =    1.000,"LAGERSITZ_NEU-1",         13003,             6,          2497,      -112.184,       35.5041,      -62.8065,"ASSEMBLY_LAGERSITZ_NEU-1_SET-GEHAEUSE","ALUMINIUM",NA,       240.017,  -605.970E-03,       175.957,      -163.239,  -57.9952E-03,   148.449E-03,            2.
D:/MoVerHu_Projekt/FE_Modell/FE-Abaqus-Model/Job-19.odb,Step-163,Increment      6: Step Time =    1.000,"LAGERSITZ_NEU-1",          4419,             4,          2498,      -112.184,       37.5239,      -60.4880,"ASSEMBLY_LAGERSITZ_NEU-1_SET-GEHAEUSE","ALUMINIUM",NA,       197.498,  -534.035E-03,       152.355,      -125.671,  -28.0294E-03,   107.641E-03,            2.
D:/MoVerHu_Projekt/FE_Modell/FE-Abaqus-Model/Job-19.odb,Step-163,Increment      6: Step Time =    1.000,"LAGERSITZ_NEU-1",         13003,             6,          2498,      -112.184,       37.5239,      -60.4880,"ASSEMBLY_LAGERSITZ_NEU-1_SET-GEHAEUSE","ALUMINIUM",NA,       197.498,  -534.035E-03,       152.355,      -125.671,  -28.0294E-03,   107.641E-03,            2.
D:/MoVerHu_Projekt/FE_Modell/FE-Abaqus-Model/Job-19.odb,Step-163,Increment      6: Step Time =    1.000,"LAGERSITZ_NEU-1",         13008,             6,          2498,      -112.184,       37.5239,      -60.4880,"ASSEMBLY_LAGERSITZ_NEU-1_SET-GEHAEUSE","ALUMINIUM",NA,       197.498,  -534.035E-03,       152.355,      -125.671,  -28.0294E-03,   107.641E-03,            2.
D:/MoVerHu_Projekt/FE_Modell/FE-Abaqus-Model/Job-19.odb,Step-163,Increment      6: Step Time =    1.000,"LAGERSITZ_NEU-1",          4422,             4,          2498,      -112.184,       37.5239,      -60.4880,"ASSEMBLY_LAGERSITZ_NEU-1_SET-GEHAEUSE","ALUMINIUM",NA,       197.498,  -534.035E-03,       152.355,      -125.671,  -28.0294E-03,   107.641E-03,            2.
D:/MoVerHu_Projekt/FE_Modell/FE-Abaqus-Model/Job-19.odb,Step-163,Increment      6: Step Time =    1.000,"LAGERSITZ_NEU-1",         13008,             6,          2499,      -112.184,       39.4109,      -58.0603,"ASSEMBLY_LAGERSITZ_NEU-1_SET-GEHAEUSE","ALUMINIUM",NA,       256.987,  -743.922E-03,       207.749,      -151.269,   2.08331E-03,   95.5248E-03,            2.
D:/MoVerHu_Projekt/FE_Modell/FE-Abaqus-Model/Job-19.odb,Step-163,Increment      6: Step Time =    1.000,"LAGERSITZ_NEU-1",         13013,             6,          2499,      -112.184,       39.4109,      -58.0603,"ASSEMBLY_LAGERSITZ_NEU-1_SET-GEHAEUSE","ALUMINIUM",NA,       256.987,  -743.922E-03,       207.749,      -151.269,   2.08331E-03,   95.5248E-03,            2.
D:/MoVerHu_Projekt/FE_Modell/FE-Abaqus-Model/Job-19.odb,Step-163,Increment      6: Step Time =    1.000,"LAGERSITZ_NEU-1",          4422,             4,          2499,      -112.184,       39.4109,      -58.0603,"ASSEMBLY_LAGERSITZ_NEU-1_SET-GEHAEUSE","ALUMINIUM",NA,       256.987,  -743.922E-03,       207.749,      -151.269,   2.08331E-03,   95.5248E-03,            2.
D:/MoVerHu_Projekt/FE_Modell/FE-Abaqus-Model/Job-19.odb,Step-163,Increment      6: Step Time =    1.000,"LAGERSITZ_NEU-1",          4425,             4,          2499,      -112.184,       39.4109,      -58.0603,"ASSEMBLY_LAGERSITZ_NEU-1_SET-GEHAEUSE","ALUMINIUM",NA,       256.987,  -743.922E-03,       207.749,      -151.269,   2.08331E-03,   95.5248E-03,            2.
D:/MoVerHu_Projekt/FE_Modell/FE-Abaqus-Model/Job-19.odb,Step-163,Increment      6: Step Time =    1.000,"LAGERSITZ_NEU-1",         13013,             6,          2500,      -112.184,       41.1594,      -55.5309,"ASSEMBLY_LAGERSITZ_NEU-1_SET-GEHAEUSE","ALUMINIUM",NA,       488.399,      -1.48699,       409.499,      -266.161,  -271.310E-06,   4.80925E-03,            2.
D:/MoVerHu_Projekt/FE_Modell/FE-Abaqus-Model/Job-19.odb,Step-163,Increment      6: Step Time =    1.000,"LAGERSITZ_NEU-1",          4425,             4,          2500,      -112.184,       41.1594,      -55.5309,"ASSEMBLY_LAGERSITZ_NEU-1_SET-GEHAEUSE","ALUMINIUM",NA,       488.399,      -1.48699,       409.499,      -266.161,  -271.310E-06,   4.80925E-03,            2.
D:/MoVerHu_Projekt/FE_Modell/FE-Abaqus-Model/Job-19.odb,Step-163,Increment      6: Step Time =    1.000,"LAGERSITZ_NEU-1",          4428,             4,          2500,      -112.184,       41.1594,      -55.5309,"ASSEMBLY_LAGERSITZ_NEU-1_SET-GEHAEUSE","ALUMINIUM",NA,       488.399,      -1.48699,       409.499,      -266.161,  -271.310E-06,   4.80925E-03,            2.
D:/MoVerHu_Projekt/FE_Modell/FE-Abaqus-Model/Job-19.odb,Step-163,Increment      6: Step Time =    1.000,"LAGERSITZ_NEU-1",         13018,             6,          2500,      -112.184,       41.1594,      -55.5309,"ASSEMBLY_LAGERSITZ_NEU-1_SET-GEHAEUSE","ALUMINIUM",NA,       488.399,      -1.48699,       409.499,      -266.161,  -271.310E-06,   4.80925E-03,            2.
D:/MoVerHu_Projekt/FE_Modell/FE-Abaqus-Model/Job-19.odb,Step-163,Increment      6: Step Time =    1.000,"LAGERSITZ_NEU-1",          4431,             4,          2501,      -112.184,       42.7638,      -52.9077,"ASSEMBLY_LAGERSITZ_NEU-1_SET-GEHAEUSE","ALUMINIUM",NA,       443.548,      -1.41042,       384.205,      -221.630,   4.80896E-03,   10.1708E-03,            2.
D:/MoVerHu_Projekt/FE_Modell/FE-Abaqus-Model/Job-19.odb,Step-163,Increment      6: Step Time =    1.000,"LAGERSITZ_NEU-1",         13018,             6,          2501,      -112.184,       42.7638,      -52.9077,"ASSEMBLY_LAGERSITZ_NEU-1_SET-GEHAEUSE","ALUMINIUM",NA,       443.548,      -1.41042,       384.205,      -221.630,   4.80896E-03,   10.1708E-03,            2.
D:/MoVerHu_Projekt/FE_Modell/FE-Abaqus-Model/Job-19.odb,Step-163,Increment      6: Step Time =    1.000,"LAGERSITZ_NEU-1",          4428,             4,          2501,      -112.184,       42.7638,      -52.9077,"ASSEMBLY_LAGERSITZ_NEU-1_SET-GEHAEUSE","ALUMINIUM",NA,       443.548,      -1.41042,       384.205,      -221.630,   4.80896E-03,   10.1708E-03,            2.
D:/MoVerHu_Projekt/FE_Modell/FE-Abaqus-Model/Job-19.odb,Step-163,Increment      6: Step Time =    1.000,"LAGERSITZ_NEU-1",         13023,             6,          2501,      -112.184,       42.7638,      -52.9077,"ASSEMBLY_LAGERSITZ_NEU-1_SET-GEHAEUSE","ALUMINIUM",NA,       443.548,      -1.41042,       384.205,      -221.630,   4.80896E-03,   10.1708E-03,            2.
D:/MoVerHu_Projekt/FE_Modell/FE-Abaqus-Model/Job-19.odb,Step-163,Increment      6: Step Time =    1.000,"LAGERSITZ_NEU-1",          4434,             4,          2502,      -112.184,       44.2190,      -50.1990,"ASSEMBLY_LAGERSITZ_NEU-1_SET-GEHAEUSE","ALUMINIUM",NA,       348.923,      -1.15334,       311.702,      -156.807,   58.2137E-03,   45.3703E-03,            2.
D:/MoVerHu_Projekt/FE_Modell/FE-Abaqus-Model/Job-19.odb,Step-163,Increment      6: Step Time =    1.000,"LAGERSITZ_NEU-1",         13023,             6,          2502,      -112.184,       44.2190,      -50.1990,"ASSEMBLY_LAGERSITZ_NEU-1_SET-GEHAEUSE","ALUMINIUM",NA,       348.923,      -1.15334,       311.702,      -156.807,   58.2137E-03,   45.3703E-03,            2.
D:/MoVerHu_Projekt/FE_Modell/FE-Abaqus-Model/Job-19.odb,Step-163,Increment      6: Step Time =    1.000,"LAGERSITZ_NEU-1",         13028,             6,          2502,      -112.184,       44.2190,      -50.1990,"ASSEMBLY_LAGERSITZ_NEU-1_SET-GEHAEUSE","ALUMINIUM",NA,       348.923,      -1.15334,       311.702,      -156.807,   58.2137E-03,   45.3703E-03,            2.
D:/MoVerHu_Projekt/FE_Modell/FE-Abaqus-Model/Job-19.odb,Step-163,Increment      6: Step Time =    1.000,"LAGERSITZ_NEU-1",          4431,             4,          2502,      -112.184,       44.2190,      -50.1990,"ASSEMBLY_LAGERSITZ_NEU-1_SET-GEHAEUSE","ALUMINIUM",NA,       348.923,      -1.15334,       311.702,      -156.807,   58.2137E-03,   45.3703E-03,            2.
D:/MoVerHu_Projekt/FE_Modell/FE-Abaqus-Model/Job-19.odb,Step-163,Increment      6: Step Time =    1.000,"LAGERSITZ_NEU-1",          4437,             4,          2503,      -112.184,       45.5206,      -47.4132,"ASSEMBLY_LAGERSITZ_NEU-1_SET-GEHAEUSE","ALUMINIUM",NA,       393.403,      -1.34097,       361.001,      -156.340,   18.0052E-03,   14.6155E-03,            2.
D:/MoVerHu_Projekt/FE_Modell/FE-Abaqus-Model/Job-19.odb,Step-163,Increment      6: Step Time =    1.000,"LAGERSITZ_NEU-1",         13033,             6,          2503,      -112.184,       45.5206,      -47.4132,"ASSEMBLY_LAGERSITZ_NEU-1_SET-GEHAEUSE","ALUMINIUM",NA,       393.403,      -1.34097,       361.001,      -156.340,   18.0052E-03,   14.6155E-03,            2.
D:/MoVerHu_Projekt/FE_Modell/FE-Abaqus-Model/Job-19.odb,Step-163,Increment      6: Step Time =    1.000,"LAGERSITZ_NEU-1",          4434,             4,          2503,      -112.184,       45.5206,      -47.4132,"ASSEMBLY_LAGERSITZ_NEU-1_SET-GEHAEUSE","ALUMINIUM",NA,       393.403,      -1.34097,       361.001,      -156.340,   18.0052E-03,   14.6155E-03,            2.
D:/MoVerHu_Projekt/FE_Modell/FE-Abaqus-Model/Job-19.odb,Step-163,Increment      6: Step Time =    1.000,"LAGERSITZ_NEU-1",         13028,             6,          2503,      -112.184,       45.5206,      -47.4132,"ASSEMBLY_LAGERSITZ_NEU-1_SET-GEHAEUSE","ALUMINIUM",NA,       393.403,      -1.34097,       361.001,      -156.340,   18.0052E-03,   14.6155E-03,            2.
D:/MoVerHu_Projekt/FE_Modell/FE-Abaqus-Model/Job-19.odb,Step-163,Increment      6: Step Time =    1.000,"LAGERSITZ_NEU-1",         13038,             6,          2504,      -112.184,       46.6645,      -44.5590,"ASSEMBLY_LAGERSITZ_NEU-1_SET-GEHAEUSE","ALUMINIUM",NA,       427.519,      -1.48671,       401.078,      -148.010,   15.9450E-03,   10.8216E-03,            2.
D:/MoVerHu_Projekt/FE_Modell/FE-Abaqus-Model/Job-19.odb,Step-163,Increment      6: Step Time =    1.000,"LAGERSITZ_NEU-1",         13033,             6,          2504,      -112.184,       46.6645,      -44.5590,"ASSEMBLY_LAGERSITZ_NEU-1_SET-GEHAEUSE","ALUMINIUM",NA,       427.519,      -1.48671,       401.078,      -148.010,   15.9450E-03,   10.8216E-03,            2.
D:/MoVerHu_Projekt/FE_Modell/FE-Abaqus-Model/Job-19.odb,Step-163,Increment      6: Step Time =    1.000,"LAGERSITZ_NEU-1",          4440,             4,          2504,      -112.184,       46.6645,      -44.5590,"ASSEMBLY_LAGERSITZ_NEU-1_SET-GEHAEUSE","ALUMINIUM",NA,       427.519,      -1.48671,       401.078,      -148.010,   15.9450E-03,   10.8216E-03,            2.
D:/MoVerHu_Projekt/FE_Modell/FE-Abaqus-Model/Job-19.odb,Step-163,Increment      6: Step Time =    1.000,"LAGERSITZ_NEU-1",          4437,             4,          2504,      -112.184,       46.6645,      -44.5590,"ASSEMBLY_LAGERSITZ_NEU-1_SET-GEHAEUSE","ALUMINIUM",NA,       427.519,      -1.48671,       401.078,      -148.010,   15.9450E-03,   10.8216E-03,            2.
D:/MoVerHu_Projekt/FE_Modell/FE-Abaqus-Model/Job-19.odb,Step-163,Increment      6: Step Time =    1.000,"LAGERSITZ_NEU-1",          4443,             4,          2505,      -112.184,       47.6471,      -41.6453,"ASSEMBLY_LAGERSITZ_NEU-1_SET-GEHAEUSE","ALUMINIUM",NA,       406.368,      -1.43060,       388.480,      -119.231,   28.0391E-03,   13.6783E-03,            2.
D:/MoVerHu_Projekt/FE_Modell/FE-Abaqus-Model/Job-19.odb,Step-163,Increment      6: Step Time =    1.000,"LAGERSITZ_NEU-1",         13043,             6,          2505,      -112.184,       47.6471,      -41.6453,"ASSEMBLY_LAGERSITZ_NEU-1_SET-GEHAEUSE","ALUMINIUM",NA,       406.368,      -1.43060,       388.480,      -119.231,   28.0391E-03,   13.6783E-03,            2.
D:/MoVerHu_Projekt/FE_Modell/FE-Abaqus-Model/Job-19.odb,Step-163,Increment      6: Step Time =    1.000,"LAGERSITZ_NEU-1",         13038,             6,          2505,      -112.184,       47.6471,      -41.6453,"ASSEMBLY_LAGERSITZ_NEU-1_SET-GEHAEUSE","ALUMINIUM",NA,       406.368,      -1.43060,       388.480,      -119.231,   28.0391E-03,   13.6783E-03,            2.
D:/MoVerHu_Projekt/FE_Modell/FE-Abaqus-Model/Job-19.odb,Step-163,Increment      6: Step Time =    1.000,"LAGERSITZ_NEU-1",          4440,             4,          2505,      -112.184,       47.6471,      -41.6453,"ASSEMBLY_LAGERSITZ_NEU-1_SET-GEHAEUSE","ALUMINIUM",NA,       406.368,      -1.43060,       388.480,      -119.231,   28.0391E-03,   13.6783E-03,            2.
D:/MoVerHu_Projekt/FE_Modell/FE-Abaqus-Model/Job-19.odb,Step-163,Increment      6: Step Time =    1.000,"LAGERSITZ_NEU-1",          4442,             4,          2506,      -115.584,       48.4653,      -38.6813,"ASSEMBLY_LAGERSITZ_NEU-1_SET-GEHAEUSE","ALUMINIUM",NA,       338.280,      -1.27377,       328.175,      -82.0570,   83.9534E-03,   20.3460E-03,            2.
D:/MoVerHu_Projekt/FE_Modell/FE-Abaqus-Model/Job-19.odb,Step-163,Increment      6: Step Time =    1.000,"LAGERSITZ_NEU-1",          4443,             4,          2506,      -115.584,       48.4653,      -38.6813,"ASSEMBLY_LAGERSITZ_NEU-1_SET-GEHAEUSE","ALUMINIUM",NA,       338.280,      -1.27377,       328.175,      -82.0570,   83.9534E-03,   20.3460E-03,            2.
D:/MoVerHu_Projekt/FE_Modell/FE-Abaqus-Model/Job-19.odb,Step-163,Increment      6: Step Time =    1.000,"LAGERSITZ_NEU-1",          4446,             4,          2506,      -115.584,       48.4653,      -38.6813,"ASSEMBLY_LAGERSITZ_NEU-1_SET-GEHAEUSE","ALUMINIUM",NA,       338.280,      -1.27377,       328.175,      -82.0570,   83.9534E-03,   20.3460E-03,            2.
D:/MoVerHu_Projekt/FE_Modell/FE-Abaqus-Model/Job-19.odb,Step-163,Increment      6: Step Time =    1.000,"LAGERSITZ_NEU-1",          4445,             4,          2506,      -115.584,       48.4653,      -38.6813,"ASSEMBLY_LAGERSITZ_NEU-1_SET-GEHAEUSE","ALUMINIUM",NA,       338.280,      -1.27377,       328.175,      -82.0570,   83.9534E-03,   20.3460E-03,            2.
D:/MoVerHu_Projekt/FE_Modell/FE-Abaqus-Model/Job-19.odb,Step-163,Increment      6: Step Time =    1.000,"LAGERSITZ_NEU-1",          4445,             4,          2507,      -118.984,       48.4653,      -38.6813,"ASSEMBLY_LAGERSITZ_NEU-1_SET-GEHAEUSE","ALUMINIUM",NA,       283.072,      -1.10472,       274.613,      -68.6748,   116.928E-03,   14.4668E-03,            2.
D:/MoVerHu_Projekt/FE_Modell/FE-Abaqus-Model/Job-19.odb,Step-163,Increment      6: Step Time =    1.000,"LAGERSITZ_NEU-1",          4442,             4,          2507,      -118.984,       48.4653,      -38.6813,"ASSEMBLY_LAGERSITZ_NEU-1_SET-GEHAEUSE","ALUMINIUM",NA,       283.072,      -1.10472,       274.613,      -68.6748,   116.928E-03,   14.4668E-03,            2.
D:/MoVerHu_Projekt/FE_Modell/FE-Abaqus-Model/Job-19.odb,Step-163,Increment      6: Step Time =    1.000,"LAGERSITZ_NEU-1",          4444,             4,          2507,      -118.984,       48.4653,      -38.6813,"ASSEMBLY_LAGERSITZ_NEU-1_SET-GEHAEUSE","ALUMINIUM",NA,       283.072,      -1.10472,       274.613,      -68.6748,   116.928E-03,   14.4668E-03,            2.
D:/MoVerHu_Projekt/FE_Modell/FE-Abaqus-Model/Job-19.odb,Step-163,Increment      6: Step Time =    1.000,"LAGERSITZ_NEU-1",          4441,             4,          2507,      -118.984,       48.4653,      -38.6813,"ASSEMBLY_LAGERSITZ_NEU-1_SET-GEHAEUSE","ALUMINIUM",NA,       283.072,      -1.10472,       274.613,      -68.6748,   116.928E-03,   14.4668E-03,            2.
D:/MoVerHu_Projekt/FE_Modell/FE-Abaqus-Model/Job-19.odb,Step-163,Increment      6: Step Time =    1.000,"LAGERSITZ_NEU-1",          4449,             4,          2508,      -112.184,       49.0336,      -36.1090,"ASSEMBLY_LAGERSITZ_NEU-1_SET-GEHAEUSE","ALUMINIUM",NA,       388.682,      -1.37819,       381.468,      -74.5243,   46.7340E-03,   12.9098E-03,            2.
D:/MoVerHu_Projekt/FE_Modell/FE-Abaqus-Model/Job-19.odb,Step-163,Increment      6: Step Time =    1.000,"LAGERSITZ_NEU-1",         13053,             6,          2508,      -112.184,       49.0336,      -36.1090,"ASSEMBLY_LAGERSITZ_NEU-1_SET-GEHAEUSE","ALUMINIUM",NA,       388.682,      -1.37819,       381.468,      -74.5243,   46.7340E-03,   12.9098E-03,            2.
D:/MoVerHu_Projekt/FE_Modell/FE-Abaqus-Model/Job-19.odb,Step-163,Increment      6: Step Time =    1.000,"LAGERSITZ_NEU-1",          4446,             4,          2508,      -112.184,       49.0336,      -36.1090,"ASSEMBLY_LAGERSITZ_NEU-1_SET-GEHAEUSE","ALUMINIUM",NA,       388.682,      -1.37819,       381.468,      -74.5243,   46.7340E-03,   12.9098E-03,            2.
D:/MoVerHu_Projekt/FE_Modell/FE-Abaqus-Model/Job-19.odb,Step-163,Increment      6: Step Time =    1.000,"LAGERSITZ_NEU-1",         13048,             6,          2508,      -112.184,       49.0336,      -36.1090,"ASSEMBLY_LAGERSITZ_NEU-1_SET-GEHAEUSE","ALUMINIUM",NA,       388.682,      -1.37819,       381.468,      -74.5243,   46.7340E-03,   12.9098E-03,            2.
D:/MoVerHu_Projekt/FE_Modell/FE-Abaqus-Model/Job-19.odb,Step-163,Increment      6: Step Time =    1.000,"LAGERSITZ_NEU-1",          4449,             4,          2509,      -112.184,       49.4780,      -33.5125,"ASSEMBLY_LAGERSITZ_NEU-1_SET-GEHAEUSE","ALUMINIUM",NA,       390.795,      -1.38260,       386.641,      -56.8117,   84.3733E-03,   5.82365E-03,            2.
D:/MoVerHu_Projekt/FE_Modell/FE-Abaqus-Model/Job-19.odb,Step-163,Increment      6: Step Time =    1.000,"LAGERSITZ_NEU-1",         13058,             6,          2509,      -112.184,       49.4780,      -33.5125,"ASSEMBLY_LAGERSITZ_NEU-1_SET-GEHAEUSE","ALUMINIUM",NA,       390.795,      -1.38260,       386.641,      -56.8117,   84.3733E-03,   5.82365E-03,            2.
D:/MoVerHu_Projekt/FE_Modell/FE-Abaqus-Model/Job-19.odb,Step-163,Increment      6: Step Time =    1.000,"LAGERSITZ_NEU-1",         13053,             6,          2509,      -112.184,       49.4780,      -33.5125,"ASSEMBLY_LAGERSITZ_NEU-1_SET-GEHAEUSE","ALUMINIUM",NA,       390.795,      -1.38260,       386.641,      -56.8117,   84.3733E-03,   5.82365E-03,            2.
D:/MoVerHu_Projekt/FE_Modell/FE-Abaqus-Model/Job-19.odb,Step-163,Increment      6: Step Time =    1.000,"LAGERSITZ_NEU-1",          4452,             4,          2509,      -112.184,       49.4780,      -33.5125,"ASSEMBLY_LAGERSITZ_NEU-1_SET-GEHAEUSE","ALUMINIUM",NA,       390.795,      -1.38260,       386.641,      -56.8117,   84.3733E-03,   5.82365E-03,            2.
D:/MoVerHu_Projekt/FE_Modell/FE-Abaqus-Model/Job-19.odb,Step-163,Increment      6: Step Time =    1.000,"LAGERSITZ_NEU-1",          4452,             4,          2510,      -112.184,       49.7977,      -30.8977,"ASSEMBLY_LAGERSITZ_NEU-1_SET-GEHAEUSE","ALUMINIUM",NA,       313.262,      -1.10349,       311.720,      -31.0164,   104.516E-03,  -5.55572E-03,            2.
D:/MoVerHu_Projekt/FE_Modell/FE-Abaqus-Model/Job-19.odb,Step-163,Increment      6: Step Time =    1.000,"LAGERSITZ_NEU-1",         13063,             6,          2510,      -112.184,       49.7977,      -30.8977,"ASSEMBLY_LAGERSITZ_NEU-1_SET-GEHAEUSE","ALUMINIUM",NA,       313.262,      -1.10349,       311.720,      -31.0164,   104.516E-03,  -5.55572E-03,            2.
D:/MoVerHu_Projekt/FE_Modell/FE-Abaqus-Model/Job-19.odb,Step-163,Increment      6: Step Time =    1.000,"LAGERSITZ_NEU-1",          4455,             4,          2510,      -112.184,       49.7977,      -30.8977,"ASSEMBLY_LAGERSITZ_NEU-1_SET-GEHAEUSE","ALUMINIUM",NA,       313.262,      -1.10349,       311.720,      -31.0164,   104.516E-03,  -5.55572E-03,            2.
D:/MoVerHu_Projekt/FE_Modell/FE-Abaqus-Model/Job-19.odb,Step-163,Increment      6: Step Time =    1.000,"LAGERSITZ_NEU-1",         13058,             6,          2510,      -112.184,       49.7977,      -30.8977,"ASSEMBLY_LAGERSITZ_NEU-1_SET-GEHAEUSE","ALUMINIUM",NA,       313.262,      -1.10349,       311.720,      -31.0164,   104.516E-03,  -5.55572E-03,            2.
D:/MoVerHu_Projekt/FE_Modell/FE-Abaqus-Model/Job-19.odb,Step-163,Increment      6: Step Time =    1.000,"LAGERSITZ_NEU-1",         13068,             6,          2511,      -112.184,       49.9917,      -28.2706,"ASSEMBLY_LAGERSITZ_NEU-1_SET-GEHAEUSE","ALUMINIUM",NA,       225.013,  -781.832E-03,       224.733,      -11.1890,   101.081E-03,  -18.4437E-03,            2.
D:/MoVerHu_Projekt/FE_Modell/FE-Abaqus-Model/Job-19.odb,Step-163,Increment      6: Step Time =    1.000,"LAGERSITZ_NEU-1",          4455,             4,          2511,      -112.184,       49.9917,      -28.2706,"ASSEMBLY_LAGERSITZ_NEU-1_SET-GEHAEUSE","ALUMINIUM",NA,       225.013,  -781.832E-03,       224.733,      -11.1890,   101.081E-03,  -18.4437E-03,            2.
D:/MoVerHu_Projekt/FE_Modell/FE-Abaqus-Model/Job-19.odb,Step-163,Increment      6: Step Time =    1.000,"LAGERSITZ_NEU-1",         13063,             6,          2511,      -112.184,       49.9917,      -28.2706,"ASSEMBLY_LAGERSITZ_NEU-1_SET-GEHAEUSE","ALUMINIUM",NA,       225.013,  -781.832E-03,       224.733,      -11.1890,   101.081E-03,  -18.4437E-03,            2.
D:/MoVerHu_Projekt/FE_Modell/FE-Abaqus-Model/Job-19.odb,Step-163,Increment      6: Step Time =    1.000,"LAGERSITZ_NEU-1",          4458,             4,          2511,      -112.184,       49.9917,      -28.2706,"ASSEMBLY_LAGERSITZ_NEU-1_SET-GEHAEUSE","ALUMINIUM",NA,       225.013,  -781.832E-03,       224.733,      -11.1890,   101.081E-03,  -18.4437E-03,            2.
D:/MoVerHu_Projekt/FE_Modell/FE-Abaqus-Model/Job-19.odb,Step-163,Increment      6: Step Time =    1.000,"LAGERSITZ_NEU-1",         12862,             3,          2576,      -97.1837,      -39.9554,      -71.1427,"ASSEMBLY_LAGERSITZ_NEU-1_SET-GEHAEUSE","ALUMINIUM",NA,            0.,            0.,            0.,            0.,  -82.6856E-18,   2.47798E-15,       NoValue
D:/MoVerHu_Projekt/FE_Modell/FE-Abaqus-Model/Job-19.odb,Step-163,Increment      6: Step Time =    1.000,"LAGERSITZ_NEU-1",         12867,             3,          2576,      -97.1837,      -39.9554,      -71.1427,"ASSEMBLY_LAGERSITZ_NEU-1_SET-GEHAEUSE","ALUMINIUM",NA,            0.,            0.,            0.,            0.,  -82.6856E-18,   2.47798E-15,       NoValue
D:/MoVerHu_Projekt/FE_Modell/FE-Abaqus-Model/Job-19.odb,Step-163,Increment      6: Step Time =    1.000,"LAGERSITZ_NEU-1",         12862,             3,          2577,      -97.1837,      -42.1236,      -69.3930,"ASSEMBLY_LAGERSITZ_NEU-1_SET-GEHAEUSE","ALUMINIUM",NA,            0.,            0.,            0.,            0.,   1.57313E-15,   6.71017E-15,       NoValue
D:/MoVerHu_Projekt/FE_Modell/FE-Abaqus-Model/Job-19.odb,Step-163,Increment      6: Step Time =    1.000,"LAGERSITZ_NEU-1",         12857,             3,          2577,      -97.1837,      -42.1236,      -69.3930,"ASSEMBLY_LAGERSITZ_NEU-1_SET-GEHAEUSE","ALUMINIUM",NA,            0.,            0.,            0.,            0.,   1.57313E-15,   6.71017E-15,       NoValue
D:/MoVerHu_Projekt/FE_Modell/FE-Abaqus-Model/Job-19.odb,Step-163,Increment      6: Step Time =    1.000,"LAGERSITZ_NEU-1",         12852,             3,          2578,      -97.1837,      -44.2045,      -67.5403,"ASSEMBLY_LAGERSITZ_NEU-1_SET-GEHAEUSE","ALUMINIUM",NA,            0.,            0.,            0.,            0.,  -5.32294E-15,   8.11489E-15,       NoValue
D:/MoVerHu_Projekt/FE_Modell/FE-Abaqus-Model/Job-19.odb,Step-163,Increment      6: Step Time =    1.000,"LAGERSITZ_NEU-1",         12857,             3,          2578,      -97.1837,      -44.2045,      -67.5403,"ASSEMBLY_LAGERSITZ_NEU-1_SET-GEHAEUSE","ALUMINIUM",NA,            0.,            0.,            0.,            0.,  -5.32294E-15,   8.11489E-15,       NoValue
D:/MoVerHu_Projekt/FE_Modell/FE-Abaqus-Model/Job-19.odb,Step-163,Increment      6: Step Time =    1.000,"LAGERSITZ_NEU-1",         12847,             3,          2579,      -97.1837,      -46.1932,      -65.5890,"ASSEMBLY_LAGERSITZ_NEU-1_SET-GEHAEUSE","ALUMINIUM",NA,            0.,            0.,            0.,            0.,  -1.50807E-15,  -650.279E-18,       NoValue
D:/MoVerHu_Projekt/FE_Modell/FE-Abaqus-Model/Job-19.odb,Step-163,Increment      6: Step Time =    1.000,"LAGERSITZ_NEU-1",         12852,             3,          2579,      -97.1837,      -46.1932,      -65.5890,"ASSEMBLY_LAGERSITZ_NEU-1_SET-GEHAEUSE","ALUMINIUM",NA,            0.,            0.,            0.,            0.,  -1.50807E-15,  -650.279E-18,       NoValue
D:/MoVerHu_Projekt/FE_Modell/FE-Abaqus-Model/Job-19.odb,Step-163,Increment      6: Step Time =    1.000,"LAGERSITZ_NEU-1",         12842,             3,          2580,      -97.1837,      -48.0851,      -63.5437,"ASSEMBLY_LAGERSITZ_NEU-1_SET-GEHAEUSE","ALUMINIUM",NA,            0.,            0.,            0.,            0.,  -3.52113E-15,  -1.60249E-15,       NoValue
D:/MoVerHu_Projekt/FE_Modell/FE-Abaqus-Model/Job-19.odb,Step-163,Increment      6: Step Time =    1.000,"LAGERSITZ_NEU-1",         12847,             3,          2580,      -97.1837,      -48.0851,      -63.5437,"ASSEMBLY_LAGERSITZ_NEU-1_SET-GEHAEUSE","ALUMINIUM",NA,            0.,            0.,            0.,            0.,  -3.52113E-15,  -1.60249E-15,       NoValue
D:/MoVerHu_Projekt/FE_Modell/FE-Abaqus-Model/Job-19.odb,Step-163,Increment      6: Step Time =    1.000,"LAGERSITZ_NEU-1",         12842,             3,          2581,      -97.1837,      -49.8757,      -61.4091,"ASSEMBLY_LAGERSITZ_NEU-1_SET-GEHAEUSE","ALUMINIUM",NA,            0.,            0.,            0.,            0.,  -5.92379E-15,   4.71957E-15,       NoValue
D:/MoVerHu_Projekt/FE_Modell/FE-Abaqus-Model/Job-19.odb,Step-163,Increment      6: Step Time =    1.000,"LAGERSITZ_NEU-1",         12837,             3,          2581,      -97.1837,      -49.8757,      -61.4091,"ASSEMBLY_LAGERSITZ_NEU-1_SET-GEHAEUSE","ALUMINIUM",NA,            0.,            0.,            0.,            0.,  -5.92379E-15,   4.71957E-15,       NoValue
D:/MoVerHu_Projekt/FE_Modell/FE-Abaqus-Model/Job-19.odb,Step-163,Increment      6: Step Time =    1.000,"LAGERSITZ_NEU-1",         12837,             3,          2582,      -97.1837,      -51.5607,      -59.1903,"ASSEMBLY_LAGERSITZ_NEU-1_SET-GEHAEUSE","ALUMINIUM",NA,            0.,            0.,            0.,            0.,   404.063E-18,  -1.58707E-15,       NoValue
D:/MoVerHu_Projekt/FE_Modell/FE-Abaqus-Model/Job-19.odb,Step-163,Increment      6: Step Time =    1.000,"LAGERSITZ_NEU-1",         12832,             3,          2582,      -97.1837,      -51.5607,      -59.1903,"ASSEMBLY_LAGERSITZ_NEU-1_SET-GEHAEUSE","ALUMINIUM",NA,            0.,            0.,            0.,            0.,   404.063E-18,  -1.58707E-15,       NoValue
D:/MoVerHu_Projekt/FE_Modell/FE-Abaqus-Model/Job-19.odb,Step-163,Increment      6: Step Time =    1.000,"LAGERSITZ_NEU-1",         12827,             3,          2583,      -97.1837,      -53.1363,      -56.8925,"ASSEMBLY_LAGERSITZ_NEU-1_SET-GEHAEUSE","ALUMINIUM",NA,            0.,            0.,            0.,            0.,   3.60836E-15,  -2.03729E-15,       NoValue
D:/MoVerHu_Projekt/FE_Modell/FE-Abaqus-Model/Job-19.odb,Step-163,Increment      6: Step Time =    1.000,"LAGERSITZ_NEU-1",         12832,             3,          2583,      -97.1837,      -53.1363,      -56.8925,"ASSEMBLY_LAGERSITZ_NEU-1_SET-GEHAEUSE","ALUMINIUM",NA,            0.,            0.,            0.,            0.,   3.60836E-15,  -2.03729E-15,       NoValue
D:/MoVerHu_Projekt/FE_Modell/FE-Abaqus-Model/Job-19.odb,Step-163,Increment      6: Step Time =    1.000,"LAGERSITZ_NEU-1",         12822,             3,          2584,      -97.1837,      -54.5988,      -54.5211,"ASSEMBLY_LAGERSITZ_NEU-1_SET-GEHAEUSE","ALUMINIUM",NA,            0.,            0.,            0.,            0.,   3.13515E-15,  -1.96033E-15,       NoValue
D:/MoVerHu_Projekt/FE_Modell/FE-Abaqus-Model/Job-19.odb,Step-163,Increment      6: Step Time =    1.000,"LAGERSITZ_NEU-1",         12827,             3,          2584,      -97.1837,      -54.5988,      -54.5211,"ASSEMBLY_LAGERSITZ_NEU-1_SET-GEHAEUSE","ALUMINIUM",NA,            0.,            0.,            0.,            0.,   3.13515E-15,  -1.96033E-15,       NoValue
D:/MoVerHu_Projekt/FE_Modell/FE-Abaqus-Model/Job-19.odb,Step-163,Increment      6: Step Time =    1.000,"LAGERSITZ_NEU-1",         12822,             3,          2585,      -97.1837,      -55.9446,      -52.0815,"ASSEMBLY_LAGERSITZ_NEU-1_SET-GEHAEUSE","ALUMINIUM",NA,            0.,            0.,            0.,            0.,  -2.74064E-15,   434.816E-18,       NoValue
D:/MoVerHu_Projekt/FE_Modell/FE-Abaqus-Model/Job-19.odb,Step-163,Increment      6: Step Time =    1.000,"LAGERSITZ_NEU-1",         12817,             3,          2585,      -97.1837,      -55.9446,      -52.0815,"ASSEMBLY_LAGERSITZ_NEU-1_SET-GEHAEUSE","ALUMINIUM",NA,            0.,            0.,            0.,            0.,  -2.74064E-15,   434.816E-18,       NoValue
D:/MoVerHu_Projekt/FE_Modell/FE-Abaqus-Model/Job-19.odb,Step-163,Increment      6: Step Time =    1.000,"LAGERSITZ_NEU-1",         12812,             3,          2586,      -97.1837,      -57.1707,      -49.5797,"ASSEMBLY_LAGERSITZ_NEU-1_SET-GEHAEUSE","ALUMINIUM",NA,            0.,            0.,            0.,            0.,  -1.11280E-15,  -3.25354E-15,       NoValue
D:/MoVerHu_Projekt/FE_Modell/FE-Abaqus-Model/Job-19.odb,Step-163,Increment      6: Step Time =    1.000,"LAGERSITZ_NEU-1",         12817,             3,          2586,      -97.1837,      -57.1707,      -49.5797,"ASSEMBLY_LAGERSITZ_NEU-1_SET-GEHAEUSE","ALUMINIUM",NA,            0.,            0.,            0.,            0.,  -1.11280E-15,  -3.25354E-15,       NoValue
D:/MoVerHu_Projekt/FE_Modell/FE-Abaqus-Model/Job-19.odb,Step-163,Increment      6: Step Time =    1.000,"LAGERSITZ_NEU-1",         12812,             3,          2587,      -97.1837,      -58.2742,      -47.0214,"ASSEMBLY_LAGERSITZ_NEU-1_SET-GEHAEUSE","ALUMINIUM",NA,            0.,            0.,            0.,            0.,   173.629E-21,  -2.38240E-15,       NoValue
D:/MoVerHu_Projekt/FE_Modell/FE-Abaqus-Model/Job-19.odb,Step-163,Increment      6: Step Time =    1.000,"LAGERSITZ_NEU-1",         12807,             3,          2587,      -97.1837,      -58.2742,      -47.0214,"ASSEMBLY_LAGERSITZ_NEU-1_SET-GEHAEUSE","ALUMINIUM",NA,            0.,            0.,            0.,            0.,   173.629E-21,  -2.38240E-15,       NoValue
D:/MoVerHu_Projekt/FE_Modell/FE-Abaqus-Model/Job-19.odb,Step-163,Increment      6: Step Time =    1.000,"LAGERSITZ_NEU-1",         12802,             3,          2588,      -97.1837,      -59.2525,      -44.4127,"ASSEMBLY_LAGERSITZ_NEU-1_SET-GEHAEUSE","ALUMINIUM",NA,            0.,            0.,            0.,            0.,   6.94347E-15,   1.41960E-15,       NoValue
D:/MoVerHu_Projekt/FE_Modell/FE-Abaqus-Model/Job-19.odb,Step-163,Increment      6: Step Time =    1.000,"LAGERSITZ_NEU-1",         12807,             3,          2588,      -97.1837,      -59.2525,      -44.4127,"ASSEMBLY_LAGERSITZ_NEU-1_SET-GEHAEUSE","ALUMINIUM",NA,            0.,            0.,            0.,            0.,   6.94347E-15,   1.41960E-15,       NoValue
D:/MoVerHu_Projekt/FE_Modell/FE-Abaqus-Model/Job-19.odb,Step-163,Increment      6: Step Time =    1.000,"LAGERSITZ_NEU-1",         12802,             3,          2589,      -97.1837,      -60.1032,      -41.7596,"ASSEMBLY_LAGERSITZ_NEU-1_SET-GEHAEUSE","ALUMINIUM",NA,            0.,            0.,            0.,            0.,   1.05199E-15,  -1.25663E-15,       NoValue
D:/MoVerHu_Projekt/FE_Modell/FE-Abaqus-Model/Job-19.odb,Step-163,Increment      6: Step Time =    1.000,"LAGERSITZ_NEU-1",         12797,             3,          2589,      -97.1837,      -60.1032,      -41.7596,"ASSEMBLY_LAGERSITZ_NEU-1_SET-GEHAEUSE","ALUMINIUM",NA,            0.,            0.,            0.,            0.,   1.05199E-15,  -1.25663E-15,       NoValue
D:/MoVerHu_Projekt/FE_Modell/FE-Abaqus-Model/Job-19.odb,Step-163,Increment      6: Step Time =    1.000,"LAGERSITZ_NEU-1",         13347,             3,          2797,      -97.1837,      -60.0417,      -9.10001,"ASSEMBLY_LAGERSITZ_NEU-1_SET-GEHAEUSE","ALUMINIUM",NA,            0.,            0.,            0.,            0.,  -294.981E-18,   1.15859E-15,       NoValue
D:/MoVerHu_Projekt/FE_Modell/FE-Abaqus-Model/Job-19.odb,Step-163,Increment      6: Step Time =    1.000,"LAGERSITZ_NEU-1",         13342,             3,          2797,      -97.1837,      -60.0417,      -9.10001,"ASSEMBLY_LAGERSITZ_NEU-1_SET-GEHAEUSE","ALUMINIUM",NA,            0.,            0.,            0.,            0.,  -294.981E-18,   1.15859E-15,       NoValue
D:/MoVerHu_Projekt/FE_Modell/FE-Abaqus-Model/Job-19.odb,Step-163,Increment      6: Step Time =    1.000,"LAGERSITZ_NEU-1",         13342,             3,          2798,      -97.1837,      -59.1810,      -6.45017,"ASSEMBLY_LAGERSITZ_NEU-1_SET-GEHAEUSE","ALUMINIUM",NA,            0.,            0.,            0.,            0.,  -374.422E-18,   4.00992E-15,       NoValue
D:/MoVerHu_Projekt/FE_Modell/FE-Abaqus-Model/Job-19.odb,Step-163,Increment      6: Step Time =    1.000,"LAGERSITZ_NEU-1",         13337,             3,          2798,      -97.1837,      -59.1810,      -6.45017,"ASSEMBLY_LAGERSITZ_NEU-1_SET-GEHAEUSE","ALUMINIUM",NA,            0.,            0.,            0.,            0.,  -374.422E-18,   4.00992E-15,       NoValue
D:/MoVerHu_Projekt/FE_Modell/FE-Abaqus-Model/Job-19.odb,Step-163,Increment      6: Step Time =    1.000,"LAGERSITZ_NEU-1",         13337,             3,          2799,      -97.1837,      -58.1929,      -3.84513,"ASSEMBLY_LAGERSITZ_NEU-1_SET-GEHAEUSE","ALUMINIUM",NA,            0.,            0.,            0.,            0.,   295.699E-18,  -5.13931E-15,       NoValue
D:/MoVerHu_Projekt/FE_Modell/FE-Abaqus-Model/Job-19.odb,Step-163,Increment      6: Step Time =    1.000,"LAGERSITZ_NEU-1",         13332,             3,          2799,      -97.1837,      -58.1929,      -3.84513,"ASSEMBLY_LAGERSITZ_NEU-1_SET-GEHAEUSE","ALUMINIUM",NA,            0.,            0.,            0.,            0.,   295.699E-18,  -5.13931E-15,       NoValue
D:/MoVerHu_Projekt/FE_Modell/FE-Abaqus-Model/Job-19.odb,Step-163,Increment      6: Step Time =    1.000,"LAGERSITZ_NEU-1",         13327,             3,          2800,      -97.1837,      -57.0798,      -1.29102,"ASSEMBLY_LAGERSITZ_NEU-1_SET-GEHAEUSE","ALUMINIUM",NA,            0.,            0.,            0.,            0.,  -49.2532E-18,  -1.67557E-15,       NoValue
D:/MoVerHu_Projekt/FE_Modell/FE-Abaqus-Model/Job-19.odb,Step-163,Increment      6: Step Time =    1.000,"LAGERSITZ_NEU-1",         13332,             3,          2800,      -97.1837,      -57.0798,      -1.29102,"ASSEMBLY_LAGERSITZ_NEU-1_SET-GEHAEUSE","ALUMINIUM",NA,            0.,            0.,            0.,            0.,  -49.2532E-18,  -1.67557E-15,       NoValue
D:/MoVerHu_Projekt/FE_Modell/FE-Abaqus-Model/Job-19.odb,Step-163,Increment      6: Step Time =    1.000,"LAGERSITZ_NEU-1",         13327,             3,          2801,      -97.1837,      -55.8443,       1.20618,"ASSEMBLY_LAGERSITZ_NEU-1_SET-GEHAEUSE","ALUMINIUM",NA,            0.,            0.,            0.,            0.,   103.357E-18,   1.18529E-15,       NoValue
D:/MoVerHu_Projekt/FE_Modell/FE-Abaqus-Model/Job-19.odb,Step-163,Increment      6: Step Time =    1.000,"LAGERSITZ_NEU-1",         13322,             3,          2801,      -97.1837,      -55.8443,       1.20618,"ASSEMBLY_LAGERSITZ_NEU-1_SET-GEHAEUSE","ALUMINIUM",NA,            0.,            0.,            0.,            0.,   103.357E-18,   1.18529E-15,       NoValue
D:/MoVerHu_Projekt/FE_Modell/FE-Abaqus-Model/Job-19.odb,Step-163,Increment      6: Step Time =    1.000,"LAGERSITZ_NEU-1",         13317,             3,          2802,      -97.1837,      -54.4892,       3.64060,"ASSEMBLY_LAGERSITZ_NEU-1_SET-GEHAEUSE","ALUMINIUM",NA,            0.,            0.,            0.,            0.,   393.855E-18,   3.94894E-15,       NoValue
D:/MoVerHu_Projekt/FE_Modell/FE-Abaqus-Model/Job-19.odb,Step-163,Increment      6: Step Time =    1.000,"LAGERSITZ_NEU-1",         13322,             3,          2802,      -97.1837,      -54.4892,       3.64060,"ASSEMBLY_LAGERSITZ_NEU-1_SET-GEHAEUSE","ALUMINIUM",NA,            0.,            0.,            0.,            0.,   393.855E-18,   3.94894E-15,       NoValue
D:/MoVerHu_Projekt/FE_Modell/FE-Abaqus-Model/Job-19.odb,Step-163,Increment      6: Step Time =    1.000,"LAGERSITZ_NEU-1",         13317,             3,          2803,      -97.1837,      -53.0179,       6.00652,"ASSEMBLY_LAGERSITZ_NEU-1_SET-GEHAEUSE","ALUMINIUM",NA,            0.,            0.,            0.,            0.,   732.703E-18,  -71.9142E-18,       NoValue
D:/MoVerHu_Projekt/FE_Modell/FE-Abaqus-Model/Job-19.odb,Step-163,Increment      6: Step Time =    1.000,"LAGERSITZ_NEU-1",         13312,             3,          2803,      -97.1837,      -53.0179,       6.00652,"ASSEMBLY_LAGERSITZ_NEU-1_SET-GEHAEUSE","ALUMINIUM",NA,            0.,            0.,            0.,            0.,   732.703E-18,  -71.9142E-18,       NoValue
D:/MoVerHu_Projekt/FE_Modell/FE-Abaqus-Model/Job-19.odb,Step-163,Increment      6: Step Time =    1.000,"LAGERSITZ_NEU-1",         13307,             3,          2804,      -97.1837,      -51.4336,       8.29839,"ASSEMBLY_LAGERSITZ_NEU-1_SET-GEHAEUSE","ALUMINIUM",NA,            0.,            0.,            0.,            0.,   491.673E-18,  -6.31210E-15,       NoValue
D:/MoVerHu_Projekt/FE_Modell/FE-Abaqus-Model/Job-19.odb,Step-163,Increment      6: Step Time =    1.000,"LAGERSITZ_NEU-1",         13312,             3,          2804,      -97.1837,      -51.4336,       8.29839,"ASSEMBLY_LAGERSITZ_NEU-1_SET-GEHAEUSE","ALUMINIUM",NA,            0.,            0.,            0.,            0.,   491.673E-18,  -6.31210E-15,       NoValue
D:/MoVerHu_Projekt/FE_Modell/FE-Abaqus-Model/Job-19.odb,Step-163,Increment      6: Step Time =    1.000,"LAGERSITZ_NEU-1",         13302,             3,          2805,      -97.1837,      -49.7402,       10.5108,"ASSEMBLY_LAGERSITZ_NEU-1_SET-GEHAEUSE","ALUMINIUM",NA,            0.,            0.,            0.,            0.,   690.802E-18,  -1.20368E-15,       NoValue
D:/MoVerHu_Projekt/FE_Modell/FE-Abaqus-Model/Job-19.odb,Step-163,Increment      6: Step Time =    1.000,"LAGERSITZ_NEU-1",         13307,             3,          2805,      -97.1837,      -49.7402,       10.5108,"ASSEMBLY_LAGERSITZ_NEU-1_SET-GEHAEUSE","ALUMINIUM",NA,            0.,            0.,            0.,            0.,   690.802E-18,  -1.20368E-15,       NoValue
D:/MoVerHu_Projekt/FE_Modell/FE-Abaqus-Model/Job-19.odb,Step-163,Increment      6: Step Time =    1.000,"LAGERSITZ_NEU-1",         13297,             3,          2806,      -97.1837,      -47.9416,       12.6386,"ASSEMBLY_LAGERSITZ_NEU-1_SET-GEHAEUSE","ALUMINIUM",NA,            0.,            0.,            0.,            0.,   295.569E-18,  -1.55499E-15,       NoValue
D:/MoVerHu_Projekt/FE_Modell/FE-Abaqus-Model/Job-19.odb,Step-163,Increment      6: Step Time =    1.000,"LAGERSITZ_NEU-1",         13302,             3,          2806,      -97.1837,      -47.9416,       12.6386,"ASSEMBLY_LAGERSITZ_NEU-1_SET-GEHAEUSE","ALUMINIUM",NA,            0.,            0.,            0.,            0.,   295.569E-18,  -1.55499E-15,       NoValue
D:/MoVerHu_Projekt/FE_Modell/FE-Abaqus-Model/Job-19.odb,Step-163,Increment      6: Step Time =    1.000,"LAGERSITZ_NEU-1",         13292,             3,          2807,      -97.1837,      -46.0420,       14.6768,"ASSEMBLY_LAGERSITZ_NEU-1_SET-GEHAEUSE","ALUMINIUM",NA,            0.,            0.,            0.,            0.,   765.932E-18,  -2.12972E-15,       NoValue
D:/MoVerHu_Projekt/FE_Modell/FE-Abaqus-Model/Job-19.odb,Step-163,Increment      6: Step Time =    1.000,"LAGERSITZ_NEU-1",         13297,             3,          2807,      -97.1837,      -46.0420,       14.6768,"ASSEMBLY_LAGERSITZ_NEU-1_SET-GEHAEUSE","ALUMINIUM",NA,            0.,            0.,            0.,            0.,   765.932E-18,  -2.12972E-15,       NoValue
D:/MoVerHu_Projekt/FE_Modell/FE-Abaqus-Model/Job-19.odb,Step-163,Increment      6: Step Time =    1.000,"LAGERSITZ_NEU-1",         13287,             3,          2808,      -97.1837,      -44.0460,       16.6206,"ASSEMBLY_LAGERSITZ_NEU-1_SET-GEHAEUSE","ALUMINIUM",NA,            0.,            0.,            0.,            0.,   87.8820E-18,  -2.43104E-15,       NoValue
D:/MoVerHu_Projekt/FE_Modell/FE-Abaqus-Model/Job-19.odb,Step-163,Increment      6: Step Time =    1.000,"LAGERSITZ_NEU-1",         13292,             3,          2808,      -97.1837,      -44.0460,       16.6206,"ASSEMBLY_LAGERSITZ_NEU-1_SET-GEHAEUSE","ALUMINIUM",NA,            0.,            0.,            0.,            0.,   87.8820E-18,  -2.43104E-15,       NoValue
D:/MoVerHu_Projekt/FE_Modell/FE-Abaqus-Model/Job-19.odb,Step-163,Increment      6: Step Time =    1.000,"LAGERSITZ_NEU-1",         13282,             3,          2809,      -97.1837,      -41.9581,       18.4654,"ASSEMBLY_LAGERSITZ_NEU-1_SET-GEHAEUSE","ALUMINIUM",NA,            0.,            0.,            0.,            0.,  -4.35131E-15,   2.77578E-15,       NoValue
D:/MoVerHu_Projekt/FE_Modell/FE-Abaqus-Model/Job-19.odb,Step-163,Increment      6: Step Time =    1.000,"LAGERSITZ_NEU-1",         13287,             3,          2809,      -97.1837,      -41.9581,       18.4654,"ASSEMBLY_LAGERSITZ_NEU-1_SET-GEHAEUSE","ALUMINIUM",NA,            0.,            0.,            0.,            0.,  -4.35131E-15,   2.77578E-15,       NoValue
D:/MoVerHu_Projekt/FE_Modell/FE-Abaqus-Model/Job-19.odb,Step-163,Increment      6: Step Time =    1.000,"LAGERSITZ_NEU-1",         13277,             3,          2810,      -97.1837,      -39.7833,       20.2069,"ASSEMBLY_LAGERSITZ_NEU-1_SET-GEHAEUSE","ALUMINIUM",NA,            0.,            0.,            0.,            0.,  -2.97951E-15,   1.64409E-15,       NoValue
D:/MoVerHu_Projekt/FE_Modell/FE-Abaqus-Model/Job-19.odb,Step-163,Increment      6: Step Time =    1.000,"LAGERSITZ_NEU-1",         13282,             3,          2810,      -97.1837,      -39.7833,       20.2069,"ASSEMBLY_LAGERSITZ_NEU-1_SET-GEHAEUSE","ALUMINIUM",NA,            0.,            0.,            0.,            0.,  -2.97951E-15,   1.64409E-15,       NoValue
D:/MoVerHu_Projekt/FE_Modell/FE-Abaqus-Model/Job-19.odb,Step-163,Increment      6: Step Time =    1.000,"LAGERSITZ_NEU-1",         13272,             3,          2866,      -97.1837,      -35.1003,       23.4216,"ASSEMBLY_LAGERSITZ_NEU-1_SET-GEHAEUSE","ALUMINIUM",NA,            0.,            0.,            0.,            0.,   991.087E-18,   399.724E-18,       NoValue
D:/MoVerHu_Projekt/FE_Modell/FE-Abaqus-Model/Job-19.odb,Step-163,Increment      6: Step Time =    1.000,"LAGERSITZ_NEU-1",         13267,             3,          2866,      -97.1837,      -35.1003,       23.4216,"ASSEMBLY_LAGERSITZ_NEU-1_SET-GEHAEUSE","ALUMINIUM",NA,            0.,            0.,            0.,            0.,   991.087E-18,   399.724E-18,       NoValue
D:/MoVerHu_Projekt/FE_Modell/FE-Abaqus-Model/Job-19.odb,Step-163,Increment      6: Step Time =    1.000,"LAGERSITZ_NEU-1",         13262,             3,          2867,      -97.1837,      -32.5973,       24.8779,"ASSEMBLY_LAGERSITZ_NEU-1_SET-GEHAEUSE","ALUMINIUM",NA,            0.,            0.,            0.,            0.,   985.845E-18,   594.572E-18,       NoValue
D:/MoVerHu_Projekt/FE_Modell/FE-Abaqus-Model/Job-19.odb,Step-163,Increment      6: Step Time =    1.000,"LAGERSITZ_NEU-1",         13267,             3,          2867,      -97.1837,      -32.5973,       24.8779,"ASSEMBLY_LAGERSITZ_NEU-1_SET-GEHAEUSE","ALUMINIUM",NA,            0.,            0.,            0.,            0.,   985.845E-18,   594.572E-18,       NoValue
D:/MoVerHu_Projekt/FE_Modell/FE-Abaqus-Model/Job-19.odb,Step-163,Increment      6: Step Time =    1.000,"LAGERSITZ_NEU-1",         13262,             3,          2868,      -97.1837,      -30.0243,       26.2064,"ASSEMBLY_LAGERSITZ_NEU-1_SET-GEHAEUSE","ALUMINIUM",NA,            0.,            0.,            0.,            0.,   1.52600E-15,   586.555E-18,       NoValue
D:/MoVerHu_Projekt/FE_Modell/FE-Abaqus-Model/Job-19.odb,Step-163,Increment      6: Step Time =    1.000,"LAGERSITZ_NEU-1",         13257,             3,          2868,      -97.1837,      -30.0243,       26.2064,"ASSEMBLY_LAGERSITZ_NEU-1_SET-GEHAEUSE","ALUMINIUM",NA,            0.,            0.,            0.,            0.,   1.52600E-15,   586.555E-18,       NoValue
D:/MoVerHu_Projekt/FE_Modell/FE-Abaqus-Model/Job-19.odb,Step-163,Increment      6: Step Time =    1.000,"LAGERSITZ_NEU-1",         13257,             3,          2869,      -97.1837,      -27.3875,       27.4037,"ASSEMBLY_LAGERSITZ_NEU-1_SET-GEHAEUSE","ALUMINIUM",NA,            0.,            0.,            0.,            0.,  -990.391E-18,  -587.886E-18,       NoValue
D:/MoVerHu_Projekt/FE_Modell/FE-Abaqus-Model/Job-19.odb,Step-163,Increment      6: Step Time =    1.000,"LAGERSITZ_NEU-1",         13252,             3,          2869,      -97.1837,      -27.3875,       27.4037,"ASSEMBLY_LAGERSITZ_NEU-1_SET-GEHAEUSE","ALUMINIUM",NA,            0.,            0.,            0.,            0.,  -990.391E-18,  -587.886E-18,       NoValue
D:/MoVerHu_Projekt/FE_Modell/FE-Abaqus-Model/Job-19.odb,Step-163,Increment      6: Step Time =    1.000,"LAGERSITZ_NEU-1",         13247,             3,          2870,      -97.1837,      -24.6939,       28.4667,"ASSEMBLY_LAGERSITZ_NEU-1_SET-GEHAEUSE","ALUMINIUM",NA,            0.,            0.,            0.,            0.,   2.79059E-15,  -587.249E-18,       NoValue
D:/MoVerHu_Projekt/FE_Modell/FE-Abaqus-Model/Job-19.odb,Step-163,Increment      6: Step Time =    1.000,"LAGERSITZ_NEU-1",         13252,             3,          2870,      -97.1837,      -24.6939,       28.4667,"ASSEMBLY_LAGERSITZ_NEU-1_SET-GEHAEUSE","ALUMINIUM",NA,            0.,            0.,            0.,            0.,   2.79059E-15,  -587.249E-18,       NoValue
D:/MoVerHu_Projekt/FE_Modell/FE-Abaqus-Model/Job-19.odb,Step-163,Increment      6: Step Time =    1.000,"LAGERSITZ_NEU-1",         13242,             3,          2871,      -97.1837,      -21.9501,       29.3927,"ASSEMBLY_LAGERSITZ_NEU-1_SET-GEHAEUSE","ALUMINIUM",NA,            0.,            0.,            0.,            0.,   1.36454E-15,   1.57582E-15,       NoValue
D:/MoVerHu_Projekt/FE_Modell/FE-Abaqus-Model/Job-19.odb,Step-163,Increment      6: Step Time =    1.000,"LAGERSITZ_NEU-1",         13247,             3,          2871,      -97.1837,      -21.9501,       29.3927,"ASSEMBLY_LAGERSITZ_NEU-1_SET-GEHAEUSE","ALUMINIUM",NA,            0.,            0.,            0.,            0.,   1.36454E-15,   1.57582E-15,       NoValue
D:/MoVerHu_Projekt/FE_Modell/FE-Abaqus-Model/Job-19.odb,Step-163,Increment      6: Step Time =    1.000,"LAGERSITZ_NEU-1",         13242,             3,          2872,      -97.1837,      -19.1632,       30.1795,"ASSEMBLY_LAGERSITZ_NEU-1_SET-GEHAEUSE","ALUMINIUM",NA,            0.,            0.,            0.,            0.,   1.83047E-15,   1.32167E-15,       NoValue
D:/MoVerHu_Projekt/FE_Modell/FE-Abaqus-Model/Job-19.odb,Step-163,Increment      6: Step Time =    1.000,"LAGERSITZ_NEU-1",         13237,             3,          2872,      -97.1837,      -19.1632,       30.1795,"ASSEMBLY_LAGERSITZ_NEU-1_SET-GEHAEUSE","ALUMINIUM",NA,            0.,            0.,            0.,            0.,   1.83047E-15,   1.32167E-15,       NoValue
D:/MoVerHu_Projekt/FE_Modell/FE-Abaqus-Model/Job-19.odb,Step-163,Increment      6: Step Time =    1.000,"LAGERSITZ_NEU-1",         13237,             3,          2873,      -97.1837,      -16.3403,       30.8249,"ASSEMBLY_LAGERSITZ_NEU-1_SET-GEHAEUSE","ALUMINIUM",NA,            0.,            0.,            0.,            0.,   721.856E-18,   419.005E-18,       NoValue
D:/MoVerHu_Projekt/FE_Modell/FE-Abaqus-Model/Job-19.odb,Step-163,Increment      6: Step Time =    1.000,"LAGERSITZ_NEU-1",         13232,             3,          2873,      -97.1837,      -16.3403,       30.8249,"ASSEMBLY_LAGERSITZ_NEU-1_SET-GEHAEUSE","ALUMINIUM",NA,            0.,            0.,            0.,            0.,   721.856E-18,   419.005E-18,       NoValue
D:/MoVerHu_Projekt/FE_Modell/FE-Abaqus-Model/Job-19.odb,Step-163,Increment      6: Step Time =    1.000,"LAGERSITZ_NEU-1",         13227,             3,          2874,      -97.1837,      -13.4884,       31.3274,"ASSEMBLY_LAGERSITZ_NEU-1_SET-GEHAEUSE","ALUMINIUM",NA,            0.,            0.,            0.,            0.,  -291.521E-18,  -320.025E-18,       NoValue
D:/MoVerHu_Projekt/FE_Modell/FE-Abaqus-Model/Job-19.odb,Step-163,Increment      6: Step Time =    1.000,"LAGERSITZ_NEU-1",         13232,             3,          2874,      -97.1837,      -13.4884,       31.3274,"ASSEMBLY_LAGERSITZ_NEU-1_SET-GEHAEUSE","ALUMINIUM",NA,            0.,            0.,            0.,            0.,  -291.521E-18,  -320.025E-18,       NoValue
D:/MoVerHu_Projekt/FE_Modell/FE-Abaqus-Model/Job-19.odb,Step-163,Increment      6: Step Time =    1.000,"LAGERSITZ_NEU-1",         13222,             3,          2875,      -97.1837,      -10.6148,       31.6856,"ASSEMBLY_LAGERSITZ_NEU-1_SET-GEHAEUSE","ALUMINIUM",NA,            0.,            0.,            0.,            0.,  -1.98519E-15,   791.564E-18,       NoValue
D:/MoVerHu_Projekt/FE_Modell/FE-Abaqus-Model/Job-19.odb,Step-163,Increment      6: Step Time =    1.000,"LAGERSITZ_NEU-1",         13227,             3,          2875,      -97.1837,      -10.6148,       31.6856,"ASSEMBLY_LAGERSITZ_NEU-1_SET-GEHAEUSE","ALUMINIUM",NA,            0.,            0.,            0.,            0.,  -1.98519E-15,   791.564E-18,       NoValue
D:/MoVerHu_Projekt/FE_Modell/FE-Abaqus-Model/Job-19.odb,Step-163,Increment      6: Step Time =    1.000,"LAGERSITZ_NEU-1",         13222,             3,          2876,      -97.1837,      -7.72685,       31.8988,"ASSEMBLY_LAGERSITZ_NEU-1_SET-GEHAEUSE","ALUMINIUM",NA,            0.,            0.,            0.,            0.,   1.76541E-15,   239.175E-21,       NoValue
D:/MoVerHu_Projekt/FE_Modell/FE-Abaqus-Model/Job-19.odb,Step-163,Increment      6: Step Time =    1.000,"LAGERSITZ_NEU-1",         13217,             3,          2876,      -97.1837,      -7.72685,       31.8988,"ASSEMBLY_LAGERSITZ_NEU-1_SET-GEHAEUSE","ALUMINIUM",NA,            0.,            0.,            0.,            0.,   1.76541E-15,   239.175E-21,       NoValue
D:/MoVerHu_Projekt/FE_Modell/FE-Abaqus-Model/Job-19.odb,Step-163,Increment      6: Step Time =    1.000,"LAGERSITZ_NEU-1",         12922,             3,          3118,      -97.1837,      -7.94319,      -82.9552,"ASSEMBLY_LAGERSITZ_NEU-1_SET-GEHAEUSE","ALUMINIUM",NA,            0.,            0.,            0.,            0.,  -4.69005E-15,   281.951E-18,       NoValue
D:/MoVerHu_Projekt/FE_Modell/FE-Abaqus-Model/Job-19.odb,Step-163,Increment      6: Step Time =    1.000,"LAGERSITZ_NEU-1",         12927,             3,          3118,      -97.1837,      -7.94319,      -82.9552,"ASSEMBLY_LAGERSITZ_NEU-1_SET-GEHAEUSE","ALUMINIUM",NA,            0.,            0.,            0.,            0.,  -4.69005E-15,   281.951E-18,       NoValue
D:/MoVerHu_Projekt/FE_Modell/FE-Abaqus-Model/Job-19.odb,Step-163,Increment      6: Step Time =    1.000,"LAGERSITZ_NEU-1",         12922,             3,          3119,      -97.1837,      -10.8303,      -82.7312,"ASSEMBLY_LAGERSITZ_NEU-1_SET-GEHAEUSE","ALUMINIUM",NA,            0.,            0.,            0.,            0.,   2.36232E-15,  -890.316E-18,       NoValue
D:/MoVerHu_Projekt/FE_Modell/FE-Abaqus-Model/Job-19.odb,Step-163,Increment      6: Step Time =    1.000,"LAGERSITZ_NEU-1",         12917,             3,          3119,      -97.1837,      -10.8303,      -82.7312,"ASSEMBLY_LAGERSITZ_NEU-1_SET-GEHAEUSE","ALUMINIUM",NA,            0.,            0.,            0.,            0.,   2.36232E-15,  -890.316E-18,       NoValue
D:/MoVerHu_Projekt/FE_Modell/FE-Abaqus-Model/Job-19.odb,Step-163,Increment      6: Step Time =    1.000,"LAGERSITZ_NEU-1",         12912,             3,          3120,      -97.1837,      -13.7025,      -82.3621,"ASSEMBLY_LAGERSITZ_NEU-1_SET-GEHAEUSE","ALUMINIUM",NA,            0.,            0.,            0.,            0.,  -1.96694E-15,   45.9465E-18,       NoValue
D:/MoVerHu_Projekt/FE_Modell/FE-Abaqus-Model/Job-19.odb,Step-163,Increment      6: Step Time =    1.000,"LAGERSITZ_NEU-1",         12917,             3,          3120,      -97.1837,      -13.7025,      -82.3621,"ASSEMBLY_LAGERSITZ_NEU-1_SET-GEHAEUSE","ALUMINIUM",NA,            0.,            0.,            0.,            0.,  -1.96694E-15,   45.9465E-18,       NoValue
D:/MoVerHu_Projekt/FE_Modell/FE-Abaqus-Model/Job-19.odb,Step-163,Increment      6: Step Time =    1.000,"LAGERSITZ_NEU-1",         12912,             3,          3121,      -97.1837,      -16.5525,      -81.8489,"ASSEMBLY_LAGERSITZ_NEU-1_SET-GEHAEUSE","ALUMINIUM",NA,            0.,            0.,            0.,            0.,  -2.98591E-15,   538.026E-18,       NoValue
D:/MoVerHu_Projekt/FE_Modell/FE-Abaqus-Model/Job-19.odb,Step-163,Increment      6: Step Time =    1.000,"LAGERSITZ_NEU-1",         12907,             3,          3121,      -97.1837,      -16.5525,      -81.8489,"ASSEMBLY_LAGERSITZ_NEU-1_SET-GEHAEUSE","ALUMINIUM",NA,            0.,            0.,            0.,            0.,  -2.98591E-15,   538.026E-18,       NoValue
D:/MoVerHu_Projekt/FE_Modell/FE-Abaqus-Model/Job-19.odb,Step-163,Increment      6: Step Time =    1.000,"LAGERSITZ_NEU-1",         12902,             3,          3122,      -97.1837,      -19.3730,      -81.1928,"ASSEMBLY_LAGERSITZ_NEU-1_SET-GEHAEUSE","ALUMINIUM",NA,            0.,            0.,            0.,            0.,   1.84908E-15,  -132.688E-18,       NoValue
D:/MoVerHu_Projekt/FE_Modell/FE-Abaqus-Model/Job-19.odb,Step-163,Increment      6: Step Time =    1.000,"LAGERSITZ_NEU-1",         12907,             3,          3122,      -97.1837,      -19.3730,      -81.1928,"ASSEMBLY_LAGERSITZ_NEU-1_SET-GEHAEUSE","ALUMINIUM",NA,            0.,            0.,            0.,            0.,   1.84908E-15,  -132.688E-18,       NoValue
D:/MoVerHu_Projekt/FE_Modell/FE-Abaqus-Model/Job-19.odb,Step-163,Increment      6: Step Time =    1.000,"LAGERSITZ_NEU-1",         12902,             3,          3123,      -97.1837,      -22.1569,      -80.3956,"ASSEMBLY_LAGERSITZ_NEU-1_SET-GEHAEUSE","ALUMINIUM",NA,            0.,            0.,            0.,            0.,   5.41154E-15,   101.666E-18,       NoValue
D:/MoVerHu_Projekt/FE_Modell/FE-Abaqus-Model/Job-19.odb,Step-163,Increment      6: Step Time =    1.000,"LAGERSITZ_NEU-1",         12897,             3,          3123,      -97.1837,      -22.1569,      -80.3956,"ASSEMBLY_LAGERSITZ_NEU-1_SET-GEHAEUSE","ALUMINIUM",NA,            0.,            0.,            0.,            0.,   5.41154E-15,   101.666E-18,       NoValue
D:/MoVerHu_Projekt/FE_Modell/FE-Abaqus-Model/Job-19.odb,Step-163,Increment      6: Step Time =    1.000,"LAGERSITZ_NEU-1",         12897,             3,          3124,      -97.1837,      -24.8972,      -79.4592,"ASSEMBLY_LAGERSITZ_NEU-1_SET-GEHAEUSE","ALUMINIUM",NA,            0.,            0.,            0.,            0.,   3.93634E-15,  -175.131E-18,       NoValue
D:/MoVerHu_Projekt/FE_Modell/FE-Abaqus-Model/Job-19.odb,Step-163,Increment      6: Step Time =    1.000,"LAGERSITZ_NEU-1",         12892,             3,          3124,      -97.1837,      -24.8972,      -79.4592,"ASSEMBLY_LAGERSITZ_NEU-1_SET-GEHAEUSE","ALUMINIUM",NA,            0.,            0.,            0.,            0.,   3.93634E-15,  -175.131E-18,       NoValue
D:/MoVerHu_Projekt/FE_Modell/FE-Abaqus-Model/Job-19.odb,Step-163,Increment      6: Step Time =    1.000,"LAGERSITZ_NEU-1",         12892,             3,          3125,      -97.1837,      -27.5868,      -78.3861,"ASSEMBLY_LAGERSITZ_NEU-1_SET-GEHAEUSE","ALUMINIUM",NA,            0.,            0.,            0.,            0.,   11.8239E-15,  -200.181E-18,       NoValue
D:/MoVerHu_Projekt/FE_Modell/FE-Abaqus-Model/Job-19.odb,Step-163,Increment      6: Step Time =    1.000,"LAGERSITZ_NEU-1",         12887,             3,          3125,      -97.1837,      -27.5868,      -78.3861,"ASSEMBLY_LAGERSITZ_NEU-1_SET-GEHAEUSE","ALUMINIUM",NA,            0.,            0.,            0.,            0.,   11.8239E-15,  -200.181E-18,       NoValue
D:/MoVerHu_Projekt/FE_Modell/FE-Abaqus-Model/Job-19.odb,Step-163,Increment      6: Step Time =    1.000,"LAGERSITZ_NEU-1",         12882,             3,          3126,      -97.1837,      -30.2190,      -77.1789,"ASSEMBLY_LAGERSITZ_NEU-1_SET-GEHAEUSE","ALUMINIUM",NA,            0.,            0.,            0.,            0.,   934.580E-18,  -2.33708E-15,       NoValue
D:/MoVerHu_Projekt/FE_Modell/FE-Abaqus-Model/Job-19.odb,Step-163,Increment      6: Step Time =    1.000,"LAGERSITZ_NEU-1",         12887,             3,          3126,      -97.1837,      -30.2190,      -77.1789,"ASSEMBLY_LAGERSITZ_NEU-1_SET-GEHAEUSE","ALUMINIUM",NA,            0.,            0.,            0.,            0.,   934.580E-18,  -2.33708E-15,       NoValue
D:/MoVerHu_Projekt/FE_Modell/FE-Abaqus-Model/Job-19.odb,Step-163,Increment      6: Step Time =    1.000,"LAGERSITZ_NEU-1",         12882,             3,          3127,      -97.1837,      -32.7871,      -75.8407,"ASSEMBLY_LAGERSITZ_NEU-1_SET-GEHAEUSE","ALUMINIUM",NA,            0.,            0.,            0.,            0.,   804.209E-18,  -5.13279E-15,       NoValue
D:/MoVerHu_Projekt/FE_Modell/FE-Abaqus-Model/Job-19.odb,Step-163,Increment      6: Step Time =    1.000,"LAGERSITZ_NEU-1",         12877,             3,          3127,      -97.1837,      -32.7871,      -75.8407,"ASSEMBLY_LAGERSITZ_NEU-1_SET-GEHAEUSE","ALUMINIUM",NA,            0.,            0.,            0.,            0.,   804.209E-18,  -5.13279E-15,       NoValue
D:/MoVerHu_Projekt/FE_Modell/FE-Abaqus-Model/Job-19.odb,Step-163,Increment      6: Step Time =    1.000,"LAGERSITZ_NEU-1",         12877,             3,          3128,      -97.1837,      -35.2845,      -74.3749,"ASSEMBLY_LAGERSITZ_NEU-1_SET-GEHAEUSE","ALUMINIUM",NA,            0.,            0.,            0.,            0.,  -3.95917E-15,  -1.19164E-15,       NoValue
D:/MoVerHu_Projekt/FE_Modell/FE-Abaqus-Model/Job-19.odb,Step-163,Increment      6: Step Time =    1.000,"LAGERSITZ_NEU-1",         12872,             3,          3128,      -97.1837,      -35.2845,      -74.3749,"ASSEMBLY_LAGERSITZ_NEU-1_SET-GEHAEUSE","ALUMINIUM",NA,            0.,            0.,            0.,            0.,  -3.95917E-15,  -1.19164E-15,       NoValue
D:/MoVerHu_Projekt/FE_Modell/FE-Abaqus-Model/Job-19.odb,Step-163,Increment      6: Step Time =    1.000,"LAGERSITZ_NEU-1",         12777,             6,          4013,      -100.184,      -59.9400,      -25.4301,"ASSEMBLY_LAGERSITZ_NEU-1_SET-GEHAEUSE","ALUMINIUM",NA,       1.30244,  -212.362E-06,      -1.30193,  -36.5936E-03,  -1.06642E-15,  -1.88523E-15,       NoValue
D:/MoVerHu_Projekt/FE_Modell/FE-Abaqus-Model/Job-19.odb,Step-163,Increment      6: Step Time =    1.000,"LAGERSITZ_NEU-1",         12776,             6,          4013,      -100.184,      -59.9400,      -25.4301,"ASSEMBLY_LAGERSITZ_NEU-1_SET-GEHAEUSE","ALUMINIUM",NA,       1.30244,  -212.362E-06,      -1.30193,  -36.5936E-03,  -1.06642E-15,  -1.88523E-15,       NoValue
D:/MoVerHu_Projekt/FE_Modell/FE-Abaqus-Model/Job-19.odb,Step-163,Increment      6: Step Time =    1.000,"LAGERSITZ_NEU-1",         13372,             6,          4013,      -100.184,      -59.9400,      -25.4301,"ASSEMBLY_LAGERSITZ_NEU-1_SET-GEHAEUSE","ALUMINIUM",NA,       1.30244,  -212.362E-06,      -1.30193,  -36.5936E-03,  -1.06642E-15,  -1.88523E-15,       NoValue
D:/MoVerHu_Projekt/FE_Modell/FE-Abaqus-Model/Job-19.odb,Step-163,Increment      6: Step Time =    1.000,"LAGERSITZ_NEU-1",         13371,             6,          4013,      -100.184,      -59.9400,      -25.4301,"ASSEMBLY_LAGERSITZ_NEU-1_SET-GEHAEUSE","ALUMINIUM",NA,       1.30244,  -212.362E-06,      -1.30193,  -36.5936E-03,  -1.06642E-15,  -1.88523E-15,       NoValue
D:/MoVerHu_Projekt/FE_Modell/FE-Abaqus-Model/Job-19.odb,Step-163,Increment      6: Step Time =    1.000,"LAGERSITZ_NEU-1",         13371,             6,          4014,      -103.184,      -59.9400,      -25.4301,"ASSEMBLY_LAGERSITZ_NEU-1_SET-GEHAEUSE","ALUMINIUM",NA,            0.,            0.,            0.,            0.,   497.713E-18,  -1.67798E-15,       NoValue
D:/MoVerHu_Projekt/FE_Modell/FE-Abaqus-Model/Job-19.odb,Step-163,Increment      6: Step Time =    1.000,"LAGERSITZ_NEU-1",         12776,             6,          4014,      -103.184,      -59.9400,      -25.4301,"ASSEMBLY_LAGERSITZ_NEU-1_SET-GEHAEUSE","ALUMINIUM",NA,            0.,            0.,            0.,            0.,   497.713E-18,  -1.67798E-15,       NoValue
D:/MoVerHu_Projekt/FE_Modell/FE-Abaqus-Model/Job-19.odb,Step-163,Increment      6: Step Time =    1.000,"LAGERSITZ_NEU-1",         12775,             6,          4014,      -103.184,      -59.9400,      -25.4301,"ASSEMBLY_LAGERSITZ_NEU-1_SET-GEHAEUSE","ALUMINIUM",NA,            0.,            0.,            0.,            0.,   497.713E-18,  -1.67798E-15,       NoValue
D:/MoVerHu_Projekt/FE_Modell/FE-Abaqus-Model/Job-19.odb,Step-163,Increment      6: Step Time =    1.000,"LAGERSITZ_NEU-1",         13370,             6,          4014,      -103.184,      -59.9400,      -25.4301,"ASSEMBLY_LAGERSITZ_NEU-1_SET-GEHAEUSE","ALUMINIUM",NA,            0.,            0.,            0.,            0.,   497.713E-18,  -1.67798E-15,       NoValue
D:/MoVerHu_Projekt/FE_Modell/FE-Abaqus-Model/Job-19.odb,Step-163,Increment      6: Step Time =    1.000,"LAGERSITZ_NEU-1",         12774,             6,          4015,      -106.184,      -59.9400,      -25.4301,"ASSEMBLY_LAGERSITZ_NEU-1_SET-GEHAEUSE","ALUMINIUM",NA,            0.,            0.,            0.,            0.,   1.87730E-15,  -1.76107E-15,       NoValue
D:/MoVerHu_Projekt/FE_Modell/FE-Abaqus-Model/Job-19.odb,Step-163,Increment      6: Step Time =    1.000,"LAGERSITZ_NEU-1",         13370,             6,          4015,      -106.184,      -59.9400,      -25.4301,"ASSEMBLY_LAGERSITZ_NEU-1_SET-GEHAEUSE","ALUMINIUM",NA,            0.,            0.,            0.,            0.,   1.87730E-15,  -1.76107E-15,       NoValue
D:/MoVerHu_Projekt/FE_Modell/FE-Abaqus-Model/Job-19.odb,Step-163,Increment      6: Step Time =    1.000,"LAGERSITZ_NEU-1",         13369,             6,          4015,      -106.184,      -59.9400,      -25.4301,"ASSEMBLY_LAGERSITZ_NEU-1_SET-GEHAEUSE","ALUMINIUM",NA,            0.,            0.,            0.,            0.,   1.87730E-15,  -1.76107E-15,       NoValue
D:/MoVerHu_Projekt/FE_Modell/FE-Abaqus-Model/Job-19.odb,Step-163,Increment      6: Step Time =    1.000,"LAGERSITZ_NEU-1",         12775,             6,          4015,      -106.184,      -59.9400,      -25.4301,"ASSEMBLY_LAGERSITZ_NEU-1_SET-GEHAEUSE","ALUMINIUM",NA,            0.,            0.,            0.,            0.,   1.87730E-15,  -1.76107E-15,       NoValue
D:/MoVerHu_Projekt/FE_Modell/FE-Abaqus-Model/Job-19.odb,Step-163,Increment      6: Step Time =    1.000,"LAGERSITZ_NEU-1",         13368,             6,          4016,      -109.184,      -59.9400,      -25.4301,"ASSEMBLY_LAGERSITZ_NEU-1_SET-GEHAEUSE","ALUMINIUM",NA,            0.,            0.,            0.,            0.,  -1.31570E-15,  -1.74679E-15,       NoValue
D:/MoVerHu_Projekt/FE_Modell/FE-Abaqus-Model/Job-19.odb,Step-163,Increment      6: Step Time =    1.000,"LAGERSITZ_NEU-1",         12773,             6,          4016,      -109.184,      -59.9400,      -25.4301,"ASSEMBLY_LAGERSITZ_NEU-1_SET-GEHAEUSE","ALUMINIUM",NA,            0.,            0.,            0.,            0.,  -1.31570E-15,  -1.74679E-15,       NoValue
D:/MoVerHu_Projekt/FE_Modell/FE-Abaqus-Model/Job-19.odb,Step-163,Increment      6: Step Time =    1.000,"LAGERSITZ_NEU-1",         12774,             6,          4016,      -109.184,      -59.9400,      -25.4301,"ASSEMBLY_LAGERSITZ_NEU-1_SET-GEHAEUSE","ALUMINIUM",NA,            0.,            0.,            0.,            0.,  -1.31570E-15,  -1.74679E-15,       NoValue
D:/MoVerHu_Projekt/FE_Modell/FE-Abaqus-Model/Job-19.odb,Step-163,Increment      6: Step Time =    1.000,"LAGERSITZ_NEU-1",         13369,             6,          4016,      -109.184,      -59.9400,      -25.4301,"ASSEMBLY_LAGERSITZ_NEU-1_SET-GEHAEUSE","ALUMINIUM",NA,            0.,            0.,            0.,            0.,  -1.31570E-15,  -1.74679E-15,       NoValue
D:/MoVerHu_Projekt/FE_Modell/FE-Abaqus-Model/Job-19.odb,Step-163,Increment      6: Step Time =    1.000,"LAGERSITZ_NEU-1",         12782,             3,          4017,      -97.1837,      -59.8477,      -28.7214,"ASSEMBLY_LAGERSITZ_NEU-1_SET-GEHAEUSE","ALUMINIUM",NA,       37.6602,  -26.0406E-03,      -37.5710,      -2.59007,  -4.76661E-03,  -3.47499E-03,       NoValue
D:/MoVerHu_Projekt/FE_Modell/FE-Abaqus-Model/Job-19.odb,Step-163,Increment      6: Step Time =    1.000,"LAGERSITZ_NEU-1",         12782,             6,          4017,      -97.1837,      -59.8477,      -28.7214,"ASSEMBLY_LAGERSITZ_NEU-1_SET-GEHAEUSE","ALUMINIUM",NA,       37.6602,  -26.0406E-03,      -37.5710,      -2.59007,  -6.06044E-03,   265.656E-06,            2.
D:/MoVerHu_Projekt/FE_Modell/FE-Abaqus-Model/Job-19.odb,Step-163,Increment      6: Step Time =    1.000,"LAGERSITZ_NEU-1",         12777,             6,          4017,      -97.1837,      -59.8477,      -28.7214,"ASSEMBLY_LAGERSITZ_NEU-1_SET-GEHAEUSE","ALUMINIUM",NA,       37.6602,  -26.0406E-03,      -37.5710,      -2.59007,  -6.06044E-03,   265.656E-06,            2.
D:/MoVerHu_Projekt/FE_Modell/FE-Abaqus-Model/Job-19.odb,Step-163,Increment      6: Step Time =    1.000,"LAGERSITZ_NEU-1",         12777,             3,          4017,      -97.1837,      -59.8477,      -28.7214,"ASSEMBLY_LAGERSITZ_NEU-1_SET-GEHAEUSE","ALUMINIUM",NA,       37.6602,  -26.0406E-03,      -37.5710,      -2.59007,  -4.76661E-03,  -3.47499E-03,       NoValue
D:/MoVerHu_Projekt/FE_Modell/FE-Abaqus-Model/Job-19.odb,Step-163,Increment      6: Step Time =    1.000,"LAGERSITZ_NEU-1",         12782,             3,          4018,      -97.1837,      -59.5585,      -32.0013,"ASSEMBLY_LAGERSITZ_NEU-1_SET-GEHAEUSE","ALUMINIUM",NA,       89.2322,  -123.002E-03,      -88.6242,      -10.3981,  -5.31908E-03,   2.68139E-03,       NoValue
D:/MoVerHu_Projekt/FE_Modell/FE-Abaqus-Model/Job-19.odb,Step-163,Increment      6: Step Time =    1.000,"LAGERSITZ_NEU-1",         12782,             6,          4018,      -97.1837,      -59.5585,      -32.0013,"ASSEMBLY_LAGERSITZ_NEU-1_SET-GEHAEUSE","ALUMINIUM",NA,       89.2322,  -123.002E-03,      -88.6242,      -10.3981,  -6.66186E-03,   802.939E-06,            2.
D:/MoVerHu_Projekt/FE_Modell/FE-Abaqus-Model/Job-19.odb,Step-163,Increment      6: Step Time =    1.000,"LAGERSITZ_NEU-1",         12787,             6,          4018,      -97.1837,      -59.5585,      -32.0013,"ASSEMBLY_LAGERSITZ_NEU-1_SET-GEHAEUSE","ALUMINIUM",NA,       89.2322,  -123.002E-03,      -88.6242,      -10.3981,  -6.66186E-03,   802.939E-06,            2.
D:/MoVerHu_Projekt/FE_Modell/FE-Abaqus-Model/Job-19.odb,Step-163,Increment      6: Step Time =    1.000,"LAGERSITZ_NEU-1",         12787,             3,          4018,      -97.1837,      -59.5585,      -32.0013,"ASSEMBLY_LAGERSITZ_NEU-1_SET-GEHAEUSE","ALUMINIUM",NA,       89.2322,  -123.002E-03,      -88.6242,      -10.3981,  -5.31908E-03,   2.68139E-03,       NoValue
D:/MoVerHu_Projekt/FE_Modell/FE-Abaqus-Model/Job-19.odb,Step-163,Increment      6: Step Time =    1.000,"LAGERSITZ_NEU-1",         12792,             3,          4019,      -97.1837,      -59.0736,      -35.2581,"ASSEMBLY_LAGERSITZ_NEU-1_SET-GEHAEUSE","ALUMINIUM",NA,       14.2248,  -15.6014E-03,      -14.0670,      -2.11284,  -876.450E-06,  -4.23738E-03,       NoValue
D:/MoVerHu_Projekt/FE_Modell/FE-Abaqus-Model/Job-19.odb,Step-163,Increment      6: Step Time =    1.000,"LAGERSITZ_NEU-1",         12792,             6,          4019,      -97.1837,      -59.0736,      -35.2581,"ASSEMBLY_LAGERSITZ_NEU-1_SET-GEHAEUSE","ALUMINIUM",NA,       14.2248,  -15.6014E-03,      -14.0670,      -2.11284,   51.3551E-03,  -6.57310E-03,       NoValue
D:/MoVerHu_Projekt/FE_Modell/FE-Abaqus-Model/Job-19.odb,Step-163,Increment      6: Step Time =    1.000,"LAGERSITZ_NEU-1",         12787,             3,          4019,      -97.1837,      -59.0736,      -35.2581,"ASSEMBLY_LAGERSITZ_NEU-1_SET-GEHAEUSE","ALUMINIUM",NA,       14.2248,  -15.6014E-03,      -14.0670,      -2.11284,  -876.450E-06,  -4.23738E-03,       NoValue
D:/MoVerHu_Projekt/FE_Modell/FE-Abaqus-Model/Job-19.odb,Step-163,Increment      6: Step Time =    1.000,"LAGERSITZ_NEU-1",         12787,             6,          4019,      -97.1837,      -59.0736,      -35.2581,"ASSEMBLY_LAGERSITZ_NEU-1_SET-GEHAEUSE","ALUMINIUM",NA,       14.2248,  -15.6014E-03,      -14.0670,      -2.11284,   51.3551E-03,  -6.57310E-03,       NoValue
D:/MoVerHu_Projekt/FE_Modell/FE-Abaqus-Model/Job-19.odb,Step-163,Increment      6: Step Time =    1.000,"LAGERSITZ_NEU-1",         12782,             3,          4020,      -97.1837,      -62.3435,      -28.8663,"ASSEMBLY_LAGERSITZ_NEU-1_SET-GEHAEUSE","ALUMINIUM",NA,       41.1368,       41.1368,  -3.65603E-03,  -4.43565E-03,  -2.21294E-03,  -1.46459E-03,       NoValue
D:/MoVerHu_Projekt/FE_Modell/FE-Abaqus-Model/Job-19.odb,Step-163,Increment      6: Step Time =    1.000,"LAGERSITZ_NEU-1",         12777,             3,          4020,      -97.1837,      -62.3435,      -28.8663,"ASSEMBLY_LAGERSITZ_NEU-1_SET-GEHAEUSE","ALUMINIUM",NA,       41.1368,       41.1368,  -3.65603E-03,  -4.43565E-03,  -2.21294E-03,  -1.46459E-03,       NoValue
D:/MoVerHu_Projekt/FE_Modell/FE-Abaqus-Model/Job-19.odb,Step-163,Increment      6: Step Time =    1.000,"LAGERSITZ_NEU-1",         12787,             3,          4021,      -97.1837,      -62.0412,      -32.2953,"ASSEMBLY_LAGERSITZ_NEU-1_SET-GEHAEUSE","ALUMINIUM",NA,       71.6789,       71.6789,  -4.02723E-03,   8.85980E-03,  -1.73436E-03,   3.43004E-03,       NoValue
D:/MoVerHu_Projekt/FE_Modell/FE-Abaqus-Model/Job-19.odb,Step-163,Increment      6: Step Time =    1.000,"LAGERSITZ_NEU-1",         12782,             3,          4021,      -97.1837,      -62.0412,      -32.2953,"ASSEMBLY_LAGERSITZ_NEU-1_SET-GEHAEUSE","ALUMINIUM",NA,       71.6789,       71.6789,  -4.02723E-03,   8.85980E-03,  -1.73436E-03,   3.43004E-03,       NoValue
D:/MoVerHu_Projekt/FE_Modell/FE-Abaqus-Model/Job-19.odb,Step-163,Increment      6: Step Time =    1.000,"LAGERSITZ_NEU-1",         12787,             3,          4022,      -97.1837,      -61.5342,      -35.7001,"ASSEMBLY_LAGERSITZ_NEU-1_SET-GEHAEUSE","ALUMINIUM",NA,       128.081,       128.081,  -40.2077E-03,  -4.35670E-03,  -323.126E-06,  -1.77301E-03,       NoValue
D:/MoVerHu_Projekt/FE_Modell/FE-Abaqus-Model/Job-19.odb,Step-163,Increment      6: Step Time =    1.000,"LAGERSITZ_NEU-1",         12792,             3,          4022,      -97.1837,      -61.5342,      -35.7001,"ASSEMBLY_LAGERSITZ_NEU-1_SET-GEHAEUSE","ALUMINIUM",NA,       128.081,       128.081,  -40.2077E-03,  -4.35670E-03,  -323.126E-06,  -1.77301E-03,       NoValue
D:/MoVerHu_Projekt/FE_Modell/FE-Abaqus-Model/Job-19.odb,Step-163,Increment      6: Step Time =    1.000,"LAGERSITZ_NEU-1",         12793,             6,          4023,      -109.184,      -58.3947,      -38.4800,"ASSEMBLY_LAGERSITZ_NEU-1_SET-GEHAEUSE","ALUMINIUM",NA,            0.,            0.,            0.,            0.,  -808.986E-18,  -147.269E-18,       NoValue
D:/MoVerHu_Projekt/FE_Modell/FE-Abaqus-Model/Job-19.odb,Step-163,Increment      6: Step Time =    1.000,"LAGERSITZ_NEU-1",         12789,             6,          4023,      -109.184,      -58.3947,      -38.4800,"ASSEMBLY_LAGERSITZ_NEU-1_SET-GEHAEUSE","ALUMINIUM",NA,            0.,            0.,            0.,            0.,  -808.986E-18,  -147.269E-18,       NoValue
D:/MoVerHu_Projekt/FE_Modell/FE-Abaqus-Model/Job-19.odb,Step-163,Increment      6: Step Time =    1.000,"LAGERSITZ_NEU-1",         12788,             6,          4023,      -109.184,      -58.3947,      -38.4800,"ASSEMBLY_LAGERSITZ_NEU-1_SET-GEHAEUSE","ALUMINIUM",NA,            0.,            0.,            0.,            0.,  -808.986E-18,  -147.269E-18,       NoValue
D:/MoVerHu_Projekt/FE_Modell/FE-Abaqus-Model/Job-19.odb,Step-163,Increment      6: Step Time =    1.000,"LAGERSITZ_NEU-1",         12794,             6,          4023,      -109.184,      -58.3947,      -38.4800,"ASSEMBLY_LAGERSITZ_NEU-1_SET-GEHAEUSE","ALUMINIUM",NA,            0.,            0.,            0.,            0.,  -808.986E-18,  -147.269E-18,       NoValue
D:/MoVerHu_Projekt/FE_Modell/FE-Abaqus-Model/Job-19.odb,Step-163,Increment      6: Step Time =    1.000,"LAGERSITZ_NEU-1",         12790,             6,          4024,      -106.184,      -58.3947,      -38.4800,"ASSEMBLY_LAGERSITZ_NEU-1_SET-GEHAEUSE","ALUMINIUM",NA,            0.,            0.,            0.,            0.,  -809.245E-18,  -110.248E-18,       NoValue
D:/MoVerHu_Projekt/FE_Modell/FE-Abaqus-Model/Job-19.odb,Step-163,Increment      6: Step Time =    1.000,"LAGERSITZ_NEU-1",         12789,             6,          4024,      -106.184,      -58.3947,      -38.4800,"ASSEMBLY_LAGERSITZ_NEU-1_SET-GEHAEUSE","ALUMINIUM",NA,            0.,            0.,            0.,            0.,  -809.245E-18,  -110.248E-18,       NoValue
D:/MoVerHu_Projekt/FE_Modell/FE-Abaqus-Model/Job-19.odb,Step-163,Increment      6: Step Time =    1.000,"LAGERSITZ_NEU-1",         12795,             6,          4024,      -106.184,      -58.3947,      -38.4800,"ASSEMBLY_LAGERSITZ_NEU-1_SET-GEHAEUSE","ALUMINIUM",NA,            0.,            0.,            0.,            0.,  -809.245E-18,  -110.248E-18,       NoValue
D:/MoVerHu_Projekt/FE_Modell/FE-Abaqus-Model/Job-19.odb,Step-163,Increment      6: Step Time =    1.000,"LAGERSITZ_NEU-1",         12794,             6,          4024,      -106.184,      -58.3947,      -38.4800,"ASSEMBLY_LAGERSITZ_NEU-1_SET-GEHAEUSE","ALUMINIUM",NA,            0.,            0.,            0.,            0.,  -809.245E-18,  -110.248E-18,       NoValue
D:/MoVerHu_Projekt/FE_Modell/FE-Abaqus-Model/Job-19.odb,Step-163,Increment      6: Step Time =    1.000,"LAGERSITZ_NEU-1",         12790,             6,          4025,      -103.184,      -58.3947,      -38.4800,"ASSEMBLY_LAGERSITZ_NEU-1_SET-GEHAEUSE","ALUMINIUM",NA,            0.,            0.,            0.,            0.,   455.174E-18,  -345.356E-18,       NoValue
D:/MoVerHu_Projekt/FE_Modell/FE-Abaqus-Model/Job-19.odb,Step-163,Increment      6: Step Time =    1.000,"LAGERSITZ_NEU-1",         12796,             6,          4025,      -103.184,      -58.3947,      -38.4800,"ASSEMBLY_LAGERSITZ_NEU-1_SET-GEHAEUSE","ALUMINIUM",NA,            0.,            0.,            0.,            0.,   455.174E-18,  -345.356E-18,       NoValue
D:/MoVerHu_Projekt/FE_Modell/FE-Abaqus-Model/Job-19.odb,Step-163,Increment      6: Step Time =    1.000,"LAGERSITZ_NEU-1",         12791,             6,          4025,      -103.184,      -58.3947,      -38.4800,"ASSEMBLY_LAGERSITZ_NEU-1_SET-GEHAEUSE","ALUMINIUM",NA,            0.,            0.,            0.,            0.,   455.174E-18,  -345.356E-18,       NoValue
D:/MoVerHu_Projekt/FE_Modell/FE-Abaqus-Model/Job-19.odb,Step-163,Increment      6: Step Time =    1.000,"LAGERSITZ_NEU-1",         12795,             6,          4025,      -103.184,      -58.3947,      -38.4800,"ASSEMBLY_LAGERSITZ_NEU-1_SET-GEHAEUSE","ALUMINIUM",NA,            0.,            0.,            0.,            0.,   455.174E-18,  -345.356E-18,       NoValue
D:/MoVerHu_Projekt/FE_Modell/FE-Abaqus-Model/Job-19.odb,Step-163,Increment      6: Step Time =    1.000,"LAGERSITZ_NEU-1",         12791,             6,          4026,      -100.184,      -58.3947,      -38.4800,"ASSEMBLY_LAGERSITZ_NEU-1_SET-GEHAEUSE","ALUMINIUM",NA,            0.,            0.,            0.,            0.,  -1.10844E-15,  -182.854E-18,       NoValue
D:/MoVerHu_Projekt/FE_Modell/FE-Abaqus-Model/Job-19.odb,Step-163,Increment      6: Step Time =    1.000,"LAGERSITZ_NEU-1",         12797,             6,          4026,      -100.184,      -58.3947,      -38.4800,"ASSEMBLY_LAGERSITZ_NEU-1_SET-GEHAEUSE","ALUMINIUM",NA,            0.,            0.,            0.,            0.,  -1.10844E-15,  -182.854E-18,       NoValue
D:/MoVerHu_Projekt/FE_Modell/FE-Abaqus-Model/Job-19.odb,Step-163,Increment      6: Step Time =    1.000,"LAGERSITZ_NEU-1",         12792,             6,          4026,      -100.184,      -58.3947,      -38.4800,"ASSEMBLY_LAGERSITZ_NEU-1_SET-GEHAEUSE","ALUMINIUM",NA,            0.,            0.,            0.,            0.,  -1.10844E-15,  -182.854E-18,       NoValue
D:/MoVerHu_Projekt/FE_Modell/FE-Abaqus-Model/Job-19.odb,Step-163,Increment      6: Step Time =    1.000,"LAGERSITZ_NEU-1",         12796,             6,          4026,      -100.184,      -58.3947,      -38.4800,"ASSEMBLY_LAGERSITZ_NEU-1_SET-GEHAEUSE","ALUMINIUM",NA,            0.,            0.,            0.,            0.,  -1.10844E-15,  -182.854E-18,       NoValue
D:/MoVerHu_Projekt/FE_Modell/FE-Abaqus-Model/Job-19.odb,Step-163,Increment      6: Step Time =    1.000,"LAGERSITZ_NEU-1",         12802,             6,          4027,      -97.1837,      -57.7048,      -41.0541,"ASSEMBLY_LAGERSITZ_NEU-1_SET-GEHAEUSE","ALUMINIUM",NA,            0.,            0.,            0.,            0.,  -4.22283E-15,  -735.367E-18,       NoValue
D:/MoVerHu_Projekt/FE_Modell/FE-Abaqus-Model/Job-19.odb,Step-163,Increment      6: Step Time =    1.000,"LAGERSITZ_NEU-1",         12802,             3,          4027,      -97.1837,      -57.7048,      -41.0541,"ASSEMBLY_LAGERSITZ_NEU-1_SET-GEHAEUSE","ALUMINIUM",NA,            0.,            0.,            0.,            0.,  -546.617E-18,  -46.6193E-18,       NoValue
D:/MoVerHu_Projekt/FE_Modell/FE-Abaqus-Model/Job-19.odb,Step-163,Increment      6: Step Time =    1.000,"LAGERSITZ_NEU-1",         12797,             3,          4027,      -97.1837,      -57.7048,      -41.0541,"ASSEMBLY_LAGERSITZ_NEU-1_SET-GEHAEUSE","ALUMINIUM",NA,            0.,            0.,            0.,            0.,  -546.617E-18,  -46.6193E-18,       NoValue
D:/MoVerHu_Projekt/FE_Modell/FE-Abaqus-Model/Job-19.odb,Step-163,Increment      6: Step Time =    1.000,"LAGERSITZ_NEU-1",         12797,             6,          4027,      -97.1837,      -57.7048,      -41.0541,"ASSEMBLY_LAGERSITZ_NEU-1_SET-GEHAEUSE","ALUMINIUM",NA,            0.,            0.,            0.,            0.,  -4.22283E-15,  -735.367E-18,       NoValue
D:/MoVerHu_Projekt/FE_Modell/FE-Abaqus-Model/Job-19.odb,Step-163,Increment      6: Step Time =    1.000,"LAGERSITZ_NEU-1",         12807,             3,          4028,      -97.1837,      -56.8911,      -43.5919,"ASSEMBLY_LAGERSITZ_NEU-1_SET-GEHAEUSE","ALUMINIUM",NA,            0.,            0.,            0.,            0.,   3.66530E-15,   1.41480E-15,       NoValue
D:/MoVerHu_Projekt/FE_Modell/FE-Abaqus-Model/Job-19.odb,Step-163,Increment      6: Step Time =    1.000,"LAGERSITZ_NEU-1",         12807,             6,          4028,      -97.1837,      -56.8911,      -43.5919,"ASSEMBLY_LAGERSITZ_NEU-1_SET-GEHAEUSE","ALUMINIUM",NA,            0.,            0.,            0.,            0.,  -6.31695E-15,  -2.70558E-15,       NoValue
D:/MoVerHu_Projekt/FE_Modell/FE-Abaqus-Model/Job-19.odb,Step-163,Increment      6: Step Time =    1.000,"LAGERSITZ_NEU-1",         12802,             6,          4028,      -97.1837,      -56.8911,      -43.5919,"ASSEMBLY_LAGERSITZ_NEU-1_SET-GEHAEUSE","ALUMINIUM",NA,            0.,            0.,            0.,            0.,  -6.31695E-15,  -2.70558E-15,       NoValue
D:/MoVerHu_Projekt/FE_Modell/FE-Abaqus-Model/Job-19.odb,Step-163,Increment      6: Step Time =    1.000,"LAGERSITZ_NEU-1",         12802,             3,          4028,      -97.1837,      -56.8911,      -43.5919,"ASSEMBLY_LAGERSITZ_NEU-1_SET-GEHAEUSE","ALUMINIUM",NA,            0.,            0.,            0.,            0.,   3.66530E-15,   1.41480E-15,       NoValue
D:/MoVerHu_Projekt/FE_Modell/FE-Abaqus-Model/Job-19.odb,Step-163,Increment      6: Step Time =    1.000,"LAGERSITZ_NEU-1",         12812,             3,          4029,      -97.1837,      -55.9554,      -46.0872,"ASSEMBLY_LAGERSITZ_NEU-1_SET-GEHAEUSE","ALUMINIUM",NA,            0.,            0.,            0.,            0.,   390.954E-18,  -3.94525E-15,       NoValue
D:/MoVerHu_Projekt/FE_Modell/FE-Abaqus-Model/Job-19.odb,Step-163,Increment      6: Step Time =    1.000,"LAGERSITZ_NEU-1",         12807,             3,          4029,      -97.1837,      -55.9554,      -46.0872,"ASSEMBLY_LAGERSITZ_NEU-1_SET-GEHAEUSE","ALUMINIUM",NA,            0.,            0.,            0.,            0.,   390.954E-18,  -3.94525E-15,       NoValue
D:/MoVerHu_Projekt/FE_Modell/FE-Abaqus-Model/Job-19.odb,Step-163,Increment      6: Step Time =    1.000,"LAGERSITZ_NEU-1",         12812,             6,          4029,      -97.1837,      -55.9554,      -46.0872,"ASSEMBLY_LAGERSITZ_NEU-1_SET-GEHAEUSE","ALUMINIUM",NA,            0.,            0.,            0.,            0.,  -8.68263E-15,   4.13046E-15,       NoValue
D:/MoVerHu_Projekt/FE_Modell/FE-Abaqus-Model/Job-19.odb,Step-163,Increment      6: Step Time =    1.000,"LAGERSITZ_NEU-1",         12807,             6,          4029,      -97.1837,      -55.9554,      -46.0872,"ASSEMBLY_LAGERSITZ_NEU-1_SET-GEHAEUSE","ALUMINIUM",NA,            0.,            0.,            0.,            0.,  -8.68263E-15,   4.13046E-15,       NoValue
D:/MoVerHu_Projekt/FE_Modell/FE-Abaqus-Model/Job-19.odb,Step-163,Increment      6: Step Time =    1.000,"LAGERSITZ_NEU-1",         12817,             6,          4030,      -97.1837,      -54.8998,      -48.5342,"ASSEMBLY_LAGERSITZ_NEU-1_SET-GEHAEUSE","ALUMINIUM",NA,            0.,            0.,            0.,            0.,  -9.03628E-15,   439.233E-18,       NoValue
D:/MoVerHu_Projekt/FE_Modell/FE-Abaqus-Model/Job-19.odb,Step-163,Increment      6: Step Time =    1.000,"LAGERSITZ_NEU-1",         12812,             6,          4030,      -97.1837,      -54.8998,      -48.5342,"ASSEMBLY_LAGERSITZ_NEU-1_SET-GEHAEUSE","ALUMINIUM",NA,            0.,            0.,            0.,            0.,  -9.03628E-15,   439.233E-18,       NoValue
D:/MoVerHu_Projekt/FE_Modell/FE-Abaqus-Model/Job-19.odb,Step-163,Increment      6: Step Time =    1.000,"LAGERSITZ_NEU-1",         12812,             3,          4030,      -97.1837,      -54.8998,      -48.5342,"ASSEMBLY_LAGERSITZ_NEU-1_SET-GEHAEUSE","ALUMINIUM",NA,            0.,            0.,            0.,            0.,  -798.212E-18,   238.540E-18,       NoValue
D:/MoVerHu_Projekt/FE_Modell/FE-Abaqus-Model/Job-19.odb,Step-163,Increment      6: Step Time =    1.000,"LAGERSITZ_NEU-1",         12817,             3,          4030,      -97.1837,      -54.8998,      -48.5342,"ASSEMBLY_LAGERSITZ_NEU-1_SET-GEHAEUSE","ALUMINIUM",NA,            0.,            0.,            0.,            0.,  -798.212E-18,   238.540E-18,       NoValue
D:/MoVerHu_Projekt/FE_Modell/FE-Abaqus-Model/Job-19.odb,Step-163,Increment      6: Step Time =    1.000,"LAGERSITZ_NEU-1",         12817,             3,          4031,      -97.1837,      -53.7271,      -50.9273,"ASSEMBLY_LAGERSITZ_NEU-1_SET-GEHAEUSE","ALUMINIUM",NA,            0.,            0.,            0.,            0.,  -1.55994E-15,  -769.192E-18,       NoValue
D:/MoVerHu_Projekt/FE_Modell/FE-Abaqus-Model/Job-19.odb,Step-163,Increment      6: Step Time =    1.000,"LAGERSITZ_NEU-1",         12817,             6,          4031,      -97.1837,      -53.7271,      -50.9273,"ASSEMBLY_LAGERSITZ_NEU-1_SET-GEHAEUSE","ALUMINIUM",NA,            0.,            0.,            0.,            0.,  -11.7639E-15,   3.25324E-15,       NoValue
D:/MoVerHu_Projekt/FE_Modell/FE-Abaqus-Model/Job-19.odb,Step-163,Increment      6: Step Time =    1.000,"LAGERSITZ_NEU-1",         12822,             3,          4031,      -97.1837,      -53.7271,      -50.9273,"ASSEMBLY_LAGERSITZ_NEU-1_SET-GEHAEUSE","ALUMINIUM",NA,            0.,            0.,            0.,            0.,  -1.55994E-15,  -769.192E-18,       NoValue
D:/MoVerHu_Projekt/FE_Modell/FE-Abaqus-Model/Job-19.odb,Step-163,Increment      6: Step Time =    1.000,"LAGERSITZ_NEU-1",         12822,             6,          4031,      -97.1837,      -53.7271,      -50.9273,"ASSEMBLY_LAGERSITZ_NEU-1_SET-GEHAEUSE","ALUMINIUM",NA,            0.,            0.,            0.,            0.,  -11.7639E-15,   3.25324E-15,       NoValue
D:/MoVerHu_Projekt/FE_Modell/FE-Abaqus-Model/Job-19.odb,Step-163,Increment      6: Step Time =    1.000,"LAGERSITZ_NEU-1",         12822,             3,          4032,      -97.1837,      -52.4397,      -53.2607,"ASSEMBLY_LAGERSITZ_NEU-1_SET-GEHAEUSE","ALUMINIUM",NA,            0.,            0.,            0.,            0.,   3.16194E-15,  -1.95408E-15,       NoValue
D:/MoVerHu_Projekt/FE_Modell/FE-Abaqus-Model/Job-19.odb,Step-163,Increment      6: Step Time =    1.000,"LAGERSITZ_NEU-1",         12822,             6,          4032,      -97.1837,      -52.4397,      -53.2607,"ASSEMBLY_LAGERSITZ_NEU-1_SET-GEHAEUSE","ALUMINIUM",NA,            0.,            0.,            0.,            0.,  -8.68382E-15,   2.45996E-15,       NoValue
D:/MoVerHu_Projekt/FE_Modell/FE-Abaqus-Model/Job-19.odb,Step-163,Increment      6: Step Time =    1.000,"LAGERSITZ_NEU-1",         12827,             3,          4032,      -97.1837,      -52.4397,      -53.2607,"ASSEMBLY_LAGERSITZ_NEU-1_SET-GEHAEUSE","ALUMINIUM",NA,            0.,            0.,            0.,            0.,   3.16194E-15,  -1.95408E-15,       NoValue
D:/MoVerHu_Projekt/FE_Modell/FE-Abaqus-Model/Job-19.odb,Step-163,Increment      6: Step Time =    1.000,"LAGERSITZ_NEU-1",         12827,             6,          4032,      -97.1837,      -52.4397,      -53.2607,"ASSEMBLY_LAGERSITZ_NEU-1_SET-GEHAEUSE","ALUMINIUM",NA,            0.,            0.,            0.,            0.,  -8.68382E-15,   2.45996E-15,       NoValue
D:/MoVerHu_Projekt/FE_Modell/FE-Abaqus-Model/Job-19.odb,Step-163,Increment      6: Step Time =    1.000,"LAGERSITZ_NEU-1",         12827,             3,          4033,      -97.1837,      -51.0408,      -55.5291,"ASSEMBLY_LAGERSITZ_NEU-1_SET-GEHAEUSE","ALUMINIUM",NA,            0.,            0.,            0.,            0.,   3.84386E-15,  -1.75604E-15,       NoValue
D:/MoVerHu_Projekt/FE_Modell/FE-Abaqus-Model/Job-19.odb,Step-163,Increment      6: Step Time =    1.000,"LAGERSITZ_NEU-1",         12832,             6,          4033,      -97.1837,      -51.0408,      -55.5291,"ASSEMBLY_LAGERSITZ_NEU-1_SET-GEHAEUSE","ALUMINIUM",NA,            0.,            0.,            0.,            0.,  -9.32481E-15,  -1.04512E-15,       NoValue
D:/MoVerHu_Projekt/FE_Modell/FE-Abaqus-Model/Job-19.odb,Step-163,Increment      6: Step Time =    1.000,"LAGERSITZ_NEU-1",         12827,             6,          4033,      -97.1837,      -51.0408,      -55.5291,"ASSEMBLY_LAGERSITZ_NEU-1_SET-GEHAEUSE","ALUMINIUM",NA,            0.,            0.,            0.,            0.,  -9.32481E-15,  -1.04512E-15,       NoValue
D:/MoVerHu_Projekt/FE_Modell/FE-Abaqus-Model/Job-19.odb,Step-163,Increment      6: Step Time =    1.000,"LAGERSITZ_NEU-1",         12832,             3,          4033,      -97.1837,      -51.0408,      -55.5291,"ASSEMBLY_LAGERSITZ_NEU-1_SET-GEHAEUSE","ALUMINIUM",NA,            0.,            0.,            0.,            0.,   3.84386E-15,  -1.75604E-15,       NoValue
D:/MoVerHu_Projekt/FE_Modell/FE-Abaqus-Model/Job-19.odb,Step-163,Increment      6: Step Time =    1.000,"LAGERSITZ_NEU-1",         12837,             6,          4034,      -97.1837,      -49.5337,      -57.7270,"ASSEMBLY_LAGERSITZ_NEU-1_SET-GEHAEUSE","ALUMINIUM",NA,            0.,            0.,            0.,            0.,  -7.89837E-15,  -4.54801E-15,       NoValue
D:/MoVerHu_Projekt/FE_Modell/FE-Abaqus-Model/Job-19.odb,Step-163,Increment      6: Step Time =    1.000,"LAGERSITZ_NEU-1",         12832,             6,          4034,      -97.1837,      -49.5337,      -57.7270,"ASSEMBLY_LAGERSITZ_NEU-1_SET-GEHAEUSE","ALUMINIUM",NA,            0.,            0.,            0.,            0.,  -7.89837E-15,  -4.54801E-15,       NoValue
D:/MoVerHu_Projekt/FE_Modell/FE-Abaqus-Model/Job-19.odb,Step-163,Increment      6: Step Time =    1.000,"LAGERSITZ_NEU-1",         12837,             3,          4034,      -97.1837,      -49.5337,      -57.7270,"ASSEMBLY_LAGERSITZ_NEU-1_SET-GEHAEUSE","ALUMINIUM",NA,            0.,            0.,            0.,            0.,  -3.13753E-18,  -3.15601E-15,       NoValue
D:/MoVerHu_Projekt/FE_Modell/FE-Abaqus-Model/Job-19.odb,Step-163,Increment      6: Step Time =    1.000,"LAGERSITZ_NEU-1",         12832,             3,          4034,      -97.1837,      -49.5337,      -57.7270,"ASSEMBLY_LAGERSITZ_NEU-1_SET-GEHAEUSE","ALUMINIUM",NA,            0.,            0.,            0.,            0.,  -3.13753E-18,  -3.15601E-15,       NoValue
D:/MoVerHu_Projekt/FE_Modell/FE-Abaqus-Model/Job-19.odb,Step-163,Increment      6: Step Time =    1.000,"LAGERSITZ_NEU-1",         12842,             3,          4035,      -97.1837,      -47.9219,      -59.8493,"ASSEMBLY_LAGERSITZ_NEU-1_SET-GEHAEUSE","ALUMINIUM",NA,            0.,            0.,            0.,            0.,  -3.54525E-15,   3.14938E-15,       NoValue
D:/MoVerHu_Projekt/FE_Modell/FE-Abaqus-Model/Job-19.odb,Step-163,Increment      6: Step Time =    1.000,"LAGERSITZ_NEU-1",         12837,             6,          4035,      -97.1837,      -47.9219,      -59.8493,"ASSEMBLY_LAGERSITZ_NEU-1_SET-GEHAEUSE","ALUMINIUM",NA,            0.,            0.,            0.,            0.,  -8.60577E-15,   397.805E-18,       NoValue
D:/MoVerHu_Projekt/FE_Modell/FE-Abaqus-Model/Job-19.odb,Step-163,Increment      6: Step Time =    1.000,"LAGERSITZ_NEU-1",         12842,             6,          4035,      -97.1837,      -47.9219,      -59.8493,"ASSEMBLY_LAGERSITZ_NEU-1_SET-GEHAEUSE","ALUMINIUM",NA,            0.,            0.,            0.,            0.,  -8.60577E-15,   397.805E-18,       NoValue
D:/MoVerHu_Projekt/FE_Modell/FE-Abaqus-Model/Job-19.odb,Step-163,Increment      6: Step Time =    1.000,"LAGERSITZ_NEU-1",         12837,             3,          4035,      -97.1837,      -47.9219,      -59.8493,"ASSEMBLY_LAGERSITZ_NEU-1_SET-GEHAEUSE","ALUMINIUM",NA,            0.,            0.,            0.,            0.,  -3.54525E-15,   3.14938E-15,       NoValue
D:/MoVerHu_Projekt/FE_Modell/FE-Abaqus-Model/Job-19.odb,Step-163,Increment      6: Step Time =    1.000,"LAGERSITZ_NEU-1",         12847,             3,          4036,      -97.1837,      -46.2092,      -61.8911,"ASSEMBLY_LAGERSITZ_NEU-1_SET-GEHAEUSE","ALUMINIUM",NA,            0.,            0.,            0.,            0.,  -2.38019E-15,  -2.43646E-15,       NoValue
D:/MoVerHu_Projekt/FE_Modell/FE-Abaqus-Model/Job-19.odb,Step-163,Increment      6: Step Time =    1.000,"LAGERSITZ_NEU-1",         12842,             6,          4036,      -97.1837,      -46.2092,      -61.8911,"ASSEMBLY_LAGERSITZ_NEU-1_SET-GEHAEUSE","ALUMINIUM",NA,            0.,            0.,            0.,            0.,  -7.06477E-15,   2.75611E-15,       NoValue
D:/MoVerHu_Projekt/FE_Modell/FE-Abaqus-Model/Job-19.odb,Step-163,Increment      6: Step Time =    1.000,"LAGERSITZ_NEU-1",         12847,             6,          4036,      -97.1837,      -46.2092,      -61.8911,"ASSEMBLY_LAGERSITZ_NEU-1_SET-GEHAEUSE","ALUMINIUM",NA,            0.,            0.,            0.,            0.,  -7.06477E-15,   2.75611E-15,       NoValue
D:/MoVerHu_Projekt/FE_Modell/FE-Abaqus-Model/Job-19.odb,Step-163,Increment      6: Step Time =    1.000,"LAGERSITZ_NEU-1",         12842,             3,          4036,      -97.1837,      -46.2092,      -61.8911,"ASSEMBLY_LAGERSITZ_NEU-1_SET-GEHAEUSE","ALUMINIUM",NA,            0.,            0.,            0.,            0.,  -2.38019E-15,  -2.43646E-15,       NoValue
D:/MoVerHu_Projekt/FE_Modell/FE-Abaqus-Model/Job-19.odb,Step-163,Increment      6: Step Time =    1.000,"LAGERSITZ_NEU-1",         12852,             3,          4037,      -97.1837,      -44.3996,      -63.8475,"ASSEMBLY_LAGERSITZ_NEU-1_SET-GEHAEUSE","ALUMINIUM",NA,            0.,            0.,            0.,            0.,  -1.96758E-15,  -1.97443E-15,       NoValue
D:/MoVerHu_Projekt/FE_Modell/FE-Abaqus-Model/Job-19.odb,Step-163,Increment      6: Step Time =    1.000,"LAGERSITZ_NEU-1",         12847,             6,          4037,      -97.1837,      -44.3996,      -63.8475,"ASSEMBLY_LAGERSITZ_NEU-1_SET-GEHAEUSE","ALUMINIUM",NA,            0.,            0.,            0.,            0.,  -7.36853E-15,   2.30103E-15,       NoValue
D:/MoVerHu_Projekt/FE_Modell/FE-Abaqus-Model/Job-19.odb,Step-163,Increment      6: Step Time =    1.000,"LAGERSITZ_NEU-1",         12847,             3,          4037,      -97.1837,      -44.3996,      -63.8475,"ASSEMBLY_LAGERSITZ_NEU-1_SET-GEHAEUSE","ALUMINIUM",NA,            0.,            0.,            0.,            0.,  -1.96758E-15,  -1.97443E-15,       NoValue
D:/MoVerHu_Projekt/FE_Modell/FE-Abaqus-Model/Job-19.odb,Step-163,Increment      6: Step Time =    1.000,"LAGERSITZ_NEU-1",         12852,             6,          4037,      -97.1837,      -44.3996,      -63.8475,"ASSEMBLY_LAGERSITZ_NEU-1_SET-GEHAEUSE","ALUMINIUM",NA,            0.,            0.,            0.,            0.,  -7.36853E-15,   2.30103E-15,       NoValue
D:/MoVerHu_Projekt/FE_Modell/FE-Abaqus-Model/Job-19.odb,Step-163,Increment      6: Step Time =    1.000,"LAGERSITZ_NEU-1",         12852,             6,          4038,      -97.1837,      -42.4974,      -65.7139,"ASSEMBLY_LAGERSITZ_NEU-1_SET-GEHAEUSE","ALUMINIUM",NA,            0.,            0.,            0.,            0.,  -10.7588E-15,  -1.17849E-15,       NoValue
D:/MoVerHu_Projekt/FE_Modell/FE-Abaqus-Model/Job-19.odb,Step-163,Increment      6: Step Time =    1.000,"LAGERSITZ_NEU-1",         12857,             3,          4038,      -97.1837,      -42.4974,      -65.7139,"ASSEMBLY_LAGERSITZ_NEU-1_SET-GEHAEUSE","ALUMINIUM",NA,            0.,            0.,            0.,            0.,  -1.25418E-15,   4.34103E-15,       NoValue
D:/MoVerHu_Projekt/FE_Modell/FE-Abaqus-Model/Job-19.odb,Step-163,Increment      6: Step Time =    1.000,"LAGERSITZ_NEU-1",         12852,             3,          4038,      -97.1837,      -42.4974,      -65.7139,"ASSEMBLY_LAGERSITZ_NEU-1_SET-GEHAEUSE","ALUMINIUM",NA,            0.,            0.,            0.,            0.,  -1.25418E-15,   4.34103E-15,       NoValue
D:/MoVerHu_Projekt/FE_Modell/FE-Abaqus-Model/Job-19.odb,Step-163,Increment      6: Step Time =    1.000,"LAGERSITZ_NEU-1",         12857,             6,          4038,      -97.1837,      -42.4974,      -65.7139,"ASSEMBLY_LAGERSITZ_NEU-1_SET-GEHAEUSE","ALUMINIUM",NA,            0.,            0.,            0.,            0.,  -10.7588E-15,  -1.17849E-15,       NoValue
D:/MoVerHu_Projekt/FE_Modell/FE-Abaqus-Model/Job-19.odb,Step-163,Increment      6: Step Time =    1.000,"LAGERSITZ_NEU-1",         12857,             3,          4039,      -97.1837,      -40.5069,      -67.4860,"ASSEMBLY_LAGERSITZ_NEU-1_SET-GEHAEUSE","ALUMINIUM",NA,            0.,            0.,            0.,            0.,  -777.016E-18,   3.95408E-15,       NoValue
D:/MoVerHu_Projekt/FE_Modell/FE-Abaqus-Model/Job-19.odb,Step-163,Increment      6: Step Time =    1.000,"LAGERSITZ_NEU-1",         12862,             6,          4039,      -97.1837,      -40.5069,      -67.4860,"ASSEMBLY_LAGERSITZ_NEU-1_SET-GEHAEUSE","ALUMINIUM",NA,            0.,            0.,            0.,            0.,  -5.52936E-15,  -4.61310E-15,       NoValue
D:/MoVerHu_Projekt/FE_Modell/FE-Abaqus-Model/Job-19.odb,Step-163,Increment      6: Step Time =    1.000,"LAGERSITZ_NEU-1",         12857,             6,          4039,      -97.1837,      -40.5069,      -67.4860,"ASSEMBLY_LAGERSITZ_NEU-1_SET-GEHAEUSE","ALUMINIUM",NA,            0.,            0.,            0.,            0.,  -5.52936E-15,  -4.61310E-15,       NoValue
D:/MoVerHu_Projekt/FE_Modell/FE-Abaqus-Model/Job-19.odb,Step-163,Increment      6: Step Time =    1.000,"LAGERSITZ_NEU-1",         12862,             3,          4039,      -97.1837,      -40.5069,      -67.4860,"ASSEMBLY_LAGERSITZ_NEU-1_SET-GEHAEUSE","ALUMINIUM",NA,            0.,            0.,            0.,            0.,  -777.016E-18,   3.95408E-15,       NoValue
D:/MoVerHu_Projekt/FE_Modell/FE-Abaqus-Model/Job-19.odb,Step-163,Increment      6: Step Time =    1.000,"LAGERSITZ_NEU-1",         12867,             6,          4040,      -97.1837,      -38.4330,      -69.1597,"ASSEMBLY_LAGERSITZ_NEU-1_SET-GEHAEUSE","ALUMINIUM",NA,            0.,            0.,            0.,            0.,  -7.70928E-15,   2.83586E-15,       NoValue
D:/MoVerHu_Projekt/FE_Modell/FE-Abaqus-Model/Job-19.odb,Step-163,Increment      6: Step Time =    1.000,"LAGERSITZ_NEU-1",         12867,             3,          4040,      -97.1837,      -38.4330,      -69.1597,"ASSEMBLY_LAGERSITZ_NEU-1_SET-GEHAEUSE","ALUMINIUM",NA,            0.,            0.,            0.,            0.,   1.45317E-15,   107.679E-18,       NoValue
D:/MoVerHu_Projekt/FE_Modell/FE-Abaqus-Model/Job-19.odb,Step-163,Increment      6: Step Time =    1.000,"LAGERSITZ_NEU-1",         12862,             3,          4040,      -97.1837,      -38.4330,      -69.1597,"ASSEMBLY_LAGERSITZ_NEU-1_SET-GEHAEUSE","ALUMINIUM",NA,            0.,            0.,            0.,            0.,   1.45317E-15,   107.679E-18,       NoValue
D:/MoVerHu_Projekt/FE_Modell/FE-Abaqus-Model/Job-19.odb,Step-163,Increment      6: Step Time =    1.000,"LAGERSITZ_NEU-1",         12862,             6,          4040,      -97.1837,      -38.4330,      -69.1597,"ASSEMBLY_LAGERSITZ_NEU-1_SET-GEHAEUSE","ALUMINIUM",NA,            0.,            0.,            0.,            0.,  -7.70928E-15,   2.83586E-15,       NoValue
D:/MoVerHu_Projekt/FE_Modell/FE-Abaqus-Model/Job-19.odb,Step-163,Increment      6: Step Time =    1.000,"LAGERSITZ_NEU-1",         12866,             6,          4041,      -100.184,      -36.2804,      -70.7309,"ASSEMBLY_LAGERSITZ_NEU-1_SET-GEHAEUSE","ALUMINIUM",NA,            0.,            0.,            0.,            0.,  -2.66439E-15,   4.89393E-15,       NoValue
D:/MoVerHu_Projekt/FE_Modell/FE-Abaqus-Model/Job-19.odb,Step-163,Increment      6: Step Time =    1.000,"LAGERSITZ_NEU-1",         12867,             6,          4041,      -100.184,      -36.2804,      -70.7309,"ASSEMBLY_LAGERSITZ_NEU-1_SET-GEHAEUSE","ALUMINIUM",NA,            0.,            0.,            0.,            0.,  -2.66439E-15,   4.89393E-15,       NoValue
D:/MoVerHu_Projekt/FE_Modell/FE-Abaqus-Model/Job-19.odb,Step-163,Increment      6: Step Time =    1.000,"LAGERSITZ_NEU-1",         12872,             6,          4041,      -100.184,      -36.2804,      -70.7309,"ASSEMBLY_LAGERSITZ_NEU-1_SET-GEHAEUSE","ALUMINIUM",NA,            0.,            0.,            0.,            0.,  -2.66439E-15,   4.89393E-15,       NoValue
D:/MoVerHu_Projekt/FE_Modell/FE-Abaqus-Model/Job-19.odb,Step-163,Increment      6: Step Time =    1.000,"LAGERSITZ_NEU-1",         12871,             6,          4041,      -100.184,      -36.2804,      -70.7309,"ASSEMBLY_LAGERSITZ_NEU-1_SET-GEHAEUSE","ALUMINIUM",NA,            0.,            0.,            0.,            0.,  -2.66439E-15,   4.89393E-15,       NoValue
D:/MoVerHu_Projekt/FE_Modell/FE-Abaqus-Model/Job-19.odb,Step-163,Increment      6: Step Time =    1.000,"LAGERSITZ_NEU-1",         12870,             6,          4042,      -103.184,      -36.2804,      -70.7309,"ASSEMBLY_LAGERSITZ_NEU-1_SET-GEHAEUSE","ALUMINIUM",NA,            0.,            0.,            0.,            0.,   478.049E-18,   4.31345E-15,       NoValue
D:/MoVerHu_Projekt/FE_Modell/FE-Abaqus-Model/Job-19.odb,Step-163,Increment      6: Step Time =    1.000,"LAGERSITZ_NEU-1",         12865,             6,          4042,      -103.184,      -36.2804,      -70.7309,"ASSEMBLY_LAGERSITZ_NEU-1_SET-GEHAEUSE","ALUMINIUM",NA,            0.,            0.,            0.,            0.,   478.049E-18,   4.31345E-15,       NoValue
D:/MoVerHu_Projekt/FE_Modell/FE-Abaqus-Model/Job-19.odb,Step-163,Increment      6: Step Time =    1.000,"LAGERSITZ_NEU-1",         12871,             6,          4042,      -103.184,      -36.2804,      -70.7309,"ASSEMBLY_LAGERSITZ_NEU-1_SET-GEHAEUSE","ALUMINIUM",NA,            0.,            0.,            0.,            0.,   478.049E-18,   4.31345E-15,       NoValue
D:/MoVerHu_Projekt/FE_Modell/FE-Abaqus-Model/Job-19.odb,Step-163,Increment      6: Step Time =    1.000,"LAGERSITZ_NEU-1",         12866,             6,          4042,      -103.184,      -36.2804,      -70.7309,"ASSEMBLY_LAGERSITZ_NEU-1_SET-GEHAEUSE","ALUMINIUM",NA,            0.,            0.,            0.,            0.,   478.049E-18,   4.31345E-15,       NoValue
D:/MoVerHu_Projekt/FE_Modell/FE-Abaqus-Model/Job-19.odb,Step-163,Increment      6: Step Time =    1.000,"LAGERSITZ_NEU-1",         12869,             6,          4043,      -106.184,      -36.2804,      -70.7309,"ASSEMBLY_LAGERSITZ_NEU-1_SET-GEHAEUSE","ALUMINIUM",NA,            0.,            0.,            0.,            0.,   1.42175E-15,   4.72366E-15,       NoValue
D:/MoVerHu_Projekt/FE_Modell/FE-Abaqus-Model/Job-19.odb,Step-163,Increment      6: Step Time =    1.000,"LAGERSITZ_NEU-1",         12870,             6,          4043,      -106.184,      -36.2804,      -70.7309,"ASSEMBLY_LAGERSITZ_NEU-1_SET-GEHAEUSE","ALUMINIUM",NA,            0.,            0.,            0.,            0.,   1.42175E-15,   4.72366E-15,       NoValue
D:/MoVerHu_Projekt/FE_Modell/FE-Abaqus-Model/Job-19.odb,Step-163,Increment      6: Step Time =    1.000,"LAGERSITZ_NEU-1",         12865,             6,          4043,      -106.184,      -36.2804,      -70.7309,"ASSEMBLY_LAGERSITZ_NEU-1_SET-GEHAEUSE","ALUMINIUM",NA,            0.,            0.,            0.,            0.,   1.42175E-15,   4.72366E-15,       NoValue
D:/MoVerHu_Projekt/FE_Modell/FE-Abaqus-Model/Job-19.odb,Step-163,Increment      6: Step Time =    1.000,"LAGERSITZ_NEU-1",         12864,             6,          4043,      -106.184,      -36.2804,      -70.7309,"ASSEMBLY_LAGERSITZ_NEU-1_SET-GEHAEUSE","ALUMINIUM",NA,            0.,            0.,            0.,            0.,   1.42175E-15,   4.72366E-15,       NoValue
D:/MoVerHu_Projekt/FE_Modell/FE-Abaqus-Model/Job-19.odb,Step-163,Increment      6: Step Time =    1.000,"LAGERSITZ_NEU-1",         12863,             6,          4044,      -109.184,      -36.2804,      -70.7309,"ASSEMBLY_LAGERSITZ_NEU-1_SET-GEHAEUSE","ALUMINIUM",NA,            0.,            0.,            0.,            0.,  -2.74098E-15,   4.67768E-15,       NoValue
D:/MoVerHu_Projekt/FE_Modell/FE-Abaqus-Model/Job-19.odb,Step-163,Increment      6: Step Time =    1.000,"LAGERSITZ_NEU-1",         12868,             6,          4044,      -109.184,      -36.2804,      -70.7309,"ASSEMBLY_LAGERSITZ_NEU-1_SET-GEHAEUSE","ALUMINIUM",NA,            0.,            0.,            0.,            0.,  -2.74098E-15,   4.67768E-15,       NoValue
D:/MoVerHu_Projekt/FE_Modell/FE-Abaqus-Model/Job-19.odb,Step-163,Increment      6: Step Time =    1.000,"LAGERSITZ_NEU-1",         12864,             6,          4044,      -109.184,      -36.2804,      -70.7309,"ASSEMBLY_LAGERSITZ_NEU-1_SET-GEHAEUSE","ALUMINIUM",NA,            0.,            0.,            0.,            0.,  -2.74098E-15,   4.67768E-15,       NoValue
D:/MoVerHu_Projekt/FE_Modell/FE-Abaqus-Model/Job-19.odb,Step-163,Increment      6: Step Time =    1.000,"LAGERSITZ_NEU-1",         12869,             6,          4044,      -109.184,      -36.2804,      -70.7309,"ASSEMBLY_LAGERSITZ_NEU-1_SET-GEHAEUSE","ALUMINIUM",NA,            0.,            0.,            0.,            0.,  -2.74098E-15,   4.67768E-15,       NoValue
D:/MoVerHu_Projekt/FE_Modell/FE-Abaqus-Model/Job-19.odb,Step-163,Increment      6: Step Time =    1.000,"LAGERSITZ_NEU-1",         12872,             6,          4045,      -97.1837,      -33.9652,      -72.2514,"ASSEMBLY_LAGERSITZ_NEU-1_SET-GEHAEUSE","ALUMINIUM",NA,            0.,            0.,            0.,            0.,  -6.31743E-15,   1.45756E-15,       NoValue
D:/MoVerHu_Projekt/FE_Modell/FE-Abaqus-Model/Job-19.odb,Step-163,Increment      6: Step Time =    1.000,"LAGERSITZ_NEU-1",         12877,             6,          4045,      -97.1837,      -33.9652,      -72.2514,"ASSEMBLY_LAGERSITZ_NEU-1_SET-GEHAEUSE","ALUMINIUM",NA,            0.,            0.,            0.,            0.,  -6.31743E-15,   1.45756E-15,       NoValue
D:/MoVerHu_Projekt/FE_Modell/FE-Abaqus-Model/Job-19.odb,Step-163,Increment      6: Step Time =    1.000,"LAGERSITZ_NEU-1",         12872,             3,          4045,      -97.1837,      -33.9652,      -72.2514,"ASSEMBLY_LAGERSITZ_NEU-1_SET-GEHAEUSE","ALUMINIUM",NA,            0.,            0.,            0.,            0.,  -802.207E-18,  -1.58871E-15,       NoValue
D:/MoVerHu_Projekt/FE_Modell/FE-Abaqus-Model/Job-19.odb,Step-163,Increment      6: Step Time =    1.000,"LAGERSITZ_NEU-1",         12877,             3,          4045,      -97.1837,      -33.9652,      -72.2514,"ASSEMBLY_LAGERSITZ_NEU-1_SET-GEHAEUSE","ALUMINIUM",NA,            0.,            0.,            0.,            0.,  -802.207E-18,  -1.58871E-15,       NoValue
D:/MoVerHu_Projekt/FE_Modell/FE-Abaqus-Model/Job-19.odb,Step-163,Increment      6: Step Time =    1.000,"LAGERSITZ_NEU-1",         12877,             3,          4046,      -97.1837,      -31.5763,      -73.6534,"ASSEMBLY_LAGERSITZ_NEU-1_SET-GEHAEUSE","ALUMINIUM",NA,            0.,            0.,            0.,            0.,  -5.92263E-18,  -5.72681E-15,       NoValue
D:/MoVerHu_Projekt/FE_Modell/FE-Abaqus-Model/Job-19.odb,Step-163,Increment      6: Step Time =    1.000,"LAGERSITZ_NEU-1",         12877,             6,          4046,      -97.1837,      -31.5763,      -73.6534,"ASSEMBLY_LAGERSITZ_NEU-1_SET-GEHAEUSE","ALUMINIUM",NA,            0.,            0.,            0.,            0.,  -11.8206E-15,  -2.21524E-15,       NoValue
D:/MoVerHu_Projekt/FE_Modell/FE-Abaqus-Model/Job-19.odb,Step-163,Increment      6: Step Time =    1.000,"LAGERSITZ_NEU-1",         12882,             3,          4046,      -97.1837,      -31.5763,      -73.6534,"ASSEMBLY_LAGERSITZ_NEU-1_SET-GEHAEUSE","ALUMINIUM",NA,            0.,            0.,            0.,            0.,  -5.92263E-18,  -5.72681E-15,       NoValue
D:/MoVerHu_Projekt/FE_Modell/FE-Abaqus-Model/Job-19.odb,Step-163,Increment      6: Step Time =    1.000,"LAGERSITZ_NEU-1",         12882,             6,          4046,      -97.1837,      -31.5763,      -73.6534,"ASSEMBLY_LAGERSITZ_NEU-1_SET-GEHAEUSE","ALUMINIUM",NA,            0.,            0.,            0.,            0.,  -11.8206E-15,  -2.21524E-15,       NoValue
D:/MoVerHu_Projekt/FE_Modell/FE-Abaqus-Model/Job-19.odb,Step-163,Increment      6: Step Time =    1.000,"LAGERSITZ_NEU-1",         12887,             6,          4047,      -97.1837,      -29.1199,      -74.9334,"ASSEMBLY_LAGERSITZ_NEU-1_SET-GEHAEUSE","ALUMINIUM",NA,            0.,            0.,            0.,            0.,  -10.2592E-15,   1.45195E-15,       NoValue
D:/MoVerHu_Projekt/FE_Modell/FE-Abaqus-Model/Job-19.odb,Step-163,Increment      6: Step Time =    1.000,"LAGERSITZ_NEU-1",         12882,             3,          4047,      -97.1837,      -29.1199,      -74.9334,"ASSEMBLY_LAGERSITZ_NEU-1_SET-GEHAEUSE","ALUMINIUM",NA,            0.,            0.,            0.,            0.,  -1.48630E-15,  -3.33215E-15,       NoValue
D:/MoVerHu_Projekt/FE_Modell/FE-Abaqus-Model/Job-19.odb,Step-163,Increment      6: Step Time =    1.000,"LAGERSITZ_NEU-1",         12882,             6,          4047,      -97.1837,      -29.1199,      -74.9334,"ASSEMBLY_LAGERSITZ_NEU-1_SET-GEHAEUSE","ALUMINIUM",NA,            0.,            0.,            0.,            0.,  -10.2592E-15,   1.45195E-15,       NoValue
D:/MoVerHu_Projekt/FE_Modell/FE-Abaqus-Model/Job-19.odb,Step-163,Increment      6: Step Time =    1.000,"LAGERSITZ_NEU-1",         12887,             3,          4047,      -97.1837,      -29.1199,      -74.9334,"ASSEMBLY_LAGERSITZ_NEU-1_SET-GEHAEUSE","ALUMINIUM",NA,            0.,            0.,            0.,            0.,  -1.48630E-15,  -3.33215E-15,       NoValue
D:/MoVerHu_Projekt/FE_Modell/FE-Abaqus-Model/Job-19.odb,Step-163,Increment      6: Step Time =    1.000,"LAGERSITZ_NEU-1",         12887,             3,          4048,      -97.1837,      -26.6022,      -76.0882,"ASSEMBLY_LAGERSITZ_NEU-1_SET-GEHAEUSE","ALUMINIUM",NA,            0.,            0.,            0.,            0.,   7.89810E-15,  -2.75845E-15,       NoValue
D:/MoVerHu_Projekt/FE_Modell/FE-Abaqus-Model/Job-19.odb,Step-163,Increment      6: Step Time =    1.000,"LAGERSITZ_NEU-1",         12887,             6,          4048,      -97.1837,      -26.6022,      -76.0882,"ASSEMBLY_LAGERSITZ_NEU-1_SET-GEHAEUSE","ALUMINIUM",NA,            0.,            0.,            0.,            0.,  -8.68276E-15,  -1.28132E-15,       NoValue
D:/MoVerHu_Projekt/FE_Modell/FE-Abaqus-Model/Job-19.odb,Step-163,Increment      6: Step Time =    1.000,"LAGERSITZ_NEU-1",         12892,             3,          4048,      -97.1837,      -26.6022,      -76.0882,"ASSEMBLY_LAGERSITZ_NEU-1_SET-GEHAEUSE","ALUMINIUM",NA,            0.,            0.,            0.,            0.,   7.89810E-15,  -2.75845E-15,       NoValue
D:/MoVerHu_Projekt/FE_Modell/FE-Abaqus-Model/Job-19.odb,Step-163,Increment      6: Step Time =    1.000,"LAGERSITZ_NEU-1",         12892,             6,          4048,      -97.1837,      -26.6022,      -76.0882,"ASSEMBLY_LAGERSITZ_NEU-1_SET-GEHAEUSE","ALUMINIUM",NA,            0.,            0.,            0.,            0.,  -8.68276E-15,  -1.28132E-15,       NoValue
D:/MoVerHu_Projekt/FE_Modell/FE-Abaqus-Model/Job-19.odb,Step-163,Increment      6: Step Time =    1.000,"LAGERSITZ_NEU-1",         12892,             3,          4049,      -97.1837,      -24.0295,      -77.1146,"ASSEMBLY_LAGERSITZ_NEU-1_SET-GEHAEUSE","ALUMINIUM",NA,            0.,            0.,            0.,            0.,   1.56869E-15,   1.01327E-15,       NoValue
D:/MoVerHu_Projekt/FE_Modell/FE-Abaqus-Model/Job-19.odb,Step-163,Increment      6: Step Time =    1.000,"LAGERSITZ_NEU-1",         12892,             6,          4049,      -97.1837,      -24.0295,      -77.1146,"ASSEMBLY_LAGERSITZ_NEU-1_SET-GEHAEUSE","ALUMINIUM",NA,            0.,            0.,            0.,            0.,  -6.31229E-15,   951.873E-18,       NoValue
D:/MoVerHu_Projekt/FE_Modell/FE-Abaqus-Model/Job-19.odb,Step-163,Increment      6: Step Time =    1.000,"LAGERSITZ_NEU-1",         12897,             6,          4049,      -97.1837,      -24.0295,      -77.1146,"ASSEMBLY_LAGERSITZ_NEU-1_SET-GEHAEUSE","ALUMINIUM",NA,            0.,            0.,            0.,            0.,  -6.31229E-15,   951.873E-18,       NoValue
D:/MoVerHu_Projekt/FE_Modell/FE-Abaqus-Model/Job-19.odb,Step-163,Increment      6: Step Time =    1.000,"LAGERSITZ_NEU-1",         12897,             3,          4049,      -97.1837,      -24.0295,      -77.1146,"ASSEMBLY_LAGERSITZ_NEU-1_SET-GEHAEUSE","ALUMINIUM",NA,            0.,            0.,            0.,            0.,   1.56869E-15,   1.01327E-15,       NoValue
D:/MoVerHu_Projekt/FE_Modell/FE-Abaqus-Model/Job-19.odb,Step-163,Increment      6: Step Time =    1.000,"LAGERSITZ_NEU-1",         12902,             6,          4050,      -97.1837,      -21.4084,      -78.0103,"ASSEMBLY_LAGERSITZ_NEU-1_SET-GEHAEUSE","ALUMINIUM",NA,            0.,            0.,            0.,            0.,  -10.7420E-15,   1.66137E-15,       NoValue
D:/MoVerHu_Projekt/FE_Modell/FE-Abaqus-Model/Job-19.odb,Step-163,Increment      6: Step Time =    1.000,"LAGERSITZ_NEU-1",         12897,             3,          4050,      -97.1837,      -21.4084,      -78.0103,"ASSEMBLY_LAGERSITZ_NEU-1_SET-GEHAEUSE","ALUMINIUM",NA,            0.,            0.,            0.,            0.,   3.40661E-15,  -368.116E-18,       NoValue
D:/MoVerHu_Projekt/FE_Modell/FE-Abaqus-Model/Job-19.odb,Step-163,Increment      6: Step Time =    1.000,"LAGERSITZ_NEU-1",         12897,             6,          4050,      -97.1837,      -21.4084,      -78.0103,"ASSEMBLY_LAGERSITZ_NEU-1_SET-GEHAEUSE","ALUMINIUM",NA,            0.,            0.,            0.,            0.,  -10.7420E-15,   1.66137E-15,       NoValue
D:/MoVerHu_Projekt/FE_Modell/FE-Abaqus-Model/Job-19.odb,Step-163,Increment      6: Step Time =    1.000,"LAGERSITZ_NEU-1",         12902,             3,          4050,      -97.1837,      -21.4084,      -78.0103,"ASSEMBLY_LAGERSITZ_NEU-1_SET-GEHAEUSE","ALUMINIUM",NA,            0.,            0.,            0.,            0.,   3.40661E-15,  -368.116E-18,       NoValue
D:/MoVerHu_Projekt/FE_Modell/FE-Abaqus-Model/Job-19.odb,Step-163,Increment      6: Step Time =    1.000,"LAGERSITZ_NEU-1",         12907,             6,          4051,      -97.1837,      -18.7455,      -78.7729,"ASSEMBLY_LAGERSITZ_NEU-1_SET-GEHAEUSE","ALUMINIUM",NA,            0.,            0.,            0.,            0.,  -7.89896E-15,   700.299E-18,       NoValue
D:/MoVerHu_Projekt/FE_Modell/FE-Abaqus-Model/Job-19.odb,Step-163,Increment      6: Step Time =    1.000,"LAGERSITZ_NEU-1",         12902,             3,          4051,      -97.1837,      -18.7455,      -78.7729,"ASSEMBLY_LAGERSITZ_NEU-1_SET-GEHAEUSE","ALUMINIUM",NA,            0.,            0.,            0.,            0.,  -1.82752E-15,  -2.20440E-18,       NoValue
D:/MoVerHu_Projekt/FE_Modell/FE-Abaqus-Model/Job-19.odb,Step-163,Increment      6: Step Time =    1.000,"LAGERSITZ_NEU-1",         12902,             6,          4051,      -97.1837,      -18.7455,      -78.7729,"ASSEMBLY_LAGERSITZ_NEU-1_SET-GEHAEUSE","ALUMINIUM",NA,            0.,            0.,            0.,            0.,  -7.89896E-15,   700.299E-18,       NoValue
D:/MoVerHu_Projekt/FE_Modell/FE-Abaqus-Model/Job-19.odb,Step-163,Increment      6: Step Time =    1.000,"LAGERSITZ_NEU-1",         12907,             3,          4051,      -97.1837,      -18.7455,      -78.7729,"ASSEMBLY_LAGERSITZ_NEU-1_SET-GEHAEUSE","ALUMINIUM",NA,            0.,            0.,            0.,            0.,  -1.82752E-15,  -2.20440E-18,       NoValue
D:/MoVerHu_Projekt/FE_Modell/FE-Abaqus-Model/Job-19.odb,Step-163,Increment      6: Step Time =    1.000,"LAGERSITZ_NEU-1",         12912,             3,          4052,      -97.1837,      -16.0476,      -79.4004,"ASSEMBLY_LAGERSITZ_NEU-1_SET-GEHAEUSE","ALUMINIUM",NA,            0.,            0.,            0.,            0.,  -2.38746E-15,   166.509E-18,       NoValue
D:/MoVerHu_Projekt/FE_Modell/FE-Abaqus-Model/Job-19.odb,Step-163,Increment      6: Step Time =    1.000,"LAGERSITZ_NEU-1",         12912,             6,          4052,      -97.1837,      -16.0476,      -79.4004,"ASSEMBLY_LAGERSITZ_NEU-1_SET-GEHAEUSE","ALUMINIUM",NA,            0.,            0.,            0.,            0.,  -7.68414E-15,   75.0698E-18,       NoValue
D:/MoVerHu_Projekt/FE_Modell/FE-Abaqus-Model/Job-19.odb,Step-163,Increment      6: Step Time =    1.000,"LAGERSITZ_NEU-1",         12907,             3,          4052,      -97.1837,      -16.0476,      -79.4004,"ASSEMBLY_LAGERSITZ_NEU-1_SET-GEHAEUSE","ALUMINIUM",NA,            0.,            0.,            0.,            0.,  -2.38746E-15,   166.509E-18,       NoValue
D:/MoVerHu_Projekt/FE_Modell/FE-Abaqus-Model/Job-19.odb,Step-163,Increment      6: Step Time =    1.000,"LAGERSITZ_NEU-1",         12907,             6,          4052,      -97.1837,      -16.0476,      -79.4004,"ASSEMBLY_LAGERSITZ_NEU-1_SET-GEHAEUSE","ALUMINIUM",NA,            0.,            0.,            0.,            0.,  -7.68414E-15,   75.0698E-18,       NoValue
D:/MoVerHu_Projekt/FE_Modell/FE-Abaqus-Model/Job-19.odb,Step-163,Increment      6: Step Time =    1.000,"LAGERSITZ_NEU-1",         12912,             6,          4053,      -97.1837,      -13.3215,      -79.8913,"ASSEMBLY_LAGERSITZ_NEU-1_SET-GEHAEUSE","ALUMINIUM",NA,            0.,            0.,            0.,            0.,  -10.8219E-15,   1.16630E-15,       NoValue
D:/MoVerHu_Projekt/FE_Modell/FE-Abaqus-Model/Job-19.odb,Step-163,Increment      6: Step Time =    1.000,"LAGERSITZ_NEU-1",         12912,             3,          4053,      -97.1837,      -13.3215,      -79.8913,"ASSEMBLY_LAGERSITZ_NEU-1_SET-GEHAEUSE","ALUMINIUM",NA,            0.,            0.,            0.,            0.,  -4.14495E-15,  -273.072E-18,       NoValue
D:/MoVerHu_Projekt/FE_Modell/FE-Abaqus-Model/Job-19.odb,Step-163,Increment      6: Step Time =    1.000,"LAGERSITZ_NEU-1",         12917,             3,          4053,      -97.1837,      -13.3215,      -79.8913,"ASSEMBLY_LAGERSITZ_NEU-1_SET-GEHAEUSE","ALUMINIUM",NA,            0.,            0.,            0.,            0.,  -4.14495E-15,  -273.072E-18,       NoValue
D:/MoVerHu_Projekt/FE_Modell/FE-Abaqus-Model/Job-19.odb,Step-163,Increment      6: Step Time =    1.000,"LAGERSITZ_NEU-1",         12917,             6,          4053,      -97.1837,      -13.3215,      -79.8913,"ASSEMBLY_LAGERSITZ_NEU-1_SET-GEHAEUSE","ALUMINIUM",NA,            0.,            0.,            0.,            0.,  -10.8219E-15,   1.16630E-15,       NoValue
D:/MoVerHu_Projekt/FE_Modell/FE-Abaqus-Model/Job-19.odb,Step-163,Increment      6: Step Time =    1.000,"LAGERSITZ_NEU-1",         12917,             6,          4054,      -97.1837,      -10.5742,      -80.2443,"ASSEMBLY_LAGERSITZ_NEU-1_SET-GEHAEUSE","ALUMINIUM",NA,            0.,            0.,            0.,            0.,  -7.10821E-15,   549.855E-18,       NoValue
D:/MoVerHu_Projekt/FE_Modell/FE-Abaqus-Model/Job-19.odb,Step-163,Increment      6: Step Time =    1.000,"LAGERSITZ_NEU-1",         12922,             6,          4054,      -97.1837,      -10.5742,      -80.2443,"ASSEMBLY_LAGERSITZ_NEU-1_SET-GEHAEUSE","ALUMINIUM",NA,            0.,            0.,            0.,            0.,  -7.10821E-15,   549.855E-18,       NoValue
D:/MoVerHu_Projekt/FE_Modell/FE-Abaqus-Model/Job-19.odb,Step-163,Increment      6: Step Time =    1.000,"LAGERSITZ_NEU-1",         12917,             3,          4054,      -97.1837,      -10.5742,      -80.2443,"ASSEMBLY_LAGERSITZ_NEU-1_SET-GEHAEUSE","ALUMINIUM",NA,            0.,            0.,            0.,            0.,   789.563E-18,   194.878E-18,       NoValue
D:/MoVerHu_Projekt/FE_Modell/FE-Abaqus-Model/Job-19.odb,Step-163,Increment      6: Step Time =    1.000,"LAGERSITZ_NEU-1",         12922,             3,          4054,      -97.1837,      -10.5742,      -80.2443,"ASSEMBLY_LAGERSITZ_NEU-1_SET-GEHAEUSE","ALUMINIUM",NA,            0.,            0.,            0.,            0.,   789.563E-18,   194.878E-18,       NoValue
D:/MoVerHu_Projekt/FE_Modell/FE-Abaqus-Model/Job-19.odb,Step-163,Increment      6: Step Time =    1.000,"LAGERSITZ_NEU-1",         12927,             3,          4055,      -97.1837,      -7.81262,      -80.4586,"ASSEMBLY_LAGERSITZ_NEU-1_SET-GEHAEUSE","ALUMINIUM",NA,            0.,            0.,            0.,            0.,  -3.14571E-15,   584.837E-18,       NoValue
D:/MoVerHu_Projekt/FE_Modell/FE-Abaqus-Model/Job-19.odb,Step-163,Increment      6: Step Time =    1.000,"LAGERSITZ_NEU-1",         12922,             3,          4055,      -97.1837,      -7.81262,      -80.4586,"ASSEMBLY_LAGERSITZ_NEU-1_SET-GEHAEUSE","ALUMINIUM",NA,            0.,            0.,            0.,            0.,  -3.14571E-15,   584.837E-18,       NoValue
D:/MoVerHu_Projekt/FE_Modell/FE-Abaqus-Model/Job-19.odb,Step-163,Increment      6: Step Time =    1.000,"LAGERSITZ_NEU-1",         12922,             6,          4055,      -97.1837,      -7.81262,      -80.4586,"ASSEMBLY_LAGERSITZ_NEU-1_SET-GEHAEUSE","ALUMINIUM",NA,            0.,            0.,            0.,            0.,  -10.1840E-15,   11.3137E-18,       NoValue
D:/MoVerHu_Projekt/FE_Modell/FE-Abaqus-Model/Job-19.odb,Step-163,Increment      6: Step Time =    1.000,"LAGERSITZ_NEU-1",         12927,             6,          4055,      -97.1837,      -7.81262,      -80.4586,"ASSEMBLY_LAGERSITZ_NEU-1_SET-GEHAEUSE","ALUMINIUM",NA,            0.,            0.,            0.,            0.,  -10.1840E-15,   11.3137E-18,       NoValue
D:/MoVerHu_Projekt/FE_Modell/FE-Abaqus-Model/Job-19.odb,Step-163,Increment      6: Step Time =    1.000,"LAGERSITZ_NEU-1",         12927,             6,          4056,      -100.184,      -5.04373,      -80.5336,"ASSEMBLY_LAGERSITZ_NEU-1_SET-GEHAEUSE","ALUMINIUM",NA,            0.,            0.,            0.,            0.,  -4.54995E-15,   23.7455E-18,       NoValue
D:/MoVerHu_Projekt/FE_Modell/FE-Abaqus-Model/Job-19.odb,Step-163,Increment      6: Step Time =    1.000,"LAGERSITZ_NEU-1",         12931,             6,          4056,      -100.184,      -5.04373,      -80.5336,"ASSEMBLY_LAGERSITZ_NEU-1_SET-GEHAEUSE","ALUMINIUM",NA,            0.,            0.,            0.,            0.,  -4.54995E-15,   23.7455E-18,       NoValue
D:/MoVerHu_Projekt/FE_Modell/FE-Abaqus-Model/Job-19.odb,Step-163,Increment      6: Step Time =    1.000,"LAGERSITZ_NEU-1",         12926,             6,          4056,      -100.184,      -5.04373,      -80.5336,"ASSEMBLY_LAGERSITZ_NEU-1_SET-GEHAEUSE","ALUMINIUM",NA,            0.,            0.,            0.,            0.,  -4.54995E-15,   23.7455E-18,       NoValue
D:/MoVerHu_Projekt/FE_Modell/FE-Abaqus-Model/Job-19.odb,Step-163,Increment      6: Step Time =    1.000,"LAGERSITZ_NEU-1",         12932,             6,          4056,      -100.184,      -5.04373,      -80.5336,"ASSEMBLY_LAGERSITZ_NEU-1_SET-GEHAEUSE","ALUMINIUM",NA,            0.,            0.,            0.,            0.,  -4.54995E-15,   23.7455E-18,       NoValue
D:/MoVerHu_Projekt/FE_Modell/FE-Abaqus-Model/Job-19.odb,Step-163,Increment      6: Step Time =    1.000,"LAGERSITZ_NEU-1",         12931,             6,          4057,      -103.184,      -5.04373,      -80.5336,"ASSEMBLY_LAGERSITZ_NEU-1_SET-GEHAEUSE","ALUMINIUM",NA,            0.,            0.,            0.,            0.,   358.919E-18,  -41.8672E-18,       NoValue
D:/MoVerHu_Projekt/FE_Modell/FE-Abaqus-Model/Job-19.odb,Step-163,Increment      6: Step Time =    1.000,"LAGERSITZ_NEU-1",         12930,             6,          4057,      -103.184,      -5.04373,      -80.5336,"ASSEMBLY_LAGERSITZ_NEU-1_SET-GEHAEUSE","ALUMINIUM",NA,            0.,            0.,            0.,            0.,   358.919E-18,  -41.8672E-18,       NoValue
D:/MoVerHu_Projekt/FE_Modell/FE-Abaqus-Model/Job-19.odb,Step-163,Increment      6: Step Time =    1.000,"LAGERSITZ_NEU-1",         12925,             6,          4057,      -103.184,      -5.04373,      -80.5336,"ASSEMBLY_LAGERSITZ_NEU-1_SET-GEHAEUSE","ALUMINIUM",NA,            0.,            0.,            0.,            0.,   358.919E-18,  -41.8672E-18,       NoValue
D:/MoVerHu_Projekt/FE_Modell/FE-Abaqus-Model/Job-19.odb,Step-163,Increment      6: Step Time =    1.000,"LAGERSITZ_NEU-1",         12926,             6,          4057,      -103.184,      -5.04373,      -80.5336,"ASSEMBLY_LAGERSITZ_NEU-1_SET-GEHAEUSE","ALUMINIUM",NA,            0.,            0.,            0.,            0.,   358.919E-18,  -41.8672E-18,       NoValue
D:/MoVerHu_Projekt/FE_Modell/FE-Abaqus-Model/Job-19.odb,Step-163,Increment      6: Step Time =    1.000,"LAGERSITZ_NEU-1",         12924,             6,          4058,      -106.184,      -5.04373,      -80.5336,"ASSEMBLY_LAGERSITZ_NEU-1_SET-GEHAEUSE","ALUMINIUM",NA,            0.,            0.,            0.,            0.,   2.96009E-15,  -183.108E-18,       NoValue
D:/MoVerHu_Projekt/FE_Modell/FE-Abaqus-Model/Job-19.odb,Step-163,Increment      6: Step Time =    1.000,"LAGERSITZ_NEU-1",         12930,             6,          4058,      -106.184,      -5.04373,      -80.5336,"ASSEMBLY_LAGERSITZ_NEU-1_SET-GEHAEUSE","ALUMINIUM",NA,            0.,            0.,            0.,            0.,   2.96009E-15,  -183.108E-18,       NoValue
D:/MoVerHu_Projekt/FE_Modell/FE-Abaqus-Model/Job-19.odb,Step-163,Increment      6: Step Time =    1.000,"LAGERSITZ_NEU-1",         12929,             6,          4058,      -106.184,      -5.04373,      -80.5336,"ASSEMBLY_LAGERSITZ_NEU-1_SET-GEHAEUSE","ALUMINIUM",NA,            0.,            0.,            0.,            0.,   2.96009E-15,  -183.108E-18,       NoValue
D:/MoVerHu_Projekt/FE_Modell/FE-Abaqus-Model/Job-19.odb,Step-163,Increment      6: Step Time =    1.000,"LAGERSITZ_NEU-1",         12925,             6,          4058,      -106.184,      -5.04373,      -80.5336,"ASSEMBLY_LAGERSITZ_NEU-1_SET-GEHAEUSE","ALUMINIUM",NA,            0.,            0.,            0.,            0.,   2.96009E-15,  -183.108E-18,       NoValue
D:/MoVerHu_Projekt/FE_Modell/FE-Abaqus-Model/Job-19.odb,Step-163,Increment      6: Step Time =    1.000,"LAGERSITZ_NEU-1",         12928,             6,          4059,      -109.184,      -5.04373,      -80.5336,"ASSEMBLY_LAGERSITZ_NEU-1_SET-GEHAEUSE","ALUMINIUM",NA,            0.,            0.,            0.,            0.,   272.846E-18,  -16.4137E-18,       NoValue
D:/MoVerHu_Projekt/FE_Modell/FE-Abaqus-Model/Job-19.odb,Step-163,Increment      6: Step Time =    1.000,"LAGERSITZ_NEU-1",         12929,             6,          4059,      -109.184,      -5.04373,      -80.5336,"ASSEMBLY_LAGERSITZ_NEU-1_SET-GEHAEUSE","ALUMINIUM",NA,            0.,            0.,            0.,            0.,   272.846E-18,  -16.4137E-18,       NoValue
D:/MoVerHu_Projekt/FE_Modell/FE-Abaqus-Model/Job-19.odb,Step-163,Increment      6: Step Time =    1.000,"LAGERSITZ_NEU-1",         12923,             6,          4059,      -109.184,      -5.04373,      -80.5336,"ASSEMBLY_LAGERSITZ_NEU-1_SET-GEHAEUSE","ALUMINIUM",NA,            0.,            0.,            0.,            0.,   272.846E-18,  -16.4137E-18,       NoValue
D:/MoVerHu_Projekt/FE_Modell/FE-Abaqus-Model/Job-19.odb,Step-163,Increment      6: Step Time =    1.000,"LAGERSITZ_NEU-1",         12924,             6,          4059,      -109.184,      -5.04373,      -80.5336,"ASSEMBLY_LAGERSITZ_NEU-1_SET-GEHAEUSE","ALUMINIUM",NA,            0.,            0.,            0.,            0.,   272.846E-18,  -16.4137E-18,       NoValue
D:/MoVerHu_Projekt/FE_Modell/FE-Abaqus-Model/Job-19.odb,Step-163,Increment      6: Step Time =    1.000,"LAGERSITZ_NEU-1",         12932,             3,          4060,      -97.1837,      -2.02306,      -80.4562,"ASSEMBLY_LAGERSITZ_NEU-1_SET-GEHAEUSE","ALUMINIUM",NA,            0.,            0.,            0.,            0.,  -8.70982E-15,   240.290E-18,       NoValue
D:/MoVerHu_Projekt/FE_Modell/FE-Abaqus-Model/Job-19.odb,Step-163,Increment      6: Step Time =    1.000,"LAGERSITZ_NEU-1",         12932,             6,          4060,      -97.1837,      -2.02306,      -80.4562,"ASSEMBLY_LAGERSITZ_NEU-1_SET-GEHAEUSE","ALUMINIUM",NA,            0.,            0.,            0.,            0.,  -9.59352E-15,   348.817E-18,       NoValue
D:/MoVerHu_Projekt/FE_Modell/FE-Abaqus-Model/Job-19.odb,Step-163,Increment      6: Step Time =    1.000,"LAGERSITZ_NEU-1",         12937,             3,          4060,      -97.1837,      -2.02306,      -80.4562,"ASSEMBLY_LAGERSITZ_NEU-1_SET-GEHAEUSE","ALUMINIUM",NA,            0.,            0.,            0.,            0.,  -8.70982E-15,   240.290E-18,       NoValue
D:/MoVerHu_Projekt/FE_Modell/FE-Abaqus-Model/Job-19.odb,Step-163,Increment      6: Step Time =    1.000,"LAGERSITZ_NEU-1",         12937,             6,          4060,      -97.1837,      -2.02306,      -80.4562,"ASSEMBLY_LAGERSITZ_NEU-1_SET-GEHAEUSE","ALUMINIUM",NA,            0.,            0.,            0.,            0.,  -9.59352E-15,   348.817E-18,       NoValue
D:/MoVerHu_Projekt/FE_Modell/FE-Abaqus-Model/Job-19.odb,Step-163,Increment      6: Step Time =    1.000,"LAGERSITZ_NEU-1",         12937,             3,          4061,      -97.1837,   988.805E-03,      -80.2132,"ASSEMBLY_LAGERSITZ_NEU-1_SET-GEHAEUSE","ALUMINIUM",NA,            0.,            0.,            0.,            0.,   4.55009E-15,  -34.1680E-18,       NoValue
D:/MoVerHu_Projekt/FE_Modell/FE-Abaqus-Model/Job-19.odb,Step-163,Increment      6: Step Time =    1.000,"LAGERSITZ_NEU-1",         12942,             3,          4061,      -97.1837,   988.805E-03,      -80.2132,"ASSEMBLY_LAGERSITZ_NEU-1_SET-GEHAEUSE","ALUMINIUM",NA,            0.,            0.,            0.,            0.,   4.55009E-15,  -34.1680E-18,       NoValue
D:/MoVerHu_Projekt/FE_Modell/FE-Abaqus-Model/Job-19.odb,Step-163,Increment      6: Step Time =    1.000,"LAGERSITZ_NEU-1",         12942,             6,          4061,      -97.1837,   988.805E-03,      -80.2132,"ASSEMBLY_LAGERSITZ_NEU-1_SET-GEHAEUSE","ALUMINIUM",NA,            0.,            0.,            0.,            0.,  -10.2458E-15,   401.348E-18,       NoValue
D:/MoVerHu_Projekt/FE_Modell/FE-Abaqus-Model/Job-19.odb,Step-163,Increment      6: Step Time =    1.000,"LAGERSITZ_NEU-1",         12937,             6,          4061,      -97.1837,   988.805E-03,      -80.2132,"ASSEMBLY_LAGERSITZ_NEU-1_SET-GEHAEUSE","ALUMINIUM",NA,            0.,            0.,            0.,            0.,  -10.2458E-15,   401.348E-18,       NoValue
D:/MoVerHu_Projekt/FE_Modell/FE-Abaqus-Model/Job-19.odb,Step-163,Increment      6: Step Time =    1.000,"LAGERSITZ_NEU-1",         12942,             6,          4062,      -97.1837,       3.98277,      -79.8050,"ASSEMBLY_LAGERSITZ_NEU-1_SET-GEHAEUSE","ALUMINIUM",NA,            0.,            0.,            0.,            0.,  -10.2525E-15,   694.642E-18,       NoValue
D:/MoVerHu_Projekt/FE_Modell/FE-Abaqus-Model/Job-19.odb,Step-163,Increment      6: Step Time =    1.000,"LAGERSITZ_NEU-1",         12942,             3,          4062,      -97.1837,       3.98277,      -79.8050,"ASSEMBLY_LAGERSITZ_NEU-1_SET-GEHAEUSE","ALUMINIUM",NA,            0.,            0.,            0.,            0.,   7.07924E-15,  -48.6356E-18,       NoValue
D:/MoVerHu_Projekt/FE_Modell/FE-Abaqus-Model/Job-19.odb,Step-163,Increment      6: Step Time =    1.000,"LAGERSITZ_NEU-1",         12947,             3,          4062,      -97.1837,       3.98277,      -79.8050,"ASSEMBLY_LAGERSITZ_NEU-1_SET-GEHAEUSE","ALUMINIUM",NA,            0.,            0.,            0.,            0.,   7.07924E-15,  -48.6356E-18,       NoValue
D:/MoVerHu_Projekt/FE_Modell/FE-Abaqus-Model/Job-19.odb,Step-163,Increment      6: Step Time =    1.000,"LAGERSITZ_NEU-1",         12947,             6,          4062,      -97.1837,       3.98277,      -79.8050,"ASSEMBLY_LAGERSITZ_NEU-1_SET-GEHAEUSE","ALUMINIUM",NA,            0.,            0.,            0.,            0.,  -10.2525E-15,   694.642E-18,       NoValue
D:/MoVerHu_Projekt/FE_Modell/FE-Abaqus-Model/Job-19.odb,Step-163,Increment      6: Step Time =    1.000,"LAGERSITZ_NEU-1",         12947,             6,          4063,      -97.1837,       6.94981,      -79.2331,"ASSEMBLY_LAGERSITZ_NEU-1_SET-GEHAEUSE","ALUMINIUM",NA,            0.,            0.,            0.,            0.,  -9.08428E-15,  -995.741E-18,       NoValue
D:/MoVerHu_Projekt/FE_Modell/FE-Abaqus-Model/Job-19.odb,Step-163,Increment      6: Step Time =    1.000,"LAGERSITZ_NEU-1",         12947,             3,          4063,      -97.1837,       6.94981,      -79.2331,"ASSEMBLY_LAGERSITZ_NEU-1_SET-GEHAEUSE","ALUMINIUM",NA,            0.,            0.,            0.,            0.,   5.10177E-15,   24.7281E-18,       NoValue
D:/MoVerHu_Projekt/FE_Modell/FE-Abaqus-Model/Job-19.odb,Step-163,Increment      6: Step Time =    1.000,"LAGERSITZ_NEU-1",         12952,             3,          4063,      -97.1837,       6.94981,      -79.2331,"ASSEMBLY_LAGERSITZ_NEU-1_SET-GEHAEUSE","ALUMINIUM",NA,            0.,            0.,            0.,            0.,   5.10177E-15,   24.7281E-18,       NoValue
D:/MoVerHu_Projekt/FE_Modell/FE-Abaqus-Model/Job-19.odb,Step-163,Increment      6: Step Time =    1.000,"LAGERSITZ_NEU-1",         12952,             6,          4063,      -97.1837,       6.94981,      -79.2331,"ASSEMBLY_LAGERSITZ_NEU-1_SET-GEHAEUSE","ALUMINIUM",NA,            0.,            0.,            0.,            0.,  -9.08428E-15,  -995.741E-18,       NoValue
D:/MoVerHu_Projekt/FE_Modell/FE-Abaqus-Model/Job-19.odb,Step-163,Increment      6: Step Time =    1.000,"LAGERSITZ_NEU-1",         12952,             3,          4064,      -97.1837,       9.88096,      -78.4991,"ASSEMBLY_LAGERSITZ_NEU-1_SET-GEHAEUSE","ALUMINIUM",NA,            0.,            0.,            0.,            0.,  -2.37729E-15,   889.519E-18,       NoValue
D:/MoVerHu_Projekt/FE_Modell/FE-Abaqus-Model/Job-19.odb,Step-163,Increment      6: Step Time =    1.000,"LAGERSITZ_NEU-1",         12957,             3,          4064,      -97.1837,       9.88096,      -78.4991,"ASSEMBLY_LAGERSITZ_NEU-1_SET-GEHAEUSE","ALUMINIUM",NA,            0.,            0.,            0.,            0.,  -2.37729E-15,   889.519E-18,       NoValue
D:/MoVerHu_Projekt/FE_Modell/FE-Abaqus-Model/Job-19.odb,Step-163,Increment      6: Step Time =    1.000,"LAGERSITZ_NEU-1",         12957,             6,          4064,      -97.1837,       9.88096,      -78.4991,"ASSEMBLY_LAGERSITZ_NEU-1_SET-GEHAEUSE","ALUMINIUM",NA,            0.,            0.,            0.,            0.,  -11.8685E-15,  -1.26077E-15,       NoValue
D:/MoVerHu_Projekt/FE_Modell/FE-Abaqus-Model/Job-19.odb,Step-163,Increment      6: Step Time =    1.000,"LAGERSITZ_NEU-1",         12952,             6,          4064,      -97.1837,       9.88096,      -78.4991,"ASSEMBLY_LAGERSITZ_NEU-1_SET-GEHAEUSE","ALUMINIUM",NA,            0.,            0.,            0.,            0.,  -11.8685E-15,  -1.26077E-15,       NoValue
D:/MoVerHu_Projekt/FE_Modell/FE-Abaqus-Model/Job-19.odb,Step-163,Increment      6: Step Time =    1.000,"LAGERSITZ_NEU-1",         12957,             6,          4065,      -97.1837,       12.7674,      -77.6052,"ASSEMBLY_LAGERSITZ_NEU-1_SET-GEHAEUSE","ALUMINIUM",NA,            0.,            0.,            0.,            0.,  -10.2067E-15,   3.91707E-15,       NoValue
D:/MoVerHu_Projekt/FE_Modell/FE-Abaqus-Model/Job-19.odb,Step-163,Increment      6: Step Time =    1.000,"LAGERSITZ_NEU-1",         12957,             3,          4065,      -97.1837,       12.7674,      -77.6052,"ASSEMBLY_LAGERSITZ_NEU-1_SET-GEHAEUSE","ALUMINIUM",NA,            0.,            0.,            0.,            0.,   800.931E-18,   96.3751E-18,       NoValue
D:/MoVerHu_Projekt/FE_Modell/FE-Abaqus-Model/Job-19.odb,Step-163,Increment      6: Step Time =    1.000,"LAGERSITZ_NEU-1",         12962,             3,          4065,      -97.1837,       12.7674,      -77.6052,"ASSEMBLY_LAGERSITZ_NEU-1_SET-GEHAEUSE","ALUMINIUM",NA,            0.,            0.,            0.,            0.,   800.931E-18,   96.3751E-18,       NoValue
D:/MoVerHu_Projekt/FE_Modell/FE-Abaqus-Model/Job-19.odb,Step-163,Increment      6: Step Time =    1.000,"LAGERSITZ_NEU-1",         12962,             6,          4065,      -97.1837,       12.7674,      -77.6052,"ASSEMBLY_LAGERSITZ_NEU-1_SET-GEHAEUSE","ALUMINIUM",NA,            0.,            0.,            0.,            0.,  -10.2067E-15,   3.91707E-15,       NoValue
D:/MoVerHu_Projekt/FE_Modell/FE-Abaqus-Model/Job-19.odb,Step-163,Increment      6: Step Time =    1.000,"LAGERSITZ_NEU-1",         12962,             6,          4066,      -97.1837,       15.6003,      -76.5541,"ASSEMBLY_LAGERSITZ_NEU-1_SET-GEHAEUSE","ALUMINIUM",NA,            0.,            0.,            0.,            0.,  -7.19305E-15,  -2.34918E-15,       NoValue
D:/MoVerHu_Projekt/FE_Modell/FE-Abaqus-Model/Job-19.odb,Step-163,Increment      6: Step Time =    1.000,"LAGERSITZ_NEU-1",         12962,             3,          4066,      -97.1837,       15.6003,      -76.5541,"ASSEMBLY_LAGERSITZ_NEU-1_SET-GEHAEUSE","ALUMINIUM",NA,            0.,            0.,            0.,            0.,  -2.02562E-15,   97.0073E-18,       NoValue
D:/MoVerHu_Projekt/FE_Modell/FE-Abaqus-Model/Job-19.odb,Step-163,Increment      6: Step Time =    1.000,"LAGERSITZ_NEU-1",         12967,             3,          4066,      -97.1837,       15.6003,      -76.5541,"ASSEMBLY_LAGERSITZ_NEU-1_SET-GEHAEUSE","ALUMINIUM",NA,            0.,            0.,            0.,            0.,  -2.02562E-15,   97.0073E-18,       NoValue
D:/MoVerHu_Projekt/FE_Modell/FE-Abaqus-Model/Job-19.odb,Step-163,Increment      6: Step Time =    1.000,"LAGERSITZ_NEU-1",         12967,             6,          4066,      -97.1837,       15.6003,      -76.5541,"ASSEMBLY_LAGERSITZ_NEU-1_SET-GEHAEUSE","ALUMINIUM",NA,            0.,            0.,            0.,            0.,  -7.19305E-15,  -2.34918E-15,       NoValue
D:/MoVerHu_Projekt/FE_Modell/FE-Abaqus-Model/Job-19.odb,Step-163,Increment      6: Step Time =    1.000,"LAGERSITZ_NEU-1",         12967,             3,          4067,      -97.1837,       18.3713,      -75.3491,"ASSEMBLY_LAGERSITZ_NEU-1_SET-GEHAEUSE","ALUMINIUM",NA,       5.95192,  -1.46365E-03,       2.65491,      -5.32699,   4.73314E-15,   1.18793E-15,       NoValue
D:/MoVerHu_Projekt/FE_Modell/FE-Abaqus-Model/Job-19.odb,Step-163,Increment      6: Step Time =    1.000,"LAGERSITZ_NEU-1",         12972,             3,          4067,      -97.1837,       18.3713,      -75.3491,"ASSEMBLY_LAGERSITZ_NEU-1_SET-GEHAEUSE","ALUMINIUM",NA,       5.95192,  -1.46365E-03,       2.65491,      -5.32699,   4.73314E-15,   1.18793E-15,       NoValue
D:/MoVerHu_Projekt/FE_Modell/FE-Abaqus-Model/Job-19.odb,Step-163,Increment      6: Step Time =    1.000,"LAGERSITZ_NEU-1",         12972,             6,          4067,      -97.1837,       18.3713,      -75.3491,"ASSEMBLY_LAGERSITZ_NEU-1_SET-GEHAEUSE","ALUMINIUM",NA,       5.95192,  -1.46365E-03,       2.65491,      -5.32699,  -7.89252E-15,  -2.68368E-15,       NoValue
D:/MoVerHu_Projekt/FE_Modell/FE-Abaqus-Model/Job-19.odb,Step-163,Increment      6: Step Time =    1.000,"LAGERSITZ_NEU-1",         12967,             6,          4067,      -97.1837,       18.3713,      -75.3491,"ASSEMBLY_LAGERSITZ_NEU-1_SET-GEHAEUSE","ALUMINIUM",NA,       5.95192,  -1.46365E-03,       2.65491,      -5.32699,  -7.89252E-15,  -2.68368E-15,       NoValue
D:/MoVerHu_Projekt/FE_Modell/FE-Abaqus-Model/Job-19.odb,Step-163,Increment      6: Step Time =    1.000,"LAGERSITZ_NEU-1",         12972,             6,          4068,      -97.1837,       21.0719,      -73.9937,"ASSEMBLY_LAGERSITZ_NEU-1_SET-GEHAEUSE","ALUMINIUM",NA,       35.6928,  -11.6485E-03,       16.7864,      -31.4991,  -583.181E-03,   489.270E-03,            1.
D:/MoVerHu_Projekt/FE_Modell/FE-Abaqus-Model/Job-19.odb,Step-163,Increment      6: Step Time =    1.000,"LAGERSITZ_NEU-1",         12972,             3,          4068,      -97.1837,       21.0719,      -73.9937,"ASSEMBLY_LAGERSITZ_NEU-1_SET-GEHAEUSE","ALUMINIUM",NA,       35.6928,  -11.6485E-03,       16.7864,      -31.4991,   87.2912E-18,   234.089E-18,       NoValue
D:/MoVerHu_Projekt/FE_Modell/FE-Abaqus-Model/Job-19.odb,Step-163,Increment      6: Step Time =    1.000,"LAGERSITZ_NEU-1",         12977,             3,          4068,      -97.1837,       21.0719,      -73.9937,"ASSEMBLY_LAGERSITZ_NEU-1_SET-GEHAEUSE","ALUMINIUM",NA,       35.6928,  -11.6485E-03,       16.7864,      -31.4991,   87.2912E-18,   234.089E-18,       NoValue
D:/MoVerHu_Projekt/FE_Modell/FE-Abaqus-Model/Job-19.odb,Step-163,Increment      6: Step Time =    1.000,"LAGERSITZ_NEU-1",         12977,             6,          4068,      -97.1837,       21.0719,      -73.9937,"ASSEMBLY_LAGERSITZ_NEU-1_SET-GEHAEUSE","ALUMINIUM",NA,       35.6928,  -11.6485E-03,       16.7864,      -31.4991,  -583.181E-03,   489.270E-03,            1.
D:/MoVerHu_Projekt/FE_Modell/FE-Abaqus-Model/Job-19.odb,Step-163,Increment      6: Step Time =    1.000,"LAGERSITZ_NEU-1",         12977,             6,          4069,      -97.1837,       23.6940,      -72.4920,"ASSEMBLY_LAGERSITZ_NEU-1_SET-GEHAEUSE","ALUMINIUM",NA,       5.95024,  -2.70095E-03,       2.94063,      -5.17282,   368.600E-03,  -290.379E-03,       NoValue
D:/MoVerHu_Projekt/FE_Modell/FE-Abaqus-Model/Job-19.odb,Step-163,Increment      6: Step Time =    1.000,"LAGERSITZ_NEU-1",         12977,             3,          4069,      -97.1837,       23.6940,      -72.4920,"ASSEMBLY_LAGERSITZ_NEU-1_SET-GEHAEUSE","ALUMINIUM",NA,       5.95024,  -2.70095E-03,       2.94063,      -5.17282,   284.721E-18,   835.601E-18,       NoValue
D:/MoVerHu_Projekt/FE_Modell/FE-Abaqus-Model/Job-19.odb,Step-163,Increment      6: Step Time =    1.000,"LAGERSITZ_NEU-1",         12982,             6,          4069,      -97.1837,       23.6940,      -72.4920,"ASSEMBLY_LAGERSITZ_NEU-1_SET-GEHAEUSE","ALUMINIUM",NA,       5.95024,  -2.70095E-03,       2.94063,      -5.17282,   368.600E-03,  -290.379E-03,       NoValue
D:/MoVerHu_Projekt/FE_Modell/FE-Abaqus-Model/Job-19.odb,Step-163,Increment      6: Step Time =    1.000,"LAGERSITZ_NEU-1",         12982,             3,          4069,      -97.1837,       23.6940,      -72.4920,"ASSEMBLY_LAGERSITZ_NEU-1_SET-GEHAEUSE","ALUMINIUM",NA,       5.95024,  -2.70095E-03,       2.94063,      -5.17282,   284.721E-18,   835.601E-18,       NoValue
D:/MoVerHu_Projekt/FE_Modell/FE-Abaqus-Model/Job-19.odb,Step-163,Increment      6: Step Time =    1.000,"LAGERSITZ_NEU-1",         12987,             6,          4070,      -100.184,       26.2297,      -70.8486,"ASSEMBLY_LAGERSITZ_NEU-1_SET-GEHAEUSE","ALUMINIUM",NA,   629.840E-03,  -473.345E-06,   341.082E-03,  -529.491E-03,  -2.56771E-15,   692.520E-18,       NoValue
D:/MoVerHu_Projekt/FE_Modell/FE-Abaqus-Model/Job-19.odb,Step-163,Increment      6: Step Time =    1.000,"LAGERSITZ_NEU-1",         12986,             6,          4070,      -100.184,       26.2297,      -70.8486,"ASSEMBLY_LAGERSITZ_NEU-1_SET-GEHAEUSE","ALUMINIUM",NA,   629.840E-03,  -473.345E-06,   341.082E-03,  -529.491E-03,  -2.56771E-15,   692.520E-18,       NoValue
D:/MoVerHu_Projekt/FE_Modell/FE-Abaqus-Model/Job-19.odb,Step-163,Increment      6: Step Time =    1.000,"LAGERSITZ_NEU-1",         12982,             6,          4070,      -100.184,       26.2297,      -70.8486,"ASSEMBLY_LAGERSITZ_NEU-1_SET-GEHAEUSE","ALUMINIUM",NA,   629.840E-03,  -473.345E-06,   341.082E-03,  -529.491E-03,  -2.56771E-15,   692.520E-18,       NoValue
D:/MoVerHu_Projekt/FE_Modell/FE-Abaqus-Model/Job-19.odb,Step-163,Increment      6: Step Time =    1.000,"LAGERSITZ_NEU-1",         12981,             6,          4070,      -100.184,       26.2297,      -70.8486,"ASSEMBLY_LAGERSITZ_NEU-1_SET-GEHAEUSE","ALUMINIUM",NA,   629.840E-03,  -473.345E-06,   341.082E-03,  -529.491E-03,  -2.56771E-15,   692.520E-18,       NoValue
D:/MoVerHu_Projekt/FE_Modell/FE-Abaqus-Model/Job-19.odb,Step-163,Increment      6: Step Time =    1.000,"LAGERSITZ_NEU-1",         12981,             6,          4071,      -103.184,       26.2297,      -70.8486,"ASSEMBLY_LAGERSITZ_NEU-1_SET-GEHAEUSE","ALUMINIUM",NA,       5.19187,  -4.69355E-03,       2.81245,      -4.36413,  -2.30722E-15,   1.18183E-15,       NoValue
D:/MoVerHu_Projekt/FE_Modell/FE-Abaqus-Model/Job-19.odb,Step-163,Increment      6: Step Time =    1.000,"LAGERSITZ_NEU-1",         12985,             6,          4071,      -103.184,       26.2297,      -70.8486,"ASSEMBLY_LAGERSITZ_NEU-1_SET-GEHAEUSE","ALUMINIUM",NA,       5.19187,  -4.69355E-03,       2.81245,      -4.36413,  -2.30722E-15,   1.18183E-15,       NoValue
D:/MoVerHu_Projekt/FE_Modell/FE-Abaqus-Model/Job-19.odb,Step-163,Increment      6: Step Time =    1.000,"LAGERSITZ_NEU-1",         12986,             6,          4071,      -103.184,       26.2297,      -70.8486,"ASSEMBLY_LAGERSITZ_NEU-1_SET-GEHAEUSE","ALUMINIUM",NA,       5.19187,  -4.69355E-03,       2.81245,      -4.36413,  -2.30722E-15,   1.18183E-15,       NoValue
D:/MoVerHu_Projekt/FE_Modell/FE-Abaqus-Model/Job-19.odb,Step-163,Increment      6: Step Time =    1.000,"LAGERSITZ_NEU-1",         12980,             6,          4071,      -103.184,       26.2297,      -70.8486,"ASSEMBLY_LAGERSITZ_NEU-1_SET-GEHAEUSE","ALUMINIUM",NA,       5.19187,  -4.69355E-03,       2.81245,      -4.36413,  -2.30722E-15,   1.18183E-15,       NoValue
D:/MoVerHu_Projekt/FE_Modell/FE-Abaqus-Model/Job-19.odb,Step-163,Increment      6: Step Time =    1.000,"LAGERSITZ_NEU-1",         12980,             6,          4072,      -106.184,       26.2297,      -70.8486,"ASSEMBLY_LAGERSITZ_NEU-1_SET-GEHAEUSE","ALUMINIUM",NA,       10.7082,  -11.8313E-03,       5.80360,      -8.99905,  -2.36099E-15,   645.707E-18,       NoValue
D:/MoVerHu_Projekt/FE_Modell/FE-Abaqus-Model/Job-19.odb,Step-163,Increment      6: Step Time =    1.000,"LAGERSITZ_NEU-1",         12984,             6,          4072,      -106.184,       26.2297,      -70.8486,"ASSEMBLY_LAGERSITZ_NEU-1_SET-GEHAEUSE","ALUMINIUM",NA,       10.7082,  -11.8313E-03,       5.80360,      -8.99905,  -2.36099E-15,   645.707E-18,       NoValue
D:/MoVerHu_Projekt/FE_Modell/FE-Abaqus-Model/Job-19.odb,Step-163,Increment      6: Step Time =    1.000,"LAGERSITZ_NEU-1",         12985,             6,          4072,      -106.184,       26.2297,      -70.8486,"ASSEMBLY_LAGERSITZ_NEU-1_SET-GEHAEUSE","ALUMINIUM",NA,       10.7082,  -11.8313E-03,       5.80360,      -8.99905,  -2.36099E-15,   645.707E-18,       NoValue
D:/MoVerHu_Projekt/FE_Modell/FE-Abaqus-Model/Job-19.odb,Step-163,Increment      6: Step Time =    1.000,"LAGERSITZ_NEU-1",         12979,             6,          4072,      -106.184,       26.2297,      -70.8486,"ASSEMBLY_LAGERSITZ_NEU-1_SET-GEHAEUSE","ALUMINIUM",NA,       10.7082,  -11.8313E-03,       5.80360,      -8.99905,  -2.36099E-15,   645.707E-18,       NoValue
D:/MoVerHu_Projekt/FE_Modell/FE-Abaqus-Model/Job-19.odb,Step-163,Increment      6: Step Time =    1.000,"LAGERSITZ_NEU-1",         12984,             6,          4073,      -109.184,       26.2297,      -70.8486,"ASSEMBLY_LAGERSITZ_NEU-1_SET-GEHAEUSE","ALUMINIUM",NA,       12.8590,  -16.4832E-03,       6.97286,      -10.8043,  -1.55019E-15,   1.05223E-15,       NoValue
D:/MoVerHu_Projekt/FE_Modell/FE-Abaqus-Model/Job-19.odb,Step-163,Increment      6: Step Time =    1.000,"LAGERSITZ_NEU-1",         12983,             6,          4073,      -109.184,       26.2297,      -70.8486,"ASSEMBLY_LAGERSITZ_NEU-1_SET-GEHAEUSE","ALUMINIUM",NA,       12.8590,  -16.4832E-03,       6.97286,      -10.8043,  -1.55019E-15,   1.05223E-15,       NoValue
D:/MoVerHu_Projekt/FE_Modell/FE-Abaqus-Model/Job-19.odb,Step-163,Increment      6: Step Time =    1.000,"LAGERSITZ_NEU-1",         12978,             6,          4073,      -109.184,       26.2297,      -70.8486,"ASSEMBLY_LAGERSITZ_NEU-1_SET-GEHAEUSE","ALUMINIUM",NA,       12.8590,  -16.4832E-03,       6.97286,      -10.8043,  -1.55019E-15,   1.05223E-15,       NoValue
D:/MoVerHu_Projekt/FE_Modell/FE-Abaqus-Model/Job-19.odb,Step-163,Increment      6: Step Time =    1.000,"LAGERSITZ_NEU-1",         12979,             6,          4073,      -109.184,       26.2297,      -70.8486,"ASSEMBLY_LAGERSITZ_NEU-1_SET-GEHAEUSE","ALUMINIUM",NA,       12.8590,  -16.4832E-03,       6.97286,      -10.8043,  -1.55019E-15,   1.05223E-15,       NoValue
D:/MoVerHu_Projekt/FE_Modell/FE-Abaqus-Model/Job-19.odb,Step-163,Increment      6: Step Time =    1.000,"LAGERSITZ_NEU-1",         12987,             6,          4074,      -97.1837,       28.7134,      -69.0358,"ASSEMBLY_LAGERSITZ_NEU-1_SET-GEHAEUSE","ALUMINIUM",NA,            0.,            0.,            0.,            0.,  -8.88315E-15,   29.9128E-18,       NoValue
D:/MoVerHu_Projekt/FE_Modell/FE-Abaqus-Model/Job-19.odb,Step-163,Increment      6: Step Time =    1.000,"LAGERSITZ_NEU-1",         12987,             3,          4074,      -97.1837,       28.7134,      -69.0358,"ASSEMBLY_LAGERSITZ_NEU-1_SET-GEHAEUSE","ALUMINIUM",NA,            0.,            0.,            0.,            0.,   6.26623E-15,   2.18603E-15,       NoValue
D:/MoVerHu_Projekt/FE_Modell/FE-Abaqus-Model/Job-19.odb,Step-163,Increment      6: Step Time =    1.000,"LAGERSITZ_NEU-1",         12992,             3,          4074,      -97.1837,       28.7134,      -69.0358,"ASSEMBLY_LAGERSITZ_NEU-1_SET-GEHAEUSE","ALUMINIUM",NA,            0.,            0.,            0.,            0.,   6.26623E-15,   2.18603E-15,       NoValue
D:/MoVerHu_Projekt/FE_Modell/FE-Abaqus-Model/Job-19.odb,Step-163,Increment      6: Step Time =    1.000,"LAGERSITZ_NEU-1",         12992,             6,          4074,      -97.1837,       28.7134,      -69.0358,"ASSEMBLY_LAGERSITZ_NEU-1_SET-GEHAEUSE","ALUMINIUM",NA,            0.,            0.,            0.,            0.,  -8.88315E-15,   29.9128E-18,       NoValue
D:/MoVerHu_Projekt/FE_Modell/FE-Abaqus-Model/Job-19.odb,Step-163,Increment      6: Step Time =    1.000,"LAGERSITZ_NEU-1",         12992,             6,          4075,      -97.1837,       31.0919,      -67.0871,"ASSEMBLY_LAGERSITZ_NEU-1_SET-GEHAEUSE","ALUMINIUM",NA,       2.39212,  -3.34458E-03,       1.61476,      -1.76488,  -6.68861E-15,   2.44949E-15,       NoValue
D:/MoVerHu_Projekt/FE_Modell/FE-Abaqus-Model/Job-19.odb,Step-163,Increment      6: Step Time =    1.000,"LAGERSITZ_NEU-1",         12992,             3,          4075,      -97.1837,       31.0919,      -67.0871,"ASSEMBLY_LAGERSITZ_NEU-1_SET-GEHAEUSE","ALUMINIUM",NA,       2.39212,  -3.34458E-03,       1.61476,      -1.76488,   4.73033E-15,   780.576E-18,       NoValue
D:/MoVerHu_Projekt/FE_Modell/FE-Abaqus-Model/Job-19.odb,Step-163,Increment      6: Step Time =    1.000,"LAGERSITZ_NEU-1",         12997,             3,          4075,      -97.1837,       31.0919,      -67.0871,"ASSEMBLY_LAGERSITZ_NEU-1_SET-GEHAEUSE","ALUMINIUM",NA,       2.39212,  -3.34458E-03,       1.61476,      -1.76488,   4.73033E-15,   780.576E-18,       NoValue
D:/MoVerHu_Projekt/FE_Modell/FE-Abaqus-Model/Job-19.odb,Step-163,Increment      6: Step Time =    1.000,"LAGERSITZ_NEU-1",         12997,             6,          4075,      -97.1837,       31.0919,      -67.0871,"ASSEMBLY_LAGERSITZ_NEU-1_SET-GEHAEUSE","ALUMINIUM",NA,       2.39212,  -3.34458E-03,       1.61476,      -1.76488,  -6.68861E-15,   2.44949E-15,       NoValue
D:/MoVerHu_Projekt/FE_Modell/FE-Abaqus-Model/Job-19.odb,Step-163,Increment      6: Step Time =    1.000,"LAGERSITZ_NEU-1",         12997,             3,          4076,      -97.1837,       33.3579,      -65.0085,"ASSEMBLY_LAGERSITZ_NEU-1_SET-GEHAEUSE","ALUMINIUM",NA,       15.5235,  -20.6830E-03,       10.8187,      -11.1326,  -4.75922E-15,   3.55739E-15,       NoValue
D:/MoVerHu_Projekt/FE_Modell/FE-Abaqus-Model/Job-19.odb,Step-163,Increment      6: Step Time =    1.000,"LAGERSITZ_NEU-1",         13002,             3,          4076,      -97.1837,       33.3579,      -65.0085,"ASSEMBLY_LAGERSITZ_NEU-1_SET-GEHAEUSE","ALUMINIUM",NA,       15.5235,  -20.6830E-03,       10.8187,      -11.1326,  -4.75922E-15,   3.55739E-15,       NoValue
D:/MoVerHu_Projekt/FE_Modell/FE-Abaqus-Model/Job-19.odb,Step-163,Increment      6: Step Time =    1.000,"LAGERSITZ_NEU-1",         13002,             6,          4076,      -97.1837,       33.3579,      -65.0085,"ASSEMBLY_LAGERSITZ_NEU-1_SET-GEHAEUSE","ALUMINIUM",NA,       15.5235,  -20.6830E-03,       10.8187,      -11.1326,  -151.979E-03,   175.160E-03,            2.
D:/MoVerHu_Projekt/FE_Modell/FE-Abaqus-Model/Job-19.odb,Step-163,Increment      6: Step Time =    1.000,"LAGERSITZ_NEU-1",         12997,             6,          4076,      -97.1837,       33.3579,      -65.0085,"ASSEMBLY_LAGERSITZ_NEU-1_SET-GEHAEUSE","ALUMINIUM",NA,       15.5235,  -20.6830E-03,       10.8187,      -11.1326,  -151.979E-03,   175.160E-03,            2.
D:/MoVerHu_Projekt/FE_Modell/FE-Abaqus-Model/Job-19.odb,Step-163,Increment      6: Step Time =    1.000,"LAGERSITZ_NEU-1",         13002,             6,          4077,      -97.1837,       35.5041,      -62.8065,"ASSEMBLY_LAGERSITZ_NEU-1_SET-GEHAEUSE","ALUMINIUM",NA,       9.95580,  -17.2573E-03,       7.27551,      -6.79592,  -3.94607E-15,  -2.50689E-15,       NoValue
D:/MoVerHu_Projekt/FE_Modell/FE-Abaqus-Model/Job-19.odb,Step-163,Increment      6: Step Time =    1.000,"LAGERSITZ_NEU-1",         13002,             3,          4077,      -97.1837,       35.5041,      -62.8065,"ASSEMBLY_LAGERSITZ_NEU-1_SET-GEHAEUSE","ALUMINIUM",NA,       9.95580,  -17.2573E-03,       7.27551,      -6.79592,  -6.71767E-15,  -7.40944E-18,       NoValue
D:/MoVerHu_Projekt/FE_Modell/FE-Abaqus-Model/Job-19.odb,Step-163,Increment      6: Step Time =    1.000,"LAGERSITZ_NEU-1",         13007,             3,          4077,      -97.1837,       35.5041,      -62.8065,"ASSEMBLY_LAGERSITZ_NEU-1_SET-GEHAEUSE","ALUMINIUM",NA,       9.95580,  -17.2573E-03,       7.27551,      -6.79592,  -6.71767E-15,  -7.40944E-18,       NoValue
D:/MoVerHu_Projekt/FE_Modell/FE-Abaqus-Model/Job-19.odb,Step-163,Increment      6: Step Time =    1.000,"LAGERSITZ_NEU-1",         13007,             6,          4077,      -97.1837,       35.5041,      -62.8065,"ASSEMBLY_LAGERSITZ_NEU-1_SET-GEHAEUSE","ALUMINIUM",NA,       9.95580,  -17.2573E-03,       7.27551,      -6.79592,  -3.94607E-15,  -2.50689E-15,       NoValue
D:/MoVerHu_Projekt/FE_Modell/FE-Abaqus-Model/Job-19.odb,Step-163,Increment      6: Step Time =    1.000,"LAGERSITZ_NEU-1",         13007,             6,          4078,      -97.1837,       37.5239,      -60.4880,"ASSEMBLY_LAGERSITZ_NEU-1_SET-GEHAEUSE","ALUMINIUM",NA,       4.64503,  -9.65089E-03,       3.57046,      -2.97120,  -6.32232E-15,  -3.47723E-15,       NoValue
D:/MoVerHu_Projekt/FE_Modell/FE-Abaqus-Model/Job-19.odb,Step-163,Increment      6: Step Time =    1.000,"LAGERSITZ_NEU-1",         13007,             3,          4078,      -97.1837,       37.5239,      -60.4880,"ASSEMBLY_LAGERSITZ_NEU-1_SET-GEHAEUSE","ALUMINIUM",NA,       4.64503,  -9.65089E-03,       3.57046,      -2.97120,  -3.54527E-15,   1.57212E-15,       NoValue
D:/MoVerHu_Projekt/FE_Modell/FE-Abaqus-Model/Job-19.odb,Step-163,Increment      6: Step Time =    1.000,"LAGERSITZ_NEU-1",         13012,             3,          4078,      -97.1837,       37.5239,      -60.4880,"ASSEMBLY_LAGERSITZ_NEU-1_SET-GEHAEUSE","ALUMINIUM",NA,       4.64503,  -9.65089E-03,       3.57046,      -2.97120,  -3.54527E-15,   1.57212E-15,       NoValue
D:/MoVerHu_Projekt/FE_Modell/FE-Abaqus-Model/Job-19.odb,Step-163,Increment      6: Step Time =    1.000,"LAGERSITZ_NEU-1",         13012,             6,          4078,      -97.1837,       37.5239,      -60.4880,"ASSEMBLY_LAGERSITZ_NEU-1_SET-GEHAEUSE","ALUMINIUM",NA,       4.64503,  -9.65089E-03,       3.57046,      -2.97120,  -6.32232E-15,  -3.47723E-15,       NoValue
D:/MoVerHu_Projekt/FE_Modell/FE-Abaqus-Model/Job-19.odb,Step-163,Increment      6: Step Time =    1.000,"LAGERSITZ_NEU-1",         13012,             6,          4079,      -97.1837,       39.4109,      -58.0603,"ASSEMBLY_LAGERSITZ_NEU-1_SET-GEHAEUSE","ALUMINIUM",NA,       16.4779,  -37.6490E-03,       13.4680,      -9.49374,  -1.58347E-15,  -64.6882E-18,       NoValue
D:/MoVerHu_Projekt/FE_Modell/FE-Abaqus-Model/Job-19.odb,Step-163,Increment      6: Step Time =    1.000,"LAGERSITZ_NEU-1",         13012,             3,          4079,      -97.1837,       39.4109,      -58.0603,"ASSEMBLY_LAGERSITZ_NEU-1_SET-GEHAEUSE","ALUMINIUM",NA,       16.4779,  -37.6490E-03,       13.4680,      -9.49374,   825.778E-18,   383.591E-18,       NoValue
D:/MoVerHu_Projekt/FE_Modell/FE-Abaqus-Model/Job-19.odb,Step-163,Increment      6: Step Time =    1.000,"LAGERSITZ_NEU-1",         13017,             3,          4079,      -97.1837,       39.4109,      -58.0603,"ASSEMBLY_LAGERSITZ_NEU-1_SET-GEHAEUSE","ALUMINIUM",NA,       16.4779,  -37.6490E-03,       13.4680,      -9.49374,   825.778E-18,   383.591E-18,       NoValue
D:/MoVerHu_Projekt/FE_Modell/FE-Abaqus-Model/Job-19.odb,Step-163,Increment      6: Step Time =    1.000,"LAGERSITZ_NEU-1",         13017,             6,          4079,      -97.1837,       39.4109,      -58.0603,"ASSEMBLY_LAGERSITZ_NEU-1_SET-GEHAEUSE","ALUMINIUM",NA,       16.4779,  -37.6490E-03,       13.4680,      -9.49374,  -1.58347E-15,  -64.6882E-18,       NoValue
D:/MoVerHu_Projekt/FE_Modell/FE-Abaqus-Model/Job-19.odb,Step-163,Increment      6: Step Time =    1.000,"LAGERSITZ_NEU-1",         13017,             3,          4080,      -97.1837,       41.1594,      -55.5309,"ASSEMBLY_LAGERSITZ_NEU-1_SET-GEHAEUSE","ALUMINIUM",NA,       81.4927,  -178.171E-03,       68.3033,      -44.4487,   2.75491E-15,  -790.017E-18,       NoValue
D:/MoVerHu_Projekt/FE_Modell/FE-Abaqus-Model/Job-19.odb,Step-163,Increment      6: Step Time =    1.000,"LAGERSITZ_NEU-1",         13022,             3,          4080,      -97.1837,       41.1594,      -55.5309,"ASSEMBLY_LAGERSITZ_NEU-1_SET-GEHAEUSE","ALUMINIUM",NA,       81.4927,  -178.171E-03,       68.3033,      -44.4487,   2.75491E-15,  -790.017E-18,       NoValue
D:/MoVerHu_Projekt/FE_Modell/FE-Abaqus-Model/Job-19.odb,Step-163,Increment      6: Step Time =    1.000,"LAGERSITZ_NEU-1",         13022,             6,          4080,      -97.1837,       41.1594,      -55.5309,"ASSEMBLY_LAGERSITZ_NEU-1_SET-GEHAEUSE","ALUMINIUM",NA,       81.4927,  -178.171E-03,       68.3033,      -44.4487,  -4.98085E-03,   6.36876E-03,            2.
D:/MoVerHu_Projekt/FE_Modell/FE-Abaqus-Model/Job-19.odb,Step-163,Increment      6: Step Time =    1.000,"LAGERSITZ_NEU-1",         13017,             6,          4080,      -97.1837,       41.1594,      -55.5309,"ASSEMBLY_LAGERSITZ_NEU-1_SET-GEHAEUSE","ALUMINIUM",NA,       81.4927,  -178.171E-03,       68.3033,      -44.4487,  -4.98085E-03,   6.36876E-03,            2.
D:/MoVerHu_Projekt/FE_Modell/FE-Abaqus-Model/Job-19.odb,Step-163,Increment      6: Step Time =    1.000,"LAGERSITZ_NEU-1",         13022,             6,          4081,      -97.1837,       42.7638,      -52.9077,"ASSEMBLY_LAGERSITZ_NEU-1_SET-GEHAEUSE","ALUMINIUM",NA,       42.5188,  -94.1364E-03,       36.7011,      -21.4679,  -3.64370E-03,   5.27304E-03,            2.
D:/MoVerHu_Projekt/FE_Modell/FE-Abaqus-Model/Job-19.odb,Step-163,Increment      6: Step Time =    1.000,"LAGERSITZ_NEU-1",         13022,             3,          4081,      -97.1837,       42.7638,      -52.9077,"ASSEMBLY_LAGERSITZ_NEU-1_SET-GEHAEUSE","ALUMINIUM",NA,       42.5188,  -94.1364E-03,       36.7011,      -21.4679,   2.65097E-15,  -1.49849E-15,       NoValue
D:/MoVerHu_Projekt/FE_Modell/FE-Abaqus-Model/Job-19.odb,Step-163,Increment      6: Step Time =    1.000,"LAGERSITZ_NEU-1",         13027,             3,          4081,      -97.1837,       42.7638,      -52.9077,"ASSEMBLY_LAGERSITZ_NEU-1_SET-GEHAEUSE","ALUMINIUM",NA,       42.5188,  -94.1364E-03,       36.7011,      -21.4679,   2.65097E-15,  -1.49849E-15,       NoValue
D:/MoVerHu_Projekt/FE_Modell/FE-Abaqus-Model/Job-19.odb,Step-163,Increment      6: Step Time =    1.000,"LAGERSITZ_NEU-1",         13027,             6,          4081,      -97.1837,       42.7638,      -52.9077,"ASSEMBLY_LAGERSITZ_NEU-1_SET-GEHAEUSE","ALUMINIUM",NA,       42.5188,  -94.1364E-03,       36.7011,      -21.4679,  -3.64370E-03,   5.27304E-03,            2.
D:/MoVerHu_Projekt/FE_Modell/FE-Abaqus-Model/Job-19.odb,Step-163,Increment      6: Step Time =    1.000,"LAGERSITZ_NEU-1",         13027,             6,          4082,      -97.1837,       44.2190,      -50.1990,"ASSEMBLY_LAGERSITZ_NEU-1_SET-GEHAEUSE","ALUMINIUM",NA,       15.9181,  -38.9315E-03,       14.1901,      -7.21293,  -7.89847E-15,  -552.840E-18,       NoValue
D:/MoVerHu_Projekt/FE_Modell/FE-Abaqus-Model/Job-19.odb,Step-163,Increment      6: Step Time =    1.000,"LAGERSITZ_NEU-1",         13027,             3,          4082,      -97.1837,       44.2190,      -50.1990,"ASSEMBLY_LAGERSITZ_NEU-1_SET-GEHAEUSE","ALUMINIUM",NA,       15.9181,  -38.9315E-03,       14.1901,      -7.21293,  -1.35855E-03,  -693.365E-06,       NoValue
D:/MoVerHu_Projekt/FE_Modell/FE-Abaqus-Model/Job-19.odb,Step-163,Increment      6: Step Time =    1.000,"LAGERSITZ_NEU-1",         13032,             3,          4082,      -97.1837,       44.2190,      -50.1990,"ASSEMBLY_LAGERSITZ_NEU-1_SET-GEHAEUSE","ALUMINIUM",NA,       15.9181,  -38.9315E-03,       14.1901,      -7.21293,  -1.35855E-03,  -693.365E-06,       NoValue
D:/MoVerHu_Projekt/FE_Modell/FE-Abaqus-Model/Job-19.odb,Step-163,Increment      6: Step Time =    1.000,"LAGERSITZ_NEU-1",         13032,             6,          4082,      -97.1837,       44.2190,      -50.1990,"ASSEMBLY_LAGERSITZ_NEU-1_SET-GEHAEUSE","ALUMINIUM",NA,       15.9181,  -38.9315E-03,       14.1901,      -7.21293,  -7.89847E-15,  -552.840E-18,       NoValue
D:/MoVerHu_Projekt/FE_Modell/FE-Abaqus-Model/Job-19.odb,Step-163,Increment      6: Step Time =    1.000,"LAGERSITZ_NEU-1",         13032,             3,          4083,      -97.1837,       45.5206,      -47.4132,"ASSEMBLY_LAGERSITZ_NEU-1_SET-GEHAEUSE","ALUMINIUM",NA,       17.4503,  -42.2916E-03,       16.0179,      -6.92375,  -2.36378E-03,  -1.99865E-03,       NoValue
D:/MoVerHu_Projekt/FE_Modell/FE-Abaqus-Model/Job-19.odb,Step-163,Increment      6: Step Time =    1.000,"LAGERSITZ_NEU-1",         13037,             3,          4083,      -97.1837,       45.5206,      -47.4132,"ASSEMBLY_LAGERSITZ_NEU-1_SET-GEHAEUSE","ALUMINIUM",NA,       17.4503,  -42.2916E-03,       16.0179,      -6.92375,  -2.36378E-03,  -1.99865E-03,       NoValue
D:/MoVerHu_Projekt/FE_Modell/FE-Abaqus-Model/Job-19.odb,Step-163,Increment      6: Step Time =    1.000,"LAGERSITZ_NEU-1",         13037,             6,          4083,      -97.1837,       45.5206,      -47.4132,"ASSEMBLY_LAGERSITZ_NEU-1_SET-GEHAEUSE","ALUMINIUM",NA,       17.4503,  -42.2916E-03,       16.0179,      -6.92375,   3.19063E-03,  -47.2180E-03,       NoValue
D:/MoVerHu_Projekt/FE_Modell/FE-Abaqus-Model/Job-19.odb,Step-163,Increment      6: Step Time =    1.000,"LAGERSITZ_NEU-1",         13032,             6,          4083,      -97.1837,       45.5206,      -47.4132,"ASSEMBLY_LAGERSITZ_NEU-1_SET-GEHAEUSE","ALUMINIUM",NA,       17.4503,  -42.2916E-03,       16.0179,      -6.92375,   3.19063E-03,  -47.2180E-03,       NoValue
D:/MoVerHu_Projekt/FE_Modell/FE-Abaqus-Model/Job-19.odb,Step-163,Increment      6: Step Time =    1.000,"LAGERSITZ_NEU-1",         13037,             6,          4084,      -97.1837,       46.6645,      -44.5590,"ASSEMBLY_LAGERSITZ_NEU-1_SET-GEHAEUSE","ALUMINIUM",NA,       19.8963,  -47.0292E-03,       18.6612,      -6.90098,   6.37675E-03,  -13.0501E-03,       NoValue
D:/MoVerHu_Projekt/FE_Modell/FE-Abaqus-Model/Job-19.odb,Step-163,Increment      6: Step Time =    1.000,"LAGERSITZ_NEU-1",         13037,             3,          4084,      -97.1837,       46.6645,      -44.5590,"ASSEMBLY_LAGERSITZ_NEU-1_SET-GEHAEUSE","ALUMINIUM",NA,       19.8963,  -47.0292E-03,       18.6612,      -6.90098,  -5.18222E-03,  -3.43391E-03,       NoValue
D:/MoVerHu_Projekt/FE_Modell/FE-Abaqus-Model/Job-19.odb,Step-163,Increment      6: Step Time =    1.000,"LAGERSITZ_NEU-1",         13042,             3,          4084,      -97.1837,       46.6645,      -44.5590,"ASSEMBLY_LAGERSITZ_NEU-1_SET-GEHAEUSE","ALUMINIUM",NA,       19.8963,  -47.0292E-03,       18.6612,      -6.90098,  -5.18222E-03,  -3.43391E-03,       NoValue
D:/MoVerHu_Projekt/FE_Modell/FE-Abaqus-Model/Job-19.odb,Step-163,Increment      6: Step Time =    1.000,"LAGERSITZ_NEU-1",         13042,             6,          4084,      -97.1837,       46.6645,      -44.5590,"ASSEMBLY_LAGERSITZ_NEU-1_SET-GEHAEUSE","ALUMINIUM",NA,       19.8963,  -47.0292E-03,       18.6612,      -6.90098,   6.37675E-03,  -13.0501E-03,       NoValue
D:/MoVerHu_Projekt/FE_Modell/FE-Abaqus-Model/Job-19.odb,Step-163,Increment      6: Step Time =    1.000,"LAGERSITZ_NEU-1",         13042,             6,          4085,      -97.1837,       47.6471,      -41.6453,"ASSEMBLY_LAGERSITZ_NEU-1_SET-GEHAEUSE","ALUMINIUM",NA,       14.5343,  -38.6190E-03,       13.8804,      -4.31041,  -37.8137E-03,  -28.6326E-03,       NoValue
D:/MoVerHu_Projekt/FE_Modell/FE-Abaqus-Model/Job-19.odb,Step-163,Increment      6: Step Time =    1.000,"LAGERSITZ_NEU-1",         13042,             3,          4085,      -97.1837,       47.6471,      -41.6453,"ASSEMBLY_LAGERSITZ_NEU-1_SET-GEHAEUSE","ALUMINIUM",NA,       14.5343,  -38.6190E-03,       13.8804,      -4.31041,  -27.9513E-03,  -11.1505E-03,       NoValue
D:/MoVerHu_Projekt/FE_Modell/FE-Abaqus-Model/Job-19.odb,Step-163,Increment      6: Step Time =    1.000,"LAGERSITZ_NEU-1",         13047,             6,          4085,      -97.1837,       47.6471,      -41.6453,"ASSEMBLY_LAGERSITZ_NEU-1_SET-GEHAEUSE","ALUMINIUM",NA,       14.5343,  -38.6190E-03,       13.8804,      -4.31041,  -37.8137E-03,  -28.6326E-03,       NoValue
D:/MoVerHu_Projekt/FE_Modell/FE-Abaqus-Model/Job-19.odb,Step-163,Increment      6: Step Time =    1.000,"LAGERSITZ_NEU-1",         13047,             3,          4085,      -97.1837,       47.6471,      -41.6453,"ASSEMBLY_LAGERSITZ_NEU-1_SET-GEHAEUSE","ALUMINIUM",NA,       14.5343,  -38.6190E-03,       13.8804,      -4.31041,  -27.9513E-03,  -11.1505E-03,       NoValue
D:/MoVerHu_Projekt/FE_Modell/FE-Abaqus-Model/Job-19.odb,Step-163,Increment      6: Step Time =    1.000,"LAGERSITZ_NEU-1",         13052,             6,          4086,      -100.184,       48.4653,      -38.6813,"ASSEMBLY_LAGERSITZ_NEU-1_SET-GEHAEUSE","ALUMINIUM",NA,       86.6700,  -223.857E-03,       84.1058,      -20.9252,   38.7582E-03,   24.0370E-03,            2.
D:/MoVerHu_Projekt/FE_Modell/FE-Abaqus-Model/Job-19.odb,Step-163,Increment      6: Step Time =    1.000,"LAGERSITZ_NEU-1",         13051,             6,          4086,      -100.184,       48.4653,      -38.6813,"ASSEMBLY_LAGERSITZ_NEU-1_SET-GEHAEUSE","ALUMINIUM",NA,       86.6700,  -223.857E-03,       84.1058,      -20.9252,   38.7582E-03,   24.0370E-03,            2.
D:/MoVerHu_Projekt/FE_Modell/FE-Abaqus-Model/Job-19.odb,Step-163,Increment      6: Step Time =    1.000,"LAGERSITZ_NEU-1",         13047,             6,          4086,      -100.184,       48.4653,      -38.6813,"ASSEMBLY_LAGERSITZ_NEU-1_SET-GEHAEUSE","ALUMINIUM",NA,       86.6700,  -223.857E-03,       84.1058,      -20.9252,   38.7582E-03,   24.0370E-03,            2.
D:/MoVerHu_Projekt/FE_Modell/FE-Abaqus-Model/Job-19.odb,Step-163,Increment      6: Step Time =    1.000,"LAGERSITZ_NEU-1",         13046,             6,          4086,      -100.184,       48.4653,      -38.6813,"ASSEMBLY_LAGERSITZ_NEU-1_SET-GEHAEUSE","ALUMINIUM",NA,       86.6700,  -223.857E-03,       84.1058,      -20.9252,   38.7582E-03,   24.0370E-03,            2.
D:/MoVerHu_Projekt/FE_Modell/FE-Abaqus-Model/Job-19.odb,Step-163,Increment      6: Step Time =    1.000,"LAGERSITZ_NEU-1",         13046,             6,          4087,      -103.184,       48.4653,      -38.6813,"ASSEMBLY_LAGERSITZ_NEU-1_SET-GEHAEUSE","ALUMINIUM",NA,       262.288,  -718.201E-03,       254.449,      -63.6411,   25.4171E-03,   16.2228E-03,            2.
D:/MoVerHu_Projekt/FE_Modell/FE-Abaqus-Model/Job-19.odb,Step-163,Increment      6: Step Time =    1.000,"LAGERSITZ_NEU-1",         13050,             6,          4087,      -103.184,       48.4653,      -38.6813,"ASSEMBLY_LAGERSITZ_NEU-1_SET-GEHAEUSE","ALUMINIUM",NA,       262.288,  -718.201E-03,       254.449,      -63.6411,   25.4171E-03,   16.2228E-03,            2.
D:/MoVerHu_Projekt/FE_Modell/FE-Abaqus-Model/Job-19.odb,Step-163,Increment      6: Step Time =    1.000,"LAGERSITZ_NEU-1",         13051,             6,          4087,      -103.184,       48.4653,      -38.6813,"ASSEMBLY_LAGERSITZ_NEU-1_SET-GEHAEUSE","ALUMINIUM",NA,       262.288,  -718.201E-03,       254.449,      -63.6411,   25.4171E-03,   16.2228E-03,            2.
D:/MoVerHu_Projekt/FE_Modell/FE-Abaqus-Model/Job-19.odb,Step-163,Increment      6: Step Time =    1.000,"LAGERSITZ_NEU-1",         13045,             6,          4087,      -103.184,       48.4653,      -38.6813,"ASSEMBLY_LAGERSITZ_NEU-1_SET-GEHAEUSE","ALUMINIUM",NA,       262.288,  -718.201E-03,       254.449,      -63.6411,   25.4171E-03,   16.2228E-03,            2.
D:/MoVerHu_Projekt/FE_Modell/FE-Abaqus-Model/Job-19.odb,Step-163,Increment      6: Step Time =    1.000,"LAGERSITZ_NEU-1",         13045,             6,          4088,      -106.184,       48.4653,      -38.6813,"ASSEMBLY_LAGERSITZ_NEU-1_SET-GEHAEUSE","ALUMINIUM",NA,       337.417,      -1.01388,       327.339,      -81.8410,   29.2306E-03,   13.8365E-03,            2.
D:/MoVerHu_Projekt/FE_Modell/FE-Abaqus-Model/Job-19.odb,Step-163,Increment      6: Step Time =    1.000,"LAGERSITZ_NEU-1",         13049,             6,          4088,      -106.184,       48.4653,      -38.6813,"ASSEMBLY_LAGERSITZ_NEU-1_SET-GEHAEUSE","ALUMINIUM",NA,       337.417,      -1.01388,       327.339,      -81.8410,   29.2306E-03,   13.8365E-03,            2.
D:/MoVerHu_Projekt/FE_Modell/FE-Abaqus-Model/Job-19.odb,Step-163,Increment      6: Step Time =    1.000,"LAGERSITZ_NEU-1",         13050,             6,          4088,      -106.184,       48.4653,      -38.6813,"ASSEMBLY_LAGERSITZ_NEU-1_SET-GEHAEUSE","ALUMINIUM",NA,       337.417,      -1.01388,       327.339,      -81.8410,   29.2306E-03,   13.8365E-03,            2.
D:/MoVerHu_Projekt/FE_Modell/FE-Abaqus-Model/Job-19.odb,Step-163,Increment      6: Step Time =    1.000,"LAGERSITZ_NEU-1",         13044,             6,          4088,      -106.184,       48.4653,      -38.6813,"ASSEMBLY_LAGERSITZ_NEU-1_SET-GEHAEUSE","ALUMINIUM",NA,       337.417,      -1.01388,       327.339,      -81.8410,   29.2306E-03,   13.8365E-03,            2.
D:/MoVerHu_Projekt/FE_Modell/FE-Abaqus-Model/Job-19.odb,Step-163,Increment      6: Step Time =    1.000,"LAGERSITZ_NEU-1",         13049,             6,          4089,      -109.184,       48.4653,      -38.6813,"ASSEMBLY_LAGERSITZ_NEU-1_SET-GEHAEUSE","ALUMINIUM",NA,       350.535,      -1.14957,       340.064,      -85.0295,   32.9335E-03,   15.0026E-03,            2.
D:/MoVerHu_Projekt/FE_Modell/FE-Abaqus-Model/Job-19.odb,Step-163,Increment      6: Step Time =    1.000,"LAGERSITZ_NEU-1",         13048,             6,          4089,      -109.184,       48.4653,      -38.6813,"ASSEMBLY_LAGERSITZ_NEU-1_SET-GEHAEUSE","ALUMINIUM",NA,       350.535,      -1.14957,       340.064,      -85.0295,   32.9335E-03,   15.0026E-03,            2.
D:/MoVerHu_Projekt/FE_Modell/FE-Abaqus-Model/Job-19.odb,Step-163,Increment      6: Step Time =    1.000,"LAGERSITZ_NEU-1",         13043,             6,          4089,      -109.184,       48.4653,      -38.6813,"ASSEMBLY_LAGERSITZ_NEU-1_SET-GEHAEUSE","ALUMINIUM",NA,       350.535,      -1.14957,       340.064,      -85.0295,   32.9335E-03,   15.0026E-03,            2.
D:/MoVerHu_Projekt/FE_Modell/FE-Abaqus-Model/Job-19.odb,Step-163,Increment      6: Step Time =    1.000,"LAGERSITZ_NEU-1",         13044,             6,          4089,      -109.184,       48.4653,      -38.6813,"ASSEMBLY_LAGERSITZ_NEU-1_SET-GEHAEUSE","ALUMINIUM",NA,       350.535,      -1.14957,       340.064,      -85.0295,   32.9335E-03,   15.0026E-03,            2.
D:/MoVerHu_Projekt/FE_Modell/FE-Abaqus-Model/Job-19.odb,Step-163,Increment      6: Step Time =    1.000,"LAGERSITZ_NEU-1",         13057,             3,          4090,      -97.1837,       51.4869,      -36.5897,"ASSEMBLY_LAGERSITZ_NEU-1_SET-GEHAEUSE","ALUMINIUM",NA,       44.8948,       44.8946,   123.288E-03,  -19.7293E-03,  -13.3155E-03,  -2.78492E-03,            2.
D:/MoVerHu_Projekt/FE_Modell/FE-Abaqus-Model/Job-19.odb,Step-163,Increment      6: Step Time =    1.000,"LAGERSITZ_NEU-1",         13052,             3,          4090,      -97.1837,       51.4869,      -36.5897,"ASSEMBLY_LAGERSITZ_NEU-1_SET-GEHAEUSE","ALUMINIUM",NA,       44.8948,       44.8946,   123.288E-03,  -19.7293E-03,  -13.3155E-03,  -2.78492E-03,            2.
D:/MoVerHu_Projekt/FE_Modell/FE-Abaqus-Model/Job-19.odb,Step-163,Increment      6: Step Time =    1.000,"LAGERSITZ_NEU-1",         13057,             3,          4091,      -97.1837,       51.9516,      -33.8752,"ASSEMBLY_LAGERSITZ_NEU-1_SET-GEHAEUSE","ALUMINIUM",NA,       37.7191,      -37.7190,  -97.6938E-03,   8.92536E-03,  -8.25158E-03,  -142.192E-06,            2.
D:/MoVerHu_Projekt/FE_Modell/FE-Abaqus-Model/Job-19.odb,Step-163,Increment      6: Step Time =    1.000,"LAGERSITZ_NEU-1",         13062,             3,          4091,      -97.1837,       51.9516,      -33.8752,"ASSEMBLY_LAGERSITZ_NEU-1_SET-GEHAEUSE","ALUMINIUM",NA,       37.7191,      -37.7190,  -97.6938E-03,   8.92536E-03,  -8.25158E-03,  -142.192E-06,            2.
D:/MoVerHu_Projekt/FE_Modell/FE-Abaqus-Model/Job-19.odb,Step-163,Increment      6: Step Time =    1.000,"LAGERSITZ_NEU-1",         13062,             3,          4092,      -97.1837,       52.2858,      -31.1416,"ASSEMBLY_LAGERSITZ_NEU-1_SET-GEHAEUSE","ALUMINIUM",NA,       25.4988,      -25.4988,  -67.3248E-03,   5.05785E-03,  -5.45691E-03,  -3.58204E-06,            2.
D:/MoVerHu_Projekt/FE_Modell/FE-Abaqus-Model/Job-19.odb,Step-163,Increment      6: Step Time =    1.000,"LAGERSITZ_NEU-1",         13067,             3,          4092,      -97.1837,       52.2858,      -31.1416,"ASSEMBLY_LAGERSITZ_NEU-1_SET-GEHAEUSE","ALUMINIUM",NA,       25.4988,      -25.4988,  -67.3248E-03,   5.05785E-03,  -5.45691E-03,  -3.58204E-06,            2.
D:/MoVerHu_Projekt/FE_Modell/FE-Abaqus-Model/Job-19.odb,Step-163,Increment      6: Step Time =    1.000,"LAGERSITZ_NEU-1",         13072,             3,          4093,      -97.1837,       52.4886,      -28.3950,"ASSEMBLY_LAGERSITZ_NEU-1_SET-GEHAEUSE","ALUMINIUM",NA,       19.6212,      -19.6212,  -44.8420E-03,   780.059E-06,   257.054E-06,   170.468E-06,       NoValue
D:/MoVerHu_Projekt/FE_Modell/FE-Abaqus-Model/Job-19.odb,Step-163,Increment      6: Step Time =    1.000,"LAGERSITZ_NEU-1",         13067,             3,          4093,      -97.1837,       52.4886,      -28.3950,"ASSEMBLY_LAGERSITZ_NEU-1_SET-GEHAEUSE","ALUMINIUM",NA,       19.6212,      -19.6212,  -44.8420E-03,   780.059E-06,   257.054E-06,   170.468E-06,       NoValue
D:/MoVerHu_Projekt/FE_Modell/FE-Abaqus-Model/Job-19.odb,Step-163,Increment      6: Step Time =    1.000,"LAGERSITZ_NEU-1",         13072,             3,          4094,      -97.1837,       49.9917,      -28.2706,"ASSEMBLY_LAGERSITZ_NEU-1_SET-GEHAEUSE","ALUMINIUM",NA,       23.9594,      -1.00129,       23.9158,      -1.04143,   2.29768E-03,  -6.45737E-03,            2.
D:/MoVerHu_Projekt/FE_Modell/FE-Abaqus-Model/Job-19.odb,Step-163,Increment      6: Step Time =    1.000,"LAGERSITZ_NEU-1",         13067,             3,          4094,      -97.1837,       49.9917,      -28.2706,"ASSEMBLY_LAGERSITZ_NEU-1_SET-GEHAEUSE","ALUMINIUM",NA,       23.9594,      -1.00129,       23.9158,      -1.04143,   2.29768E-03,  -6.45737E-03,            2.
D:/MoVerHu_Projekt/FE_Modell/FE-Abaqus-Model/Job-19.odb,Step-163,Increment      6: Step Time =    1.000,"LAGERSITZ_NEU-1",         13067,             6,          4094,      -97.1837,       49.9917,      -28.2706,"ASSEMBLY_LAGERSITZ_NEU-1_SET-GEHAEUSE","ALUMINIUM",NA,       23.9594,      -1.00129,       23.9158,      -1.04143,  -7.89492E-15,   147.247E-18,       NoValue
D:/MoVerHu_Projekt/FE_Modell/FE-Abaqus-Model/Job-19.odb,Step-163,Increment      6: Step Time =    1.000,"LAGERSITZ_NEU-1",         13072,             6,          4094,      -97.1837,       49.9917,      -28.2706,"ASSEMBLY_LAGERSITZ_NEU-1_SET-GEHAEUSE","ALUMINIUM",NA,       23.9594,      -1.00129,       23.9158,      -1.04143,  -7.89492E-15,   147.247E-18,       NoValue
D:/MoVerHu_Projekt/FE_Modell/FE-Abaqus-Model/Job-19.odb,Step-163,Increment      6: Step Time =    1.000,"LAGERSITZ_NEU-1",         13062,             6,          4095,      -97.1837,       49.7977,      -30.8977,"ASSEMBLY_LAGERSITZ_NEU-1_SET-GEHAEUSE","ALUMINIUM",NA,       41.1301,      -1.81828,       40.8847,      -4.10117,   7.76282E-03,   8.47463E-03,            2.
D:/MoVerHu_Projekt/FE_Modell/FE-Abaqus-Model/Job-19.odb,Step-163,Increment      6: Step Time =    1.000,"LAGERSITZ_NEU-1",         13062,             3,          4095,      -97.1837,       49.7977,      -30.8977,"ASSEMBLY_LAGERSITZ_NEU-1_SET-GEHAEUSE","ALUMINIUM",NA,       41.1301,      -1.81828,       40.8847,      -4.10117,  -143.742E-06,  -772.756E-06,       NoValue
D:/MoVerHu_Projekt/FE_Modell/FE-Abaqus-Model/Job-19.odb,Step-163,Increment      6: Step Time =    1.000,"LAGERSITZ_NEU-1",         13067,             3,          4095,      -97.1837,       49.7977,      -30.8977,"ASSEMBLY_LAGERSITZ_NEU-1_SET-GEHAEUSE","ALUMINIUM",NA,       41.1301,      -1.81828,       40.8847,      -4.10117,  -143.742E-06,  -772.756E-06,       NoValue
D:/MoVerHu_Projekt/FE_Modell/FE-Abaqus-Model/Job-19.odb,Step-163,Increment      6: Step Time =    1.000,"LAGERSITZ_NEU-1",         13067,             6,          4095,      -97.1837,       49.7977,      -30.8977,"ASSEMBLY_LAGERSITZ_NEU-1_SET-GEHAEUSE","ALUMINIUM",NA,       41.1301,      -1.81828,       40.8847,      -4.10117,   7.76282E-03,   8.47463E-03,            2.
D:/MoVerHu_Projekt/FE_Modell/FE-Abaqus-Model/Job-19.odb,Step-163,Increment      6: Step Time =    1.000,"LAGERSITZ_NEU-1",         13062,             3,          4096,      -97.1837,       49.4780,      -33.5125,"ASSEMBLY_LAGERSITZ_NEU-1_SET-GEHAEUSE","ALUMINIUM",NA,       45.5027,      -10.0283,       43.9262,      -6.35778,  -20.4232E-03,  -3.55695E-03,            2.
D:/MoVerHu_Projekt/FE_Modell/FE-Abaqus-Model/Job-19.odb,Step-163,Increment      6: Step Time =    1.000,"LAGERSITZ_NEU-1",         13057,             3,          4096,      -97.1837,       49.4780,      -33.5125,"ASSEMBLY_LAGERSITZ_NEU-1_SET-GEHAEUSE","ALUMINIUM",NA,       45.5027,      -10.0283,       43.9262,      -6.35778,  -20.4232E-03,  -3.55695E-03,            2.
D:/MoVerHu_Projekt/FE_Modell/FE-Abaqus-Model/Job-19.odb,Step-163,Increment      6: Step Time =    1.000,"LAGERSITZ_NEU-1",         13057,             6,          4096,      -97.1837,       49.4780,      -33.5125,"ASSEMBLY_LAGERSITZ_NEU-1_SET-GEHAEUSE","ALUMINIUM",NA,       45.5027,      -10.0283,       43.9262,      -6.35778,   18.3826E-03,   16.9223E-03,            2.
D:/MoVerHu_Projekt/FE_Modell/FE-Abaqus-Model/Job-19.odb,Step-163,Increment      6: Step Time =    1.000,"LAGERSITZ_NEU-1",         13062,             6,          4096,      -97.1837,       49.4780,      -33.5125,"ASSEMBLY_LAGERSITZ_NEU-1_SET-GEHAEUSE","ALUMINIUM",NA,       45.5027,      -10.0283,       43.9262,      -6.35778,   18.3826E-03,   16.9223E-03,            2.
D:/MoVerHu_Projekt/FE_Modell/FE-Abaqus-Model/Job-19.odb,Step-163,Increment      6: Step Time =    1.000,"LAGERSITZ_NEU-1",         13052,             6,          4097,      -97.1837,       49.0336,      -36.1090,"ASSEMBLY_LAGERSITZ_NEU-1_SET-GEHAEUSE","ALUMINIUM",NA,       24.7982,      -3.67160,       24.0927,      -4.58407,   8.11335E-03,   8.46044E-03,            2.
D:/MoVerHu_Projekt/FE_Modell/FE-Abaqus-Model/Job-19.odb,Step-163,Increment      6: Step Time =    1.000,"LAGERSITZ_NEU-1",         13057,             3,          4097,      -97.1837,       49.0336,      -36.1090,"ASSEMBLY_LAGERSITZ_NEU-1_SET-GEHAEUSE","ALUMINIUM",NA,       24.7982,      -3.67160,       24.0927,      -4.58407,  -31.5737E-03,  -6.42253E-03,            2.
D:/MoVerHu_Projekt/FE_Modell/FE-Abaqus-Model/Job-19.odb,Step-163,Increment      6: Step Time =    1.000,"LAGERSITZ_NEU-1",         13057,             6,          4097,      -97.1837,       49.0336,      -36.1090,"ASSEMBLY_LAGERSITZ_NEU-1_SET-GEHAEUSE","ALUMINIUM",NA,       24.7982,      -3.67160,       24.0927,      -4.58407,   8.11335E-03,   8.46044E-03,            2.
D:/MoVerHu_Projekt/FE_Modell/FE-Abaqus-Model/Job-19.odb,Step-163,Increment      6: Step Time =    1.000,"LAGERSITZ_NEU-1",         13052,             3,          4097,      -97.1837,       49.0336,      -36.1090,"ASSEMBLY_LAGERSITZ_NEU-1_SET-GEHAEUSE","ALUMINIUM",NA,       24.7982,      -3.67160,       24.0927,      -4.58407,  -31.5737E-03,  -6.42253E-03,            2.
D:/MoVerHu_Projekt/FE_Modell/FE-Abaqus-Model/Job-19.odb,Step-163,Increment      6: Step Time =    1.000,"LAGERSITZ_NEU-1",         13068,             6,          4098,      -109.184,       50.0598,      -25.6373,"ASSEMBLY_LAGERSITZ_NEU-1_SET-GEHAEUSE","ALUMINIUM",NA,       287.361,  -901.729E-03,       287.353,       2.04807,   85.2441E-03,  -24.4548E-03,            2.
D:/MoVerHu_Projekt/FE_Modell/FE-Abaqus-Model/Job-19.odb,Step-163,Increment      6: Step Time =    1.000,"LAGERSITZ_NEU-1",         13073,             6,          4098,      -109.184,       50.0598,      -25.6373,"ASSEMBLY_LAGERSITZ_NEU-1_SET-GEHAEUSE","ALUMINIUM",NA,       287.361,  -901.729E-03,       287.353,       2.04807,   85.2441E-03,  -24.4548E-03,            2.
D:/MoVerHu_Projekt/FE_Modell/FE-Abaqus-Model/Job-19.odb,Step-163,Increment      6: Step Time =    1.000,"LAGERSITZ_NEU-1",         13069,             6,          4098,      -109.184,       50.0598,      -25.6373,"ASSEMBLY_LAGERSITZ_NEU-1_SET-GEHAEUSE","ALUMINIUM",NA,       287.361,  -901.729E-03,       287.353,       2.04807,   85.2441E-03,  -24.4548E-03,            2.
D:/MoVerHu_Projekt/FE_Modell/FE-Abaqus-Model/Job-19.odb,Step-163,Increment      6: Step Time =    1.000,"LAGERSITZ_NEU-1",         13074,             6,          4098,      -109.184,       50.0598,      -25.6373,"ASSEMBLY_LAGERSITZ_NEU-1_SET-GEHAEUSE","ALUMINIUM",NA,       287.361,  -901.729E-03,       287.353,       2.04807,   85.2441E-03,  -24.4548E-03,            2.
D:/MoVerHu_Projekt/FE_Modell/FE-Abaqus-Model/Job-19.odb,Step-163,Increment      6: Step Time =    1.000,"LAGERSITZ_NEU-1",         13070,             6,          4099,      -106.184,       50.0598,      -25.6373,"ASSEMBLY_LAGERSITZ_NEU-1_SET-GEHAEUSE","ALUMINIUM",NA,       263.263,  -751.891E-03,       263.254,       1.95586,   55.6047E-03,  -17.2068E-03,            2.
D:/MoVerHu_Projekt/FE_Modell/FE-Abaqus-Model/Job-19.odb,Step-163,Increment      6: Step Time =    1.000,"LAGERSITZ_NEU-1",         13075,             6,          4099,      -106.184,       50.0598,      -25.6373,"ASSEMBLY_LAGERSITZ_NEU-1_SET-GEHAEUSE","ALUMINIUM",NA,       263.263,  -751.891E-03,       263.254,       1.95586,   55.6047E-03,  -17.2068E-03,            2.
D:/MoVerHu_Projekt/FE_Modell/FE-Abaqus-Model/Job-19.odb,Step-163,Increment      6: Step Time =    1.000,"LAGERSITZ_NEU-1",         13074,             6,          4099,      -106.184,       50.0598,      -25.6373,"ASSEMBLY_LAGERSITZ_NEU-1_SET-GEHAEUSE","ALUMINIUM",NA,       263.263,  -751.891E-03,       263.254,       1.95586,   55.6047E-03,  -17.2068E-03,            2.
D:/MoVerHu_Projekt/FE_Modell/FE-Abaqus-Model/Job-19.odb,Step-163,Increment      6: Step Time =    1.000,"LAGERSITZ_NEU-1",         13069,             6,          4099,      -106.184,       50.0598,      -25.6373,"ASSEMBLY_LAGERSITZ_NEU-1_SET-GEHAEUSE","ALUMINIUM",NA,       263.263,  -751.891E-03,       263.254,       1.95586,   55.6047E-03,  -17.2068E-03,            2.
D:/MoVerHu_Projekt/FE_Modell/FE-Abaqus-Model/Job-19.odb,Step-163,Increment      6: Step Time =    1.000,"LAGERSITZ_NEU-1",         13071,             6,          4100,      -103.184,       50.0598,      -25.6373,"ASSEMBLY_LAGERSITZ_NEU-1_SET-GEHAEUSE","ALUMINIUM",NA,       220.860,  -564.501E-03,       220.852,       1.85055,   40.1629E-03,  -18.2944E-03,            2.
D:/MoVerHu_Projekt/FE_Modell/FE-Abaqus-Model/Job-19.odb,Step-163,Increment      6: Step Time =    1.000,"LAGERSITZ_NEU-1",         13075,             6,          4100,      -103.184,       50.0598,      -25.6373,"ASSEMBLY_LAGERSITZ_NEU-1_SET-GEHAEUSE","ALUMINIUM",NA,       220.860,  -564.501E-03,       220.852,       1.85055,   40.1629E-03,  -18.2944E-03,            2.
D:/MoVerHu_Projekt/FE_Modell/FE-Abaqus-Model/Job-19.odb,Step-163,Increment      6: Step Time =    1.000,"LAGERSITZ_NEU-1",         13070,             6,          4100,      -103.184,       50.0598,      -25.6373,"ASSEMBLY_LAGERSITZ_NEU-1_SET-GEHAEUSE","ALUMINIUM",NA,       220.860,  -564.501E-03,       220.852,       1.85055,   40.1629E-03,  -18.2944E-03,            2.
D:/MoVerHu_Projekt/FE_Modell/FE-Abaqus-Model/Job-19.odb,Step-163,Increment      6: Step Time =    1.000,"LAGERSITZ_NEU-1",         13076,             6,          4100,      -103.184,       50.0598,      -25.6373,"ASSEMBLY_LAGERSITZ_NEU-1_SET-GEHAEUSE","ALUMINIUM",NA,       220.860,  -564.501E-03,       220.852,       1.85055,   40.1629E-03,  -18.2944E-03,            2.
D:/MoVerHu_Projekt/FE_Modell/FE-Abaqus-Model/Job-19.odb,Step-163,Increment      6: Step Time =    1.000,"LAGERSITZ_NEU-1",         13076,             6,          4101,      -100.184,       50.0598,      -25.6373,"ASSEMBLY_LAGERSITZ_NEU-1_SET-GEHAEUSE","ALUMINIUM",NA,       242.039,  -575.374E-03,       242.026,       2.39281,   14.0430E-03,  -2.28986E-03,            2.
D:/MoVerHu_Projekt/FE_Modell/FE-Abaqus-Model/Job-19.odb,Step-163,Increment      6: Step Time =    1.000,"LAGERSITZ_NEU-1",         13071,             6,          4101,      -100.184,       50.0598,      -25.6373,"ASSEMBLY_LAGERSITZ_NEU-1_SET-GEHAEUSE","ALUMINIUM",NA,       242.039,  -575.374E-03,       242.026,       2.39281,   14.0430E-03,  -2.28986E-03,            2.
D:/MoVerHu_Projekt/FE_Modell/FE-Abaqus-Model/Job-19.odb,Step-163,Increment      6: Step Time =    1.000,"LAGERSITZ_NEU-1",         13072,             6,          4101,      -100.184,       50.0598,      -25.6373,"ASSEMBLY_LAGERSITZ_NEU-1_SET-GEHAEUSE","ALUMINIUM",NA,       242.039,  -575.374E-03,       242.026,       2.39281,   14.0430E-03,  -2.28986E-03,            2.
D:/MoVerHu_Projekt/FE_Modell/FE-Abaqus-Model/Job-19.odb,Step-163,Increment      6: Step Time =    1.000,"LAGERSITZ_NEU-1",         13077,             6,          4101,      -100.184,       50.0598,      -25.6373,"ASSEMBLY_LAGERSITZ_NEU-1_SET-GEHAEUSE","ALUMINIUM",NA,       242.039,  -575.374E-03,       242.026,       2.39281,   14.0430E-03,  -2.28986E-03,            2.
D:/MoVerHu_Projekt/FE_Modell/FE-Abaqus-Model/Job-19.odb,Step-163,Increment      6: Step Time =    1.000,"LAGERSITZ_NEU-1",         13082,             3,          4106,      -97.1837,       52.4632,      -22.2010,"ASSEMBLY_LAGERSITZ_NEU-1_SET-GEHAEUSE","ALUMINIUM",NA,       97.8764,      -97.8761,  -244.306E-03,  -4.83075E-03,   769.021E-06,   1.91265E-03,            2.
D:/MoVerHu_Projekt/FE_Modell/FE-Abaqus-Model/Job-19.odb,Step-163,Increment      6: Step Time =    1.000,"LAGERSITZ_NEU-1",         13077,             3,          4106,      -97.1837,       52.4632,      -22.2010,"ASSEMBLY_LAGERSITZ_NEU-1_SET-GEHAEUSE","ALUMINIUM",NA,       97.8764,      -97.8761,  -244.306E-03,  -4.83075E-03,   769.021E-06,   1.91265E-03,            2.
D:/MoVerHu_Projekt/FE_Modell/FE-Abaqus-Model/Job-19.odb,Step-163,Increment      6: Step Time =    1.000,"LAGERSITZ_NEU-1",         13082,             3,          4107,      -97.1837,       52.1609,      -18.7720,"ASSEMBLY_LAGERSITZ_NEU-1_SET-GEHAEUSE","ALUMINIUM",NA,       132.599,      -132.599,  -338.954E-03,   552.552E-06,   1.53241E-03,   2.76831E-03,            2.
D:/MoVerHu_Projekt/FE_Modell/FE-Abaqus-Model/Job-19.odb,Step-163,Increment      6: Step Time =    1.000,"LAGERSITZ_NEU-1",         13087,             3,          4107,      -97.1837,       52.1609,      -18.7720,"ASSEMBLY_LAGERSITZ_NEU-1_SET-GEHAEUSE","ALUMINIUM",NA,       132.599,      -132.599,  -338.954E-03,   552.552E-06,   1.53241E-03,   2.76831E-03,            2.
D:/MoVerHu_Projekt/FE_Modell/FE-Abaqus-Model/Job-19.odb,Step-163,Increment      6: Step Time =    1.000,"LAGERSITZ_NEU-1",         13092,             3,          4108,      -97.1837,       51.6540,      -15.3672,"ASSEMBLY_LAGERSITZ_NEU-1_SET-GEHAEUSE","ALUMINIUM",NA,       52.0209,       52.0207,   142.317E-03,   13.1440E-03,   1.89841E-03,   1.67656E-03,            2.
D:/MoVerHu_Projekt/FE_Modell/FE-Abaqus-Model/Job-19.odb,Step-163,Increment      6: Step Time =    1.000,"LAGERSITZ_NEU-1",         13087,             3,          4108,      -97.1837,       51.6540,      -15.3672,"ASSEMBLY_LAGERSITZ_NEU-1_SET-GEHAEUSE","ALUMINIUM",NA,       52.0209,       52.0207,   142.317E-03,   13.1440E-03,   1.89841E-03,   1.67656E-03,            2.
D:/MoVerHu_Projekt/FE_Modell/FE-Abaqus-Model/Job-19.odb,Step-163,Increment      6: Step Time =    1.000,"LAGERSITZ_NEU-1",         13092,             3,          4109,      -97.1837,       49.1934,      -15.8092,"ASSEMBLY_LAGERSITZ_NEU-1_SET-GEHAEUSE","ALUMINIUM",NA,       205.243,      -21.8737,       201.058,       34.9535,   4.27290E-03,   3.60851E-03,            2.
D:/MoVerHu_Projekt/FE_Modell/FE-Abaqus-Model/Job-19.odb,Step-163,Increment      6: Step Time =    1.000,"LAGERSITZ_NEU-1",         13087,             3,          4109,      -97.1837,       49.1934,      -15.8092,"ASSEMBLY_LAGERSITZ_NEU-1_SET-GEHAEUSE","ALUMINIUM",NA,       205.243,      -21.8737,       201.058,       34.9535,   4.27290E-03,   3.60851E-03,            2.
D:/MoVerHu_Projekt/FE_Modell/FE-Abaqus-Model/Job-19.odb,Step-163,Increment      6: Step Time =    1.000,"LAGERSITZ_NEU-1",         13087,             6,          4109,      -97.1837,       49.1934,      -15.8092,"ASSEMBLY_LAGERSITZ_NEU-1_SET-GEHAEUSE","ALUMINIUM",NA,       205.243,      -21.8737,       201.058,       34.9535,  -138.528E-06,  -4.08672E-03,            2.
D:/MoVerHu_Projekt/FE_Modell/FE-Abaqus-Model/Job-19.odb,Step-163,Increment      6: Step Time =    1.000,"LAGERSITZ_NEU-1",         13092,             6,          4109,      -97.1837,       49.1934,      -15.8092,"ASSEMBLY_LAGERSITZ_NEU-1_SET-GEHAEUSE","ALUMINIUM",NA,       205.243,      -21.8737,       201.058,       34.9535,  -138.528E-06,  -4.08672E-03,            2.
D:/MoVerHu_Projekt/FE_Modell/FE-Abaqus-Model/Job-19.odb,Step-163,Increment      6: Step Time =    1.000,"LAGERSITZ_NEU-1",         13082,             6,          4110,      -97.1837,       49.6783,      -19.0660,"ASSEMBLY_LAGERSITZ_NEU-1_SET-GEHAEUSE","ALUMINIUM",NA,       369.601,      -75.2704,       359.344,       42.5569,  -90.7540E-06,  -2.57632E-03,            2.
D:/MoVerHu_Projekt/FE_Modell/FE-Abaqus-Model/Job-19.odb,Step-163,Increment      6: Step Time =    1.000,"LAGERSITZ_NEU-1",         13082,             3,          4110,      -97.1837,       49.6783,      -19.0660,"ASSEMBLY_LAGERSITZ_NEU-1_SET-GEHAEUSE","ALUMINIUM",NA,       369.601,      -75.2704,       359.344,       42.5569,   2.96018E-03,   5.57776E-03,            2.
D:/MoVerHu_Projekt/FE_Modell/FE-Abaqus-Model/Job-19.odb,Step-163,Increment      6: Step Time =    1.000,"LAGERSITZ_NEU-1",         13087,             6,          4110,      -97.1837,       49.6783,      -19.0660,"ASSEMBLY_LAGERSITZ_NEU-1_SET-GEHAEUSE","ALUMINIUM",NA,       369.601,      -75.2704,       359.344,       42.5569,  -90.7540E-06,  -2.57632E-03,            2.
D:/MoVerHu_Projekt/FE_Modell/FE-Abaqus-Model/Job-19.odb,Step-163,Increment      6: Step Time =    1.000,"LAGERSITZ_NEU-1",         13087,             3,          4110,      -97.1837,       49.6783,      -19.0660,"ASSEMBLY_LAGERSITZ_NEU-1_SET-GEHAEUSE","ALUMINIUM",NA,       369.601,      -75.2704,       359.344,       42.5569,   2.96018E-03,   5.57776E-03,            2.
D:/MoVerHu_Projekt/FE_Modell/FE-Abaqus-Model/Job-19.odb,Step-163,Increment      6: Step Time =    1.000,"LAGERSITZ_NEU-1",         13082,             3,          4111,      -97.1837,       49.9674,      -22.3459,"ASSEMBLY_LAGERSITZ_NEU-1_SET-GEHAEUSE","ALUMINIUM",NA,       289.139,      -54.0293,       283.501,       17.5794,   1.68942E-03,   4.09120E-03,            2.
D:/MoVerHu_Projekt/FE_Modell/FE-Abaqus-Model/Job-19.odb,Step-163,Increment      6: Step Time =    1.000,"LAGERSITZ_NEU-1",         13077,             6,          4111,      -97.1837,       49.9674,      -22.3459,"ASSEMBLY_LAGERSITZ_NEU-1_SET-GEHAEUSE","ALUMINIUM",NA,       289.139,      -54.0293,       283.501,       17.5794,  -70.2011E-06,  -1.59617E-03,            2.
D:/MoVerHu_Projekt/FE_Modell/FE-Abaqus-Model/Job-19.odb,Step-163,Increment      6: Step Time =    1.000,"LAGERSITZ_NEU-1",         13077,             3,          4111,      -97.1837,       49.9674,      -22.3459,"ASSEMBLY_LAGERSITZ_NEU-1_SET-GEHAEUSE","ALUMINIUM",NA,       289.139,      -54.0293,       283.501,       17.5794,   1.68942E-03,   4.09120E-03,            2.
D:/MoVerHu_Projekt/FE_Modell/FE-Abaqus-Model/Job-19.odb,Step-163,Increment      6: Step Time =    1.000,"LAGERSITZ_NEU-1",         13082,             6,          4111,      -97.1837,       49.9674,      -22.3459,"ASSEMBLY_LAGERSITZ_NEU-1_SET-GEHAEUSE","ALUMINIUM",NA,       289.139,      -54.0293,       283.501,       17.5794,  -70.2011E-06,  -1.59617E-03,            2.
D:/MoVerHu_Projekt/FE_Modell/FE-Abaqus-Model/Job-19.odb,Step-163,Increment      6: Step Time =    1.000,"LAGERSITZ_NEU-1",         13097,             6,          4112,      -100.184,       48.5145,      -12.5873,"ASSEMBLY_LAGERSITZ_NEU-1_SET-GEHAEUSE","ALUMINIUM",NA,       70.5394,  -164.412E-03,       68.8989,       15.1238,   21.6121E-06,  -537.661E-06,       NoValue
D:/MoVerHu_Projekt/FE_Modell/FE-Abaqus-Model/Job-19.odb,Step-163,Increment      6: Step Time =    1.000,"LAGERSITZ_NEU-1",         13096,             6,          4112,      -100.184,       48.5145,      -12.5873,"ASSEMBLY_LAGERSITZ_NEU-1_SET-GEHAEUSE","ALUMINIUM",NA,       70.5394,  -164.412E-03,       68.8989,       15.1238,   21.6121E-06,  -537.661E-06,       NoValue
D:/MoVerHu_Projekt/FE_Modell/FE-Abaqus-Model/Job-19.odb,Step-163,Increment      6: Step Time =    1.000,"LAGERSITZ_NEU-1",         13092,             6,          4112,      -100.184,       48.5145,      -12.5873,"ASSEMBLY_LAGERSITZ_NEU-1_SET-GEHAEUSE","ALUMINIUM",NA,       70.5394,  -164.412E-03,       68.8989,       15.1238,   21.6121E-06,  -537.661E-06,       NoValue
D:/MoVerHu_Projekt/FE_Modell/FE-Abaqus-Model/Job-19.odb,Step-163,Increment      6: Step Time =    1.000,"LAGERSITZ_NEU-1",         13091,             6,          4112,      -100.184,       48.5145,      -12.5873,"ASSEMBLY_LAGERSITZ_NEU-1_SET-GEHAEUSE","ALUMINIUM",NA,       70.5394,  -164.412E-03,       68.8989,       15.1238,   21.6121E-06,  -537.661E-06,       NoValue
D:/MoVerHu_Projekt/FE_Modell/FE-Abaqus-Model/Job-19.odb,Step-163,Increment      6: Step Time =    1.000,"LAGERSITZ_NEU-1",         13095,             6,          4113,      -103.184,       48.5145,      -12.5873,"ASSEMBLY_LAGERSITZ_NEU-1_SET-GEHAEUSE","ALUMINIUM",NA,       169.263,  -410.959E-03,       164.802,       38.6048,   6.86398E-03,  -62.2341E-03,            2.
D:/MoVerHu_Projekt/FE_Modell/FE-Abaqus-Model/Job-19.odb,Step-163,Increment      6: Step Time =    1.000,"LAGERSITZ_NEU-1",         13096,             6,          4113,      -103.184,       48.5145,      -12.5873,"ASSEMBLY_LAGERSITZ_NEU-1_SET-GEHAEUSE","ALUMINIUM",NA,       169.263,  -410.959E-03,       164.802,       38.6048,   6.86398E-03,  -62.2341E-03,            2.
D:/MoVerHu_Projekt/FE_Modell/FE-Abaqus-Model/Job-19.odb,Step-163,Increment      6: Step Time =    1.000,"LAGERSITZ_NEU-1",         13090,             6,          4113,      -103.184,       48.5145,      -12.5873,"ASSEMBLY_LAGERSITZ_NEU-1_SET-GEHAEUSE","ALUMINIUM",NA,       169.263,  -410.959E-03,       164.802,       38.6048,   6.86398E-03,  -62.2341E-03,            2.
D:/MoVerHu_Projekt/FE_Modell/FE-Abaqus-Model/Job-19.odb,Step-163,Increment      6: Step Time =    1.000,"LAGERSITZ_NEU-1",         13091,             6,          4113,      -103.184,       48.5145,      -12.5873,"ASSEMBLY_LAGERSITZ_NEU-1_SET-GEHAEUSE","ALUMINIUM",NA,       169.263,  -410.959E-03,       164.802,       38.6048,   6.86398E-03,  -62.2341E-03,            2.
D:/MoVerHu_Projekt/FE_Modell/FE-Abaqus-Model/Job-19.odb,Step-163,Increment      6: Step Time =    1.000,"LAGERSITZ_NEU-1",         13090,             6,          4114,      -106.184,       48.5145,      -12.5873,"ASSEMBLY_LAGERSITZ_NEU-1_SET-GEHAEUSE","ALUMINIUM",NA,       232.626,  -593.197E-03,       226.416,       53.3899,   19.7483E-03,  -59.9734E-03,            2.
D:/MoVerHu_Projekt/FE_Modell/FE-Abaqus-Model/Job-19.odb,Step-163,Increment      6: Step Time =    1.000,"LAGERSITZ_NEU-1",         13089,             6,          4114,      -106.184,       48.5145,      -12.5873,"ASSEMBLY_LAGERSITZ_NEU-1_SET-GEHAEUSE","ALUMINIUM",NA,       232.626,  -593.197E-03,       226.416,       53.3899,   19.7483E-03,  -59.9734E-03,            2.
D:/MoVerHu_Projekt/FE_Modell/FE-Abaqus-Model/Job-19.odb,Step-163,Increment      6: Step Time =    1.000,"LAGERSITZ_NEU-1",         13095,             6,          4114,      -106.184,       48.5145,      -12.5873,"ASSEMBLY_LAGERSITZ_NEU-1_SET-GEHAEUSE","ALUMINIUM",NA,       232.626,  -593.197E-03,       226.416,       53.3899,   19.7483E-03,  -59.9734E-03,            2.
D:/MoVerHu_Projekt/FE_Modell/FE-Abaqus-Model/Job-19.odb,Step-163,Increment      6: Step Time =    1.000,"LAGERSITZ_NEU-1",         13094,             6,          4114,      -106.184,       48.5145,      -12.5873,"ASSEMBLY_LAGERSITZ_NEU-1_SET-GEHAEUSE","ALUMINIUM",NA,       232.626,  -593.197E-03,       226.416,       53.3899,   19.7483E-03,  -59.9734E-03,            2.
D:/MoVerHu_Projekt/FE_Modell/FE-Abaqus-Model/Job-19.odb,Step-163,Increment      6: Step Time =    1.000,"LAGERSITZ_NEU-1",         13093,             6,          4115,      -109.184,       48.5145,      -12.5873,"ASSEMBLY_LAGERSITZ_NEU-1_SET-GEHAEUSE","ALUMINIUM",NA,       242.359,  -666.767E-03,       235.873,       55.6933,   27.3656E-03,  -67.9734E-03,            2.
D:/MoVerHu_Projekt/FE_Modell/FE-Abaqus-Model/Job-19.odb,Step-163,Increment      6: Step Time =    1.000,"LAGERSITZ_NEU-1",         13088,             6,          4115,      -109.184,       48.5145,      -12.5873,"ASSEMBLY_LAGERSITZ_NEU-1_SET-GEHAEUSE","ALUMINIUM",NA,       242.359,  -666.767E-03,       235.873,       55.6933,   27.3656E-03,  -67.9734E-03,            2.
D:/MoVerHu_Projekt/FE_Modell/FE-Abaqus-Model/Job-19.odb,Step-163,Increment      6: Step Time =    1.000,"LAGERSITZ_NEU-1",         13094,             6,          4115,      -109.184,       48.5145,      -12.5873,"ASSEMBLY_LAGERSITZ_NEU-1_SET-GEHAEUSE","ALUMINIUM",NA,       242.359,  -666.767E-03,       235.873,       55.6933,   27.3656E-03,  -67.9734E-03,            2.
D:/MoVerHu_Projekt/FE_Modell/FE-Abaqus-Model/Job-19.odb,Step-163,Increment      6: Step Time =    1.000,"LAGERSITZ_NEU-1",         13089,             6,          4115,      -109.184,       48.5145,      -12.5873,"ASSEMBLY_LAGERSITZ_NEU-1_SET-GEHAEUSE","ALUMINIUM",NA,       242.359,  -666.767E-03,       235.873,       55.6933,   27.3656E-03,  -67.9734E-03,            2.
D:/MoVerHu_Projekt/FE_Modell/FE-Abaqus-Model/Job-19.odb,Step-163,Increment      6: Step Time =    1.000,"LAGERSITZ_NEU-1",         13157,             6,          4116,      -97.1837,       28.8770,       17.8414,"ASSEMBLY_LAGERSITZ_NEU-1_SET-GEHAEUSE","ALUMINIUM",NA,            0.,            0.,            0.,            0.,  -7.89272E-15,   1.68765E-15,       NoValue
D:/MoVerHu_Projekt/FE_Modell/FE-Abaqus-Model/Job-19.odb,Step-163,Increment      6: Step Time =    1.000,"LAGERSITZ_NEU-1",         13152,             3,          4116,      -97.1837,       28.8770,       17.8414,"ASSEMBLY_LAGERSITZ_NEU-1_SET-GEHAEUSE","ALUMINIUM",NA,            0.,            0.,            0.,            0.,   974.543E-18,   2.54618E-15,       NoValue
D:/MoVerHu_Projekt/FE_Modell/FE-Abaqus-Model/Job-19.odb,Step-163,Increment      6: Step Time =    1.000,"LAGERSITZ_NEU-1",         13157,             3,          4116,      -97.1837,       28.8770,       17.8414,"ASSEMBLY_LAGERSITZ_NEU-1_SET-GEHAEUSE","ALUMINIUM",NA,            0.,            0.,            0.,            0.,   974.543E-18,   2.54618E-15,       NoValue
D:/MoVerHu_Projekt/FE_Modell/FE-Abaqus-Model/Job-19.odb,Step-163,Increment      6: Step Time =    1.000,"LAGERSITZ_NEU-1",         13152,             6,          4116,      -97.1837,       28.8770,       17.8414,"ASSEMBLY_LAGERSITZ_NEU-1_SET-GEHAEUSE","ALUMINIUM",NA,            0.,            0.,            0.,            0.,  -7.89272E-15,   1.68765E-15,       NoValue
D:/MoVerHu_Projekt/FE_Modell/FE-Abaqus-Model/Job-19.odb,Step-163,Increment      6: Step Time =    1.000,"LAGERSITZ_NEU-1",         13147,             3,          4117,      -97.1837,       31.2482,       15.8838,"ASSEMBLY_LAGERSITZ_NEU-1_SET-GEHAEUSE","ALUMINIUM",NA,            0.,            0.,            0.,            0.,   1.48248E-15,   987.207E-18,       NoValue
D:/MoVerHu_Projekt/FE_Modell/FE-Abaqus-Model/Job-19.odb,Step-163,Increment      6: Step Time =    1.000,"LAGERSITZ_NEU-1",         13147,             6,          4117,      -97.1837,       31.2482,       15.8838,"ASSEMBLY_LAGERSITZ_NEU-1_SET-GEHAEUSE","ALUMINIUM",NA,            0.,            0.,            0.,            0.,  -9.87290E-15,   772.489E-18,       NoValue
D:/MoVerHu_Projekt/FE_Modell/FE-Abaqus-Model/Job-19.odb,Step-163,Increment      6: Step Time =    1.000,"LAGERSITZ_NEU-1",         13152,             6,          4117,      -97.1837,       31.2482,       15.8838,"ASSEMBLY_LAGERSITZ_NEU-1_SET-GEHAEUSE","ALUMINIUM",NA,            0.,            0.,            0.,            0.,  -9.87290E-15,   772.489E-18,       NoValue
D:/MoVerHu_Projekt/FE_Modell/FE-Abaqus-Model/Job-19.odb,Step-163,Increment      6: Step Time =    1.000,"LAGERSITZ_NEU-1",         13152,             3,          4117,      -97.1837,       31.2482,       15.8838,"ASSEMBLY_LAGERSITZ_NEU-1_SET-GEHAEUSE","ALUMINIUM",NA,            0.,            0.,            0.,            0.,   1.48248E-15,   987.207E-18,       NoValue
D:/MoVerHu_Projekt/FE_Modell/FE-Abaqus-Model/Job-19.odb,Step-163,Increment      6: Step Time =    1.000,"LAGERSITZ_NEU-1",         13142,             3,          4118,      -97.1837,       33.5063,       13.7966,"ASSEMBLY_LAGERSITZ_NEU-1_SET-GEHAEUSE","ALUMINIUM",NA,            0.,            0.,            0.,            0.,   600.724E-18,  -375.421E-18,       NoValue
D:/MoVerHu_Projekt/FE_Modell/FE-Abaqus-Model/Job-19.odb,Step-163,Increment      6: Step Time =    1.000,"LAGERSITZ_NEU-1",         13142,             6,          4118,      -97.1837,       33.5063,       13.7966,"ASSEMBLY_LAGERSITZ_NEU-1_SET-GEHAEUSE","ALUMINIUM",NA,            0.,            0.,            0.,            0.,  -5.58861E-15,  -3.58777E-15,       NoValue
D:/MoVerHu_Projekt/FE_Modell/FE-Abaqus-Model/Job-19.odb,Step-163,Increment      6: Step Time =    1.000,"LAGERSITZ_NEU-1",         13147,             6,          4118,      -97.1837,       33.5063,       13.7966,"ASSEMBLY_LAGERSITZ_NEU-1_SET-GEHAEUSE","ALUMINIUM",NA,            0.,            0.,            0.,            0.,  -5.58861E-15,  -3.58777E-15,       NoValue
D:/MoVerHu_Projekt/FE_Modell/FE-Abaqus-Model/Job-19.odb,Step-163,Increment      6: Step Time =    1.000,"LAGERSITZ_NEU-1",         13147,             3,          4118,      -97.1837,       33.5063,       13.7966,"ASSEMBLY_LAGERSITZ_NEU-1_SET-GEHAEUSE","ALUMINIUM",NA,            0.,            0.,            0.,            0.,   600.724E-18,  -375.421E-18,       NoValue
D:/MoVerHu_Projekt/FE_Modell/FE-Abaqus-Model/Job-19.odb,Step-163,Increment      6: Step Time =    1.000,"LAGERSITZ_NEU-1",         13142,             3,          4119,      -97.1837,       35.6442,       11.5866,"ASSEMBLY_LAGERSITZ_NEU-1_SET-GEHAEUSE","ALUMINIUM",NA,            0.,            0.,            0.,            0.,   1.30303E-18,  -1.57412E-15,       NoValue
D:/MoVerHu_Projekt/FE_Modell/FE-Abaqus-Model/Job-19.odb,Step-163,Increment      6: Step Time =    1.000,"LAGERSITZ_NEU-1",         13137,             3,          4119,      -97.1837,       35.6442,       11.5866,"ASSEMBLY_LAGERSITZ_NEU-1_SET-GEHAEUSE","ALUMINIUM",NA,            0.,            0.,            0.,            0.,   1.30303E-18,  -1.57412E-15,       NoValue
D:/MoVerHu_Projekt/FE_Modell/FE-Abaqus-Model/Job-19.odb,Step-163,Increment      6: Step Time =    1.000,"LAGERSITZ_NEU-1",         13137,             6,          4119,      -97.1837,       35.6442,       11.5866,"ASSEMBLY_LAGERSITZ_NEU-1_SET-GEHAEUSE","ALUMINIUM",NA,            0.,            0.,            0.,            0.,  -7.10436E-15,  -1.60876E-15,       NoValue
D:/MoVerHu_Projekt/FE_Modell/FE-Abaqus-Model/Job-19.odb,Step-163,Increment      6: Step Time =    1.000,"LAGERSITZ_NEU-1",         13142,             6,          4119,      -97.1837,       35.6442,       11.5866,"ASSEMBLY_LAGERSITZ_NEU-1_SET-GEHAEUSE","ALUMINIUM",NA,            0.,            0.,            0.,            0.,  -7.10436E-15,  -1.60876E-15,       NoValue
D:/MoVerHu_Projekt/FE_Modell/FE-Abaqus-Model/Job-19.odb,Step-163,Increment      6: Step Time =    1.000,"LAGERSITZ_NEU-1",         13137,             6,          4120,      -97.1837,       37.6552,       9.26050,"ASSEMBLY_LAGERSITZ_NEU-1_SET-GEHAEUSE","ALUMINIUM",NA,            0.,            0.,            0.,            0.,  -10.2638E-15,  -4.15174E-15,       NoValue
D:/MoVerHu_Projekt/FE_Modell/FE-Abaqus-Model/Job-19.odb,Step-163,Increment      6: Step Time =    1.000,"LAGERSITZ_NEU-1",         13137,             3,          4120,      -97.1837,       37.6552,       9.26050,"ASSEMBLY_LAGERSITZ_NEU-1_SET-GEHAEUSE","ALUMINIUM",NA,            0.,            0.,            0.,            0.,   98.7739E-18,  -1.57293E-15,       NoValue
D:/MoVerHu_Projekt/FE_Modell/FE-Abaqus-Model/Job-19.odb,Step-163,Increment      6: Step Time =    1.000,"LAGERSITZ_NEU-1",         13132,             6,          4120,      -97.1837,       37.6552,       9.26050,"ASSEMBLY_LAGERSITZ_NEU-1_SET-GEHAEUSE","ALUMINIUM",NA,            0.,            0.,            0.,            0.,  -10.2638E-15,  -4.15174E-15,       NoValue
D:/MoVerHu_Projekt/FE_Modell/FE-Abaqus-Model/Job-19.odb,Step-163,Increment      6: Step Time =    1.000,"LAGERSITZ_NEU-1",         13132,             3,          4120,      -97.1837,       37.6552,       9.26050,"ASSEMBLY_LAGERSITZ_NEU-1_SET-GEHAEUSE","ALUMINIUM",NA,            0.,            0.,            0.,            0.,   98.7739E-18,  -1.57293E-15,       NoValue
D:/MoVerHu_Projekt/FE_Modell/FE-Abaqus-Model/Job-19.odb,Step-163,Increment      6: Step Time =    1.000,"LAGERSITZ_NEU-1",         13132,             3,          4121,      -97.1837,       39.5332,       6.82567,"ASSEMBLY_LAGERSITZ_NEU-1_SET-GEHAEUSE","ALUMINIUM",NA,       12.7510,  -16.5837E-03,       10.4956,       7.24080,  -755.983E-18,   3.16580E-15,       NoValue
D:/MoVerHu_Projekt/FE_Modell/FE-Abaqus-Model/Job-19.odb,Step-163,Increment      6: Step Time =    1.000,"LAGERSITZ_NEU-1",         13127,             6,          4121,      -97.1837,       39.5332,       6.82567,"ASSEMBLY_LAGERSITZ_NEU-1_SET-GEHAEUSE","ALUMINIUM",NA,       12.7510,  -16.5837E-03,       10.4956,       7.24080,  -8.68033E-15,   383.623E-18,       NoValue
D:/MoVerHu_Projekt/FE_Modell/FE-Abaqus-Model/Job-19.odb,Step-163,Increment      6: Step Time =    1.000,"LAGERSITZ_NEU-1",         13127,             3,          4121,      -97.1837,       39.5332,       6.82567,"ASSEMBLY_LAGERSITZ_NEU-1_SET-GEHAEUSE","ALUMINIUM",NA,       12.7510,  -16.5837E-03,       10.4956,       7.24080,  -755.983E-18,   3.16580E-15,       NoValue
D:/MoVerHu_Projekt/FE_Modell/FE-Abaqus-Model/Job-19.odb,Step-163,Increment      6: Step Time =    1.000,"LAGERSITZ_NEU-1",         13132,             6,          4121,      -97.1837,       39.5332,       6.82567,"ASSEMBLY_LAGERSITZ_NEU-1_SET-GEHAEUSE","ALUMINIUM",NA,       12.7510,  -16.5837E-03,       10.4956,       7.24080,  -8.68033E-15,   383.623E-18,       NoValue
D:/MoVerHu_Projekt/FE_Modell/FE-Abaqus-Model/Job-19.odb,Step-163,Increment      6: Step Time =    1.000,"LAGERSITZ_NEU-1",         13127,             3,          4122,      -97.1837,       41.2721,       4.28970,"ASSEMBLY_LAGERSITZ_NEU-1_SET-GEHAEUSE","ALUMINIUM",NA,       82.0691,  -109.554E-03,       68.9384,       44.5289,  -71.5389E-18,   2.33906E-15,       NoValue
D:/MoVerHu_Projekt/FE_Modell/FE-Abaqus-Model/Job-19.odb,Step-163,Increment      6: Step Time =    1.000,"LAGERSITZ_NEU-1",         13122,             6,          4122,      -97.1837,       41.2721,       4.28970,"ASSEMBLY_LAGERSITZ_NEU-1_SET-GEHAEUSE","ALUMINIUM",NA,       82.0691,  -109.554E-03,       68.9384,       44.5289,  -38.7735E-03,  -33.8367E-03,            1.
D:/MoVerHu_Projekt/FE_Modell/FE-Abaqus-Model/Job-19.odb,Step-163,Increment      6: Step Time =    1.000,"LAGERSITZ_NEU-1",         13127,             6,          4122,      -97.1837,       41.2721,       4.28970,"ASSEMBLY_LAGERSITZ_NEU-1_SET-GEHAEUSE","ALUMINIUM",NA,       82.0691,  -109.554E-03,       68.9384,       44.5289,  -38.7735E-03,  -33.8367E-03,            1.
D:/MoVerHu_Projekt/FE_Modell/FE-Abaqus-Model/Job-19.odb,Step-163,Increment      6: Step Time =    1.000,"LAGERSITZ_NEU-1",         13122,             3,          4122,      -97.1837,       41.2721,       4.28970,"ASSEMBLY_LAGERSITZ_NEU-1_SET-GEHAEUSE","ALUMINIUM",NA,       82.0691,  -109.554E-03,       68.9384,       44.5289,  -71.5389E-18,   2.33906E-15,       NoValue
D:/MoVerHu_Projekt/FE_Modell/FE-Abaqus-Model/Job-19.odb,Step-163,Increment      6: Step Time =    1.000,"LAGERSITZ_NEU-1",         13122,             3,          4123,      -97.1837,       42.8665,       1.66051,"ASSEMBLY_LAGERSITZ_NEU-1_SET-GEHAEUSE","ALUMINIUM",NA,       47.5517,  -67.8956E-03,       41.1287,       23.8661,   124.186E-18,   12.5765E-18,       NoValue
D:/MoVerHu_Projekt/FE_Modell/FE-Abaqus-Model/Job-19.odb,Step-163,Increment      6: Step Time =    1.000,"LAGERSITZ_NEU-1",         13117,             6,          4123,      -97.1837,       42.8665,       1.66051,"ASSEMBLY_LAGERSITZ_NEU-1_SET-GEHAEUSE","ALUMINIUM",NA,       47.5517,  -67.8956E-03,       41.1287,       23.8661,  -39.9225E-03,  -40.5436E-03,            1.
D:/MoVerHu_Projekt/FE_Modell/FE-Abaqus-Model/Job-19.odb,Step-163,Increment      6: Step Time =    1.000,"LAGERSITZ_NEU-1",         13117,             3,          4123,      -97.1837,       42.8665,       1.66051,"ASSEMBLY_LAGERSITZ_NEU-1_SET-GEHAEUSE","ALUMINIUM",NA,       47.5517,  -67.8956E-03,       41.1287,       23.8661,   124.186E-18,   12.5765E-18,       NoValue
D:/MoVerHu_Projekt/FE_Modell/FE-Abaqus-Model/Job-19.odb,Step-163,Increment      6: Step Time =    1.000,"LAGERSITZ_NEU-1",         13122,             6,          4123,      -97.1837,       42.8665,       1.66051,"ASSEMBLY_LAGERSITZ_NEU-1_SET-GEHAEUSE","ALUMINIUM",NA,       47.5517,  -67.8956E-03,       41.1287,       23.8661,  -39.9225E-03,  -40.5436E-03,            1.
D:/MoVerHu_Projekt/FE_Modell/FE-Abaqus-Model/Job-19.odb,Step-163,Increment      6: Step Time =    1.000,"LAGERSITZ_NEU-1",         13117,             3,          4124,      -97.1837,       44.3116,      -1.05368,"ASSEMBLY_LAGERSITZ_NEU-1_SET-GEHAEUSE","ALUMINIUM",NA,       15.0265,  -23.8908E-03,       13.4006,       6.79846,  -53.6168E-18,  -2.37966E-15,       NoValue
D:/MoVerHu_Projekt/FE_Modell/FE-Abaqus-Model/Job-19.odb,Step-163,Increment      6: Step Time =    1.000,"LAGERSITZ_NEU-1",         13117,             6,          4124,      -97.1837,       44.3116,      -1.05368,"ASSEMBLY_LAGERSITZ_NEU-1_SET-GEHAEUSE","ALUMINIUM",NA,       15.0265,  -23.8908E-03,       13.4006,       6.79846,  -10.2637E-15,   496.438E-18,       NoValue
D:/MoVerHu_Projekt/FE_Modell/FE-Abaqus-Model/Job-19.odb,Step-163,Increment      6: Step Time =    1.000,"LAGERSITZ_NEU-1",         13112,             6,          4124,      -97.1837,       44.3116,      -1.05368,"ASSEMBLY_LAGERSITZ_NEU-1_SET-GEHAEUSE","ALUMINIUM",NA,       15.0265,  -23.8908E-03,       13.4006,       6.79846,  -10.2637E-15,   496.438E-18,       NoValue
D:/MoVerHu_Projekt/FE_Modell/FE-Abaqus-Model/Job-19.odb,Step-163,Increment      6: Step Time =    1.000,"LAGERSITZ_NEU-1",         13112,             3,          4124,      -97.1837,       44.3116,      -1.05368,"ASSEMBLY_LAGERSITZ_NEU-1_SET-GEHAEUSE","ALUMINIUM",NA,       15.0265,  -23.8908E-03,       13.4006,       6.79846,  -53.6168E-18,  -2.37966E-15,       NoValue
D:/MoVerHu_Projekt/FE_Modell/FE-Abaqus-Model/Job-19.odb,Step-163,Increment      6: Step Time =    1.000,"LAGERSITZ_NEU-1",         13112,             3,          4125,      -97.1837,       45.6027,      -3.84439,"ASSEMBLY_LAGERSITZ_NEU-1_SET-GEHAEUSE","ALUMINIUM",NA,       16.4280,  -28.2757E-03,       15.0979,       6.47548,  -146.528E-18,  -2.39377E-15,       NoValue
D:/MoVerHu_Projekt/FE_Modell/FE-Abaqus-Model/Job-19.odb,Step-163,Increment      6: Step Time =    1.000,"LAGERSITZ_NEU-1",         13107,             6,          4125,      -97.1837,       45.6027,      -3.84439,"ASSEMBLY_LAGERSITZ_NEU-1_SET-GEHAEUSE","ALUMINIUM",NA,       16.4280,  -28.2757E-03,       15.0979,       6.47548,   6.07788E-03,   36.7339E-03,            2.
D:/MoVerHu_Projekt/FE_Modell/FE-Abaqus-Model/Job-19.odb,Step-163,Increment      6: Step Time =    1.000,"LAGERSITZ_NEU-1",         13112,             6,          4125,      -97.1837,       45.6027,      -3.84439,"ASSEMBLY_LAGERSITZ_NEU-1_SET-GEHAEUSE","ALUMINIUM",NA,       16.4280,  -28.2757E-03,       15.0979,       6.47548,   6.07788E-03,   36.7339E-03,            2.
D:/MoVerHu_Projekt/FE_Modell/FE-Abaqus-Model/Job-19.odb,Step-163,Increment      6: Step Time =    1.000,"LAGERSITZ_NEU-1",         13107,             3,          4125,      -97.1837,       45.6027,      -3.84439,"ASSEMBLY_LAGERSITZ_NEU-1_SET-GEHAEUSE","ALUMINIUM",NA,       16.4280,  -28.2757E-03,       15.0979,       6.47548,  -146.528E-18,  -2.39377E-15,       NoValue
D:/MoVerHu_Projekt/FE_Modell/FE-Abaqus-Model/Job-19.odb,Step-163,Increment      6: Step Time =    1.000,"LAGERSITZ_NEU-1",         13107,             3,          4126,      -97.1837,       46.7358,      -6.70289,"ASSEMBLY_LAGERSITZ_NEU-1_SET-GEHAEUSE","ALUMINIUM",NA,       16.1968,  -29.2918E-03,       15.1880,       5.62674,  -136.843E-18,  -1.11081E-15,       NoValue
D:/MoVerHu_Projekt/FE_Modell/FE-Abaqus-Model/Job-19.odb,Step-163,Increment      6: Step Time =    1.000,"LAGERSITZ_NEU-1",         13107,             6,          4126,      -97.1837,       46.7358,      -6.70289,"ASSEMBLY_LAGERSITZ_NEU-1_SET-GEHAEUSE","ALUMINIUM",NA,       16.1968,  -29.2918E-03,       15.1880,       5.62674,  -36.5726E-03,  -51.0116E-03,            2.
D:/MoVerHu_Projekt/FE_Modell/FE-Abaqus-Model/Job-19.odb,Step-163,Increment      6: Step Time =    1.000,"LAGERSITZ_NEU-1",         13102,             6,          4126,      -97.1837,       46.7358,      -6.70289,"ASSEMBLY_LAGERSITZ_NEU-1_SET-GEHAEUSE","ALUMINIUM",NA,       16.1968,  -29.2918E-03,       15.1880,       5.62674,  -36.5726E-03,  -51.0116E-03,            2.
D:/MoVerHu_Projekt/FE_Modell/FE-Abaqus-Model/Job-19.odb,Step-163,Increment      6: Step Time =    1.000,"LAGERSITZ_NEU-1",         13102,             3,          4126,      -97.1837,       46.7358,      -6.70289,"ASSEMBLY_LAGERSITZ_NEU-1_SET-GEHAEUSE","ALUMINIUM",NA,       16.1968,  -29.2918E-03,       15.1880,       5.62674,  -136.843E-18,  -1.11081E-15,       NoValue
D:/MoVerHu_Projekt/FE_Modell/FE-Abaqus-Model/Job-19.odb,Step-163,Increment      6: Step Time =    1.000,"LAGERSITZ_NEU-1",         13102,             3,          4127,      -97.1837,       47.7074,      -9.62024,"ASSEMBLY_LAGERSITZ_NEU-1_SET-GEHAEUSE","ALUMINIUM",NA,       2.42399,  -4.97003E-03,       2.29995,   765.477E-03,  -126.723E-18,   976.038E-18,       NoValue
D:/MoVerHu_Projekt/FE_Modell/FE-Abaqus-Model/Job-19.odb,Step-163,Increment      6: Step Time =    1.000,"LAGERSITZ_NEU-1",         13097,             3,          4127,      -97.1837,       47.7074,      -9.62024,"ASSEMBLY_LAGERSITZ_NEU-1_SET-GEHAEUSE","ALUMINIUM",NA,       2.42399,  -4.97003E-03,       2.29995,   765.477E-03,  -126.723E-18,   976.038E-18,       NoValue
D:/MoVerHu_Projekt/FE_Modell/FE-Abaqus-Model/Job-19.odb,Step-163,Increment      6: Step Time =    1.000,"LAGERSITZ_NEU-1",         13102,             6,          4127,      -97.1837,       47.7074,      -9.62024,"ASSEMBLY_LAGERSITZ_NEU-1_SET-GEHAEUSE","ALUMINIUM",NA,       2.42399,  -4.97003E-03,       2.29995,   765.477E-03,  -7.89557E-15,   96.2498E-18,       NoValue
D:/MoVerHu_Projekt/FE_Modell/FE-Abaqus-Model/Job-19.odb,Step-163,Increment      6: Step Time =    1.000,"LAGERSITZ_NEU-1",         13097,             6,          4127,      -97.1837,       47.7074,      -9.62024,"ASSEMBLY_LAGERSITZ_NEU-1_SET-GEHAEUSE","ALUMINIUM",NA,       2.42399,  -4.97003E-03,       2.29995,   765.477E-03,  -7.89557E-15,   96.2498E-18,       NoValue
D:/MoVerHu_Projekt/FE_Modell/FE-Abaqus-Model/Job-19.odb,Step-163,Increment      6: Step Time =    1.000,"LAGERSITZ_NEU-1",         13158,             6,          4128,      -109.184,       26.4002,       19.6635,"ASSEMBLY_LAGERSITZ_NEU-1_SET-GEHAEUSE","ALUMINIUM",NA,            0.,            0.,            0.,            0.,  -2.75260E-15,   790.734E-18,       NoValue
D:/MoVerHu_Projekt/FE_Modell/FE-Abaqus-Model/Job-19.odb,Step-163,Increment      6: Step Time =    1.000,"LAGERSITZ_NEU-1",         13153,             6,          4128,      -109.184,       26.4002,       19.6635,"ASSEMBLY_LAGERSITZ_NEU-1_SET-GEHAEUSE","ALUMINIUM",NA,            0.,            0.,            0.,            0.,  -2.75260E-15,   790.734E-18,       NoValue
D:/MoVerHu_Projekt/FE_Modell/FE-Abaqus-Model/Job-19.odb,Step-163,Increment      6: Step Time =    1.000,"LAGERSITZ_NEU-1",         13159,             6,          4128,      -109.184,       26.4002,       19.6635,"ASSEMBLY_LAGERSITZ_NEU-1_SET-GEHAEUSE","ALUMINIUM",NA,            0.,            0.,            0.,            0.,  -2.75260E-15,   790.734E-18,       NoValue
D:/MoVerHu_Projekt/FE_Modell/FE-Abaqus-Model/Job-19.odb,Step-163,Increment      6: Step Time =    1.000,"LAGERSITZ_NEU-1",         13154,             6,          4128,      -109.184,       26.4002,       19.6635,"ASSEMBLY_LAGERSITZ_NEU-1_SET-GEHAEUSE","ALUMINIUM",NA,            0.,            0.,            0.,            0.,  -2.75260E-15,   790.734E-18,       NoValue
D:/MoVerHu_Projekt/FE_Modell/FE-Abaqus-Model/Job-19.odb,Step-163,Increment      6: Step Time =    1.000,"LAGERSITZ_NEU-1",         13154,             6,          4129,      -106.184,       26.4002,       19.6635,"ASSEMBLY_LAGERSITZ_NEU-1_SET-GEHAEUSE","ALUMINIUM",NA,            0.,            0.,            0.,            0.,   701.930E-18,   1.28191E-15,       NoValue
D:/MoVerHu_Projekt/FE_Modell/FE-Abaqus-Model/Job-19.odb,Step-163,Increment      6: Step Time =    1.000,"LAGERSITZ_NEU-1",         13159,             6,          4129,      -106.184,       26.4002,       19.6635,"ASSEMBLY_LAGERSITZ_NEU-1_SET-GEHAEUSE","ALUMINIUM",NA,            0.,            0.,            0.,            0.,   701.930E-18,   1.28191E-15,       NoValue
D:/MoVerHu_Projekt/FE_Modell/FE-Abaqus-Model/Job-19.odb,Step-163,Increment      6: Step Time =    1.000,"LAGERSITZ_NEU-1",         13155,             6,          4129,      -106.184,       26.4002,       19.6635,"ASSEMBLY_LAGERSITZ_NEU-1_SET-GEHAEUSE","ALUMINIUM",NA,            0.,            0.,            0.,            0.,   701.930E-18,   1.28191E-15,       NoValue
D:/MoVerHu_Projekt/FE_Modell/FE-Abaqus-Model/Job-19.odb,Step-163,Increment      6: Step Time =    1.000,"LAGERSITZ_NEU-1",         13160,             6,          4129,      -106.184,       26.4002,       19.6635,"ASSEMBLY_LAGERSITZ_NEU-1_SET-GEHAEUSE","ALUMINIUM",NA,            0.,            0.,            0.,            0.,   701.930E-18,   1.28191E-15,       NoValue
D:/MoVerHu_Projekt/FE_Modell/FE-Abaqus-Model/Job-19.odb,Step-163,Increment      6: Step Time =    1.000,"LAGERSITZ_NEU-1",         13156,             6,          4130,      -103.184,       26.4002,       19.6635,"ASSEMBLY_LAGERSITZ_NEU-1_SET-GEHAEUSE","ALUMINIUM",NA,            0.,            0.,            0.,            0.,   398.471E-18,   839.193E-18,       NoValue
D:/MoVerHu_Projekt/FE_Modell/FE-Abaqus-Model/Job-19.odb,Step-163,Increment      6: Step Time =    1.000,"LAGERSITZ_NEU-1",         13160,             6,          4130,      -103.184,       26.4002,       19.6635,"ASSEMBLY_LAGERSITZ_NEU-1_SET-GEHAEUSE","ALUMINIUM",NA,            0.,            0.,            0.,            0.,   398.471E-18,   839.193E-18,       NoValue
D:/MoVerHu_Projekt/FE_Modell/FE-Abaqus-Model/Job-19.odb,Step-163,Increment      6: Step Time =    1.000,"LAGERSITZ_NEU-1",         13155,             6,          4130,      -103.184,       26.4002,       19.6635,"ASSEMBLY_LAGERSITZ_NEU-1_SET-GEHAEUSE","ALUMINIUM",NA,            0.,            0.,            0.,            0.,   398.471E-18,   839.193E-18,       NoValue
D:/MoVerHu_Projekt/FE_Modell/FE-Abaqus-Model/Job-19.odb,Step-163,Increment      6: Step Time =    1.000,"LAGERSITZ_NEU-1",         13161,             6,          4130,      -103.184,       26.4002,       19.6635,"ASSEMBLY_LAGERSITZ_NEU-1_SET-GEHAEUSE","ALUMINIUM",NA,            0.,            0.,            0.,            0.,   398.471E-18,   839.193E-18,       NoValue
D:/MoVerHu_Projekt/FE_Modell/FE-Abaqus-Model/Job-19.odb,Step-163,Increment      6: Step Time =    1.000,"LAGERSITZ_NEU-1",         13156,             6,          4131,      -100.184,       26.4002,       19.6635,"ASSEMBLY_LAGERSITZ_NEU-1_SET-GEHAEUSE","ALUMINIUM",NA,            0.,            0.,            0.,            0.,  -2.21339E-15,   980.353E-18,       NoValue
D:/MoVerHu_Projekt/FE_Modell/FE-Abaqus-Model/Job-19.odb,Step-163,Increment      6: Step Time =    1.000,"LAGERSITZ_NEU-1",         13161,             6,          4131,      -100.184,       26.4002,       19.6635,"ASSEMBLY_LAGERSITZ_NEU-1_SET-GEHAEUSE","ALUMINIUM",NA,            0.,            0.,            0.,            0.,  -2.21339E-15,   980.353E-18,       NoValue
D:/MoVerHu_Projekt/FE_Modell/FE-Abaqus-Model/Job-19.odb,Step-163,Increment      6: Step Time =    1.000,"LAGERSITZ_NEU-1",         13157,             6,          4131,      -100.184,       26.4002,       19.6635,"ASSEMBLY_LAGERSITZ_NEU-1_SET-GEHAEUSE","ALUMINIUM",NA,            0.,            0.,            0.,            0.,  -2.21339E-15,   980.353E-18,       NoValue
D:/MoVerHu_Projekt/FE_Modell/FE-Abaqus-Model/Job-19.odb,Step-163,Increment      6: Step Time =    1.000,"LAGERSITZ_NEU-1",         13162,             6,          4131,      -100.184,       26.4002,       19.6635,"ASSEMBLY_LAGERSITZ_NEU-1_SET-GEHAEUSE","ALUMINIUM",NA,            0.,            0.,            0.,            0.,  -2.21339E-15,   980.353E-18,       NoValue
D:/MoVerHu_Projekt/FE_Modell/FE-Abaqus-Model/Job-19.odb,Step-163,Increment      6: Step Time =    1.000,"LAGERSITZ_NEU-1",         13167,             3,          4132,      -97.1837,       25.1803,       23.4460,"ASSEMBLY_LAGERSITZ_NEU-1_SET-GEHAEUSE","ALUMINIUM",NA,            0.,            0.,            0.,            0.,   324.379E-18,   805.266E-18,       NoValue
D:/MoVerHu_Projekt/FE_Modell/FE-Abaqus-Model/Job-19.odb,Step-163,Increment      6: Step Time =    1.000,"LAGERSITZ_NEU-1",         13162,             3,          4132,      -97.1837,       25.1803,       23.4460,"ASSEMBLY_LAGERSITZ_NEU-1_SET-GEHAEUSE","ALUMINIUM",NA,            0.,            0.,            0.,            0.,   324.379E-18,   805.266E-18,       NoValue
D:/MoVerHu_Projekt/FE_Modell/FE-Abaqus-Model/Job-19.odb,Step-163,Increment      6: Step Time =    1.000,"LAGERSITZ_NEU-1",         13167,             3,          4133,      -97.1837,       22.4449,       25.0263,"ASSEMBLY_LAGERSITZ_NEU-1_SET-GEHAEUSE","ALUMINIUM",NA,            0.,            0.,            0.,            0.,   2.33198E-15,  -768.833E-18,       NoValue
D:/MoVerHu_Projekt/FE_Modell/FE-Abaqus-Model/Job-19.odb,Step-163,Increment      6: Step Time =    1.000,"LAGERSITZ_NEU-1",         13172,             3,          4133,      -97.1837,       22.4449,       25.0263,"ASSEMBLY_LAGERSITZ_NEU-1_SET-GEHAEUSE","ALUMINIUM",NA,            0.,            0.,            0.,            0.,   2.33198E-15,  -768.833E-18,       NoValue
D:/MoVerHu_Projekt/FE_Modell/FE-Abaqus-Model/Job-19.odb,Step-163,Increment      6: Step Time =    1.000,"LAGERSITZ_NEU-1",         13177,             3,          4134,      -97.1837,       19.6269,       26.4539,"ASSEMBLY_LAGERSITZ_NEU-1_SET-GEHAEUSE","ALUMINIUM",NA,            0.,            0.,            0.,            0.,  -198.483E-18,   1.97508E-15,       NoValue
D:/MoVerHu_Projekt/FE_Modell/FE-Abaqus-Model/Job-19.odb,Step-163,Increment      6: Step Time =    1.000,"LAGERSITZ_NEU-1",         13172,             3,          4134,      -97.1837,       19.6269,       26.4539,"ASSEMBLY_LAGERSITZ_NEU-1_SET-GEHAEUSE","ALUMINIUM",NA,            0.,            0.,            0.,            0.,  -198.483E-18,   1.97508E-15,       NoValue
D:/MoVerHu_Projekt/FE_Modell/FE-Abaqus-Model/Job-19.odb,Step-163,Increment      6: Step Time =    1.000,"LAGERSITZ_NEU-1",         13182,             3,          4135,      -97.1837,       16.7348,       27.7247,"ASSEMBLY_LAGERSITZ_NEU-1_SET-GEHAEUSE","ALUMINIUM",NA,            0.,            0.,            0.,            0.,  -875.148E-18,   1.11094E-15,       NoValue
D:/MoVerHu_Projekt/FE_Modell/FE-Abaqus-Model/Job-19.odb,Step-163,Increment      6: Step Time =    1.000,"LAGERSITZ_NEU-1",         13177,             3,          4135,      -97.1837,       16.7348,       27.7247,"ASSEMBLY_LAGERSITZ_NEU-1_SET-GEHAEUSE","ALUMINIUM",NA,            0.,            0.,            0.,            0.,  -875.148E-18,   1.11094E-15,       NoValue
D:/MoVerHu_Projekt/FE_Modell/FE-Abaqus-Model/Job-19.odb,Step-163,Increment      6: Step Time =    1.000,"LAGERSITZ_NEU-1",         13182,             3,          4136,      -97.1837,       13.7772,       28.8346,"ASSEMBLY_LAGERSITZ_NEU-1_SET-GEHAEUSE","ALUMINIUM",NA,            0.,            0.,            0.,            0.,  -583.677E-18,   98.6164E-18,       NoValue
D:/MoVerHu_Projekt/FE_Modell/FE-Abaqus-Model/Job-19.odb,Step-163,Increment      6: Step Time =    1.000,"LAGERSITZ_NEU-1",         13187,             3,          4136,      -97.1837,       13.7772,       28.8346,"ASSEMBLY_LAGERSITZ_NEU-1_SET-GEHAEUSE","ALUMINIUM",NA,            0.,            0.,            0.,            0.,  -583.677E-18,   98.6164E-18,       NoValue
D:/MoVerHu_Projekt/FE_Modell/FE-Abaqus-Model/Job-19.odb,Step-163,Increment      6: Step Time =    1.000,"LAGERSITZ_NEU-1",         13187,             3,          4137,      -97.1837,       10.7631,       29.7805,"ASSEMBLY_LAGERSITZ_NEU-1_SET-GEHAEUSE","ALUMINIUM",NA,            0.,            0.,            0.,            0.,   197.393E-18,   491.939E-18,       NoValue
D:/MoVerHu_Projekt/FE_Modell/FE-Abaqus-Model/Job-19.odb,Step-163,Increment      6: Step Time =    1.000,"LAGERSITZ_NEU-1",         13192,             3,          4137,      -97.1837,       10.7631,       29.7805,"ASSEMBLY_LAGERSITZ_NEU-1_SET-GEHAEUSE","ALUMINIUM",NA,            0.,            0.,            0.,            0.,   197.393E-18,   491.939E-18,       NoValue
D:/MoVerHu_Projekt/FE_Modell/FE-Abaqus-Model/Job-19.odb,Step-163,Increment      6: Step Time =    1.000,"LAGERSITZ_NEU-1",         13197,             3,          4138,      -97.1837,       7.70166,       30.5594,"ASSEMBLY_LAGERSITZ_NEU-1_SET-GEHAEUSE","ALUMINIUM",NA,            0.,            0.,            0.,            0.,   793.411E-18,  -643.260E-18,       NoValue
D:/MoVerHu_Projekt/FE_Modell/FE-Abaqus-Model/Job-19.odb,Step-163,Increment      6: Step Time =    1.000,"LAGERSITZ_NEU-1",         13192,             3,          4138,      -97.1837,       7.70166,       30.5594,"ASSEMBLY_LAGERSITZ_NEU-1_SET-GEHAEUSE","ALUMINIUM",NA,            0.,            0.,            0.,            0.,   793.411E-18,  -643.260E-18,       NoValue
D:/MoVerHu_Projekt/FE_Modell/FE-Abaqus-Model/Job-19.odb,Step-163,Increment      6: Step Time =    1.000,"LAGERSITZ_NEU-1",         13202,             3,          4139,      -97.1837,       4.60203,       31.1691,"ASSEMBLY_LAGERSITZ_NEU-1_SET-GEHAEUSE","ALUMINIUM",NA,            0.,            0.,            0.,            0.,   2.36358E-15,  -74.2200E-18,       NoValue
D:/MoVerHu_Projekt/FE_Modell/FE-Abaqus-Model/Job-19.odb,Step-163,Increment      6: Step Time =    1.000,"LAGERSITZ_NEU-1",         13197,             3,          4139,      -97.1837,       4.60203,       31.1691,"ASSEMBLY_LAGERSITZ_NEU-1_SET-GEHAEUSE","ALUMINIUM",NA,            0.,            0.,            0.,            0.,   2.36358E-15,  -74.2200E-18,       NoValue
D:/MoVerHu_Projekt/FE_Modell/FE-Abaqus-Model/Job-19.odb,Step-163,Increment      6: Step Time =    1.000,"LAGERSITZ_NEU-1",         13207,             3,          4140,      -97.1837,       1.47360,       31.6075,"ASSEMBLY_LAGERSITZ_NEU-1_SET-GEHAEUSE","ALUMINIUM",NA,            0.,            0.,            0.,            0.,  -4.01818E-15,  -19.9052E-18,       NoValue
D:/MoVerHu_Projekt/FE_Modell/FE-Abaqus-Model/Job-19.odb,Step-163,Increment      6: Step Time =    1.000,"LAGERSITZ_NEU-1",         13202,             3,          4140,      -97.1837,       1.47360,       31.6075,"ASSEMBLY_LAGERSITZ_NEU-1_SET-GEHAEUSE","ALUMINIUM",NA,            0.,            0.,            0.,            0.,  -4.01818E-15,  -19.9052E-18,       NoValue
D:/MoVerHu_Projekt/FE_Modell/FE-Abaqus-Model/Job-19.odb,Step-163,Increment      6: Step Time =    1.000,"LAGERSITZ_NEU-1",         13207,             3,          4141,      -97.1837,      -1.67418,       31.8735,"ASSEMBLY_LAGERSITZ_NEU-1_SET-GEHAEUSE","ALUMINIUM",NA,            0.,            0.,            0.,            0.,  -2.16828E-15,  -120.343E-18,       NoValue
D:/MoVerHu_Projekt/FE_Modell/FE-Abaqus-Model/Job-19.odb,Step-163,Increment      6: Step Time =    1.000,"LAGERSITZ_NEU-1",         13212,             3,          4141,      -97.1837,      -1.67418,       31.8735,"ASSEMBLY_LAGERSITZ_NEU-1_SET-GEHAEUSE","ALUMINIUM",NA,            0.,            0.,            0.,            0.,  -2.16828E-15,  -120.343E-18,       NoValue
D:/MoVerHu_Projekt/FE_Modell/FE-Abaqus-Model/Job-19.odb,Step-163,Increment      6: Step Time =    1.000,"LAGERSITZ_NEU-1",         13212,             3,          4142,      -97.1837,      -1.81618,       29.3776,"ASSEMBLY_LAGERSITZ_NEU-1_SET-GEHAEUSE","ALUMINIUM",NA,            0.,            0.,            0.,            0.,  -3.15347E-15,   9.39354E-18,       NoValue
D:/MoVerHu_Projekt/FE_Modell/FE-Abaqus-Model/Job-19.odb,Step-163,Increment      6: Step Time =    1.000,"LAGERSITZ_NEU-1",         13207,             3,          4142,      -97.1837,      -1.81618,       29.3776,"ASSEMBLY_LAGERSITZ_NEU-1_SET-GEHAEUSE","ALUMINIUM",NA,            0.,            0.,            0.,            0.,  -3.15347E-15,   9.39354E-18,       NoValue
D:/MoVerHu_Projekt/FE_Modell/FE-Abaqus-Model/Job-19.odb,Step-163,Increment      6: Step Time =    1.000,"LAGERSITZ_NEU-1",         13212,             6,          4142,      -97.1837,      -1.81618,       29.3776,"ASSEMBLY_LAGERSITZ_NEU-1_SET-GEHAEUSE","ALUMINIUM",NA,            0.,            0.,            0.,            0.,  -7.89508E-15,   179.921E-18,       NoValue
D:/MoVerHu_Projekt/FE_Modell/FE-Abaqus-Model/Job-19.odb,Step-163,Increment      6: Step Time =    1.000,"LAGERSITZ_NEU-1",         13207,             6,          4142,      -97.1837,      -1.81618,       29.3776,"ASSEMBLY_LAGERSITZ_NEU-1_SET-GEHAEUSE","ALUMINIUM",NA,            0.,            0.,            0.,            0.,  -7.89508E-15,   179.921E-18,       NoValue
D:/MoVerHu_Projekt/FE_Modell/FE-Abaqus-Model/Job-19.odb,Step-163,Increment      6: Step Time =    1.000,"LAGERSITZ_NEU-1",         13207,             3,          4143,      -97.1837,       1.19475,       29.1231,"ASSEMBLY_LAGERSITZ_NEU-1_SET-GEHAEUSE","ALUMINIUM",NA,            0.,            0.,            0.,            0.,  -2.19636E-15,   62.2535E-18,       NoValue
D:/MoVerHu_Projekt/FE_Modell/FE-Abaqus-Model/Job-19.odb,Step-163,Increment      6: Step Time =    1.000,"LAGERSITZ_NEU-1",         13202,             6,          4143,      -97.1837,       1.19475,       29.1231,"ASSEMBLY_LAGERSITZ_NEU-1_SET-GEHAEUSE","ALUMINIUM",NA,            0.,            0.,            0.,            0.,  -12.1633E-15,   75.6738E-18,       NoValue
D:/MoVerHu_Projekt/FE_Modell/FE-Abaqus-Model/Job-19.odb,Step-163,Increment      6: Step Time =    1.000,"LAGERSITZ_NEU-1",         13202,             3,          4143,      -97.1837,       1.19475,       29.1231,"ASSEMBLY_LAGERSITZ_NEU-1_SET-GEHAEUSE","ALUMINIUM",NA,            0.,            0.,            0.,            0.,  -2.19636E-15,   62.2535E-18,       NoValue
D:/MoVerHu_Projekt/FE_Modell/FE-Abaqus-Model/Job-19.odb,Step-163,Increment      6: Step Time =    1.000,"LAGERSITZ_NEU-1",         13207,             6,          4143,      -97.1837,       1.19475,       29.1231,"ASSEMBLY_LAGERSITZ_NEU-1_SET-GEHAEUSE","ALUMINIUM",NA,            0.,            0.,            0.,            0.,  -12.1633E-15,   75.6738E-18,       NoValue
D:/MoVerHu_Projekt/FE_Modell/FE-Abaqus-Model/Job-19.odb,Step-163,Increment      6: Step Time =    1.000,"LAGERSITZ_NEU-1",         13202,             6,          4144,      -97.1837,       4.18716,       28.7037,"ASSEMBLY_LAGERSITZ_NEU-1_SET-GEHAEUSE","ALUMINIUM",NA,            0.,            0.,            0.,            0.,  -7.89680E-15,   873.391E-18,       NoValue
D:/MoVerHu_Projekt/FE_Modell/FE-Abaqus-Model/Job-19.odb,Step-163,Increment      6: Step Time =    1.000,"LAGERSITZ_NEU-1",         13202,             3,          4144,      -97.1837,       4.18716,       28.7037,"ASSEMBLY_LAGERSITZ_NEU-1_SET-GEHAEUSE","ALUMINIUM",NA,            0.,            0.,            0.,            0.,   588.771E-18,   369.780E-18,       NoValue
D:/MoVerHu_Projekt/FE_Modell/FE-Abaqus-Model/Job-19.odb,Step-163,Increment      6: Step Time =    1.000,"LAGERSITZ_NEU-1",         13197,             6,          4144,      -97.1837,       4.18716,       28.7037,"ASSEMBLY_LAGERSITZ_NEU-1_SET-GEHAEUSE","ALUMINIUM",NA,            0.,            0.,            0.,            0.,  -7.89680E-15,   873.391E-18,       NoValue
D:/MoVerHu_Projekt/FE_Modell/FE-Abaqus-Model/Job-19.odb,Step-163,Increment      6: Step Time =    1.000,"LAGERSITZ_NEU-1",         13197,             3,          4144,      -97.1837,       4.18716,       28.7037,"ASSEMBLY_LAGERSITZ_NEU-1_SET-GEHAEUSE","ALUMINIUM",NA,            0.,            0.,            0.,            0.,   588.771E-18,   369.780E-18,       NoValue
D:/MoVerHu_Projekt/FE_Modell/FE-Abaqus-Model/Job-19.odb,Step-163,Increment      6: Step Time =    1.000,"LAGERSITZ_NEU-1",         13197,             3,          4145,      -97.1837,       7.15202,       28.1206,"ASSEMBLY_LAGERSITZ_NEU-1_SET-GEHAEUSE","ALUMINIUM",NA,            0.,            0.,            0.,            0.,  -986.148E-18,  -419.636E-18,       NoValue
D:/MoVerHu_Projekt/FE_Modell/FE-Abaqus-Model/Job-19.odb,Step-163,Increment      6: Step Time =    1.000,"LAGERSITZ_NEU-1",         13192,             6,          4145,      -97.1837,       7.15202,       28.1206,"ASSEMBLY_LAGERSITZ_NEU-1_SET-GEHAEUSE","ALUMINIUM",NA,            0.,            0.,            0.,            0.,  -6.71274E-15,   472.969E-18,       NoValue
D:/MoVerHu_Projekt/FE_Modell/FE-Abaqus-Model/Job-19.odb,Step-163,Increment      6: Step Time =    1.000,"LAGERSITZ_NEU-1",         13192,             3,          4145,      -97.1837,       7.15202,       28.1206,"ASSEMBLY_LAGERSITZ_NEU-1_SET-GEHAEUSE","ALUMINIUM",NA,            0.,            0.,            0.,            0.,  -986.148E-18,  -419.636E-18,       NoValue
D:/MoVerHu_Projekt/FE_Modell/FE-Abaqus-Model/Job-19.odb,Step-163,Increment      6: Step Time =    1.000,"LAGERSITZ_NEU-1",         13197,             6,          4145,      -97.1837,       7.15202,       28.1206,"ASSEMBLY_LAGERSITZ_NEU-1_SET-GEHAEUSE","ALUMINIUM",NA,            0.,            0.,            0.,            0.,  -6.71274E-15,   472.969E-18,       NoValue
D:/MoVerHu_Projekt/FE_Modell/FE-Abaqus-Model/Job-19.odb,Step-163,Increment      6: Step Time =    1.000,"LAGERSITZ_NEU-1",         13192,             6,          4146,      -97.1837,       10.0804,       27.3755,"ASSEMBLY_LAGERSITZ_NEU-1_SET-GEHAEUSE","ALUMINIUM",NA,            0.,            0.,            0.,            0.,  -12.6903E-15,   206.295E-18,       NoValue
D:/MoVerHu_Projekt/FE_Modell/FE-Abaqus-Model/Job-19.odb,Step-163,Increment      6: Step Time =    1.000,"LAGERSITZ_NEU-1",         13187,             3,          4146,      -97.1837,       10.0804,       27.3755,"ASSEMBLY_LAGERSITZ_NEU-1_SET-GEHAEUSE","ALUMINIUM",NA,            0.,            0.,            0.,            0.,   983.545E-18,   887.623E-18,       NoValue
D:/MoVerHu_Projekt/FE_Modell/FE-Abaqus-Model/Job-19.odb,Step-163,Increment      6: Step Time =    1.000,"LAGERSITZ_NEU-1",         13192,             3,          4146,      -97.1837,       10.0804,       27.3755,"ASSEMBLY_LAGERSITZ_NEU-1_SET-GEHAEUSE","ALUMINIUM",NA,            0.,            0.,            0.,            0.,   983.545E-18,   887.623E-18,       NoValue
D:/MoVerHu_Projekt/FE_Modell/FE-Abaqus-Model/Job-19.odb,Step-163,Increment      6: Step Time =    1.000,"LAGERSITZ_NEU-1",         13187,             6,          4146,      -97.1837,       10.0804,       27.3755,"ASSEMBLY_LAGERSITZ_NEU-1_SET-GEHAEUSE","ALUMINIUM",NA,            0.,            0.,            0.,            0.,  -12.6903E-15,   206.295E-18,       NoValue
D:/MoVerHu_Projekt/FE_Modell/FE-Abaqus-Model/Job-19.odb,Step-163,Increment      6: Step Time =    1.000,"LAGERSITZ_NEU-1",         13187,             6,          4147,      -97.1837,       12.9634,       26.4708,"ASSEMBLY_LAGERSITZ_NEU-1_SET-GEHAEUSE","ALUMINIUM",NA,            0.,            0.,            0.,            0.,  -11.5597E-15,  -1.54385E-15,       NoValue
D:/MoVerHu_Projekt/FE_Modell/FE-Abaqus-Model/Job-19.odb,Step-163,Increment      6: Step Time =    1.000,"LAGERSITZ_NEU-1",         13182,             6,          4147,      -97.1837,       12.9634,       26.4708,"ASSEMBLY_LAGERSITZ_NEU-1_SET-GEHAEUSE","ALUMINIUM",NA,            0.,            0.,            0.,            0.,  -11.5597E-15,  -1.54385E-15,       NoValue
D:/MoVerHu_Projekt/FE_Modell/FE-Abaqus-Model/Job-19.odb,Step-163,Increment      6: Step Time =    1.000,"LAGERSITZ_NEU-1",         13182,             3,          4147,      -97.1837,       12.9634,       26.4708,"ASSEMBLY_LAGERSITZ_NEU-1_SET-GEHAEUSE","ALUMINIUM",NA,            0.,            0.,            0.,            0.,  -188.026E-18,   102.714E-18,       NoValue
D:/MoVerHu_Projekt/FE_Modell/FE-Abaqus-Model/Job-19.odb,Step-163,Increment      6: Step Time =    1.000,"LAGERSITZ_NEU-1",         13187,             3,          4147,      -97.1837,       12.9634,       26.4708,"ASSEMBLY_LAGERSITZ_NEU-1_SET-GEHAEUSE","ALUMINIUM",NA,            0.,            0.,            0.,            0.,  -188.026E-18,   102.714E-18,       NoValue
D:/MoVerHu_Projekt/FE_Modell/FE-Abaqus-Model/Job-19.odb,Step-163,Increment      6: Step Time =    1.000,"LAGERSITZ_NEU-1",         13182,             3,          4148,      -97.1837,       15.7924,       25.4091,"ASSEMBLY_LAGERSITZ_NEU-1_SET-GEHAEUSE","ALUMINIUM",NA,            0.,            0.,            0.,            0.,  -678.575E-18,   870.499E-18,       NoValue
D:/MoVerHu_Projekt/FE_Modell/FE-Abaqus-Model/Job-19.odb,Step-163,Increment      6: Step Time =    1.000,"LAGERSITZ_NEU-1",         13182,             6,          4148,      -97.1837,       15.7924,       25.4091,"ASSEMBLY_LAGERSITZ_NEU-1_SET-GEHAEUSE","ALUMINIUM",NA,            0.,            0.,            0.,            0.,  -7.10607E-15,   92.4450E-18,       NoValue
D:/MoVerHu_Projekt/FE_Modell/FE-Abaqus-Model/Job-19.odb,Step-163,Increment      6: Step Time =    1.000,"LAGERSITZ_NEU-1",         13177,             3,          4148,      -97.1837,       15.7924,       25.4091,"ASSEMBLY_LAGERSITZ_NEU-1_SET-GEHAEUSE","ALUMINIUM",NA,            0.,            0.,            0.,            0.,  -678.575E-18,   870.499E-18,       NoValue
D:/MoVerHu_Projekt/FE_Modell/FE-Abaqus-Model/Job-19.odb,Step-163,Increment      6: Step Time =    1.000,"LAGERSITZ_NEU-1",         13177,             6,          4148,      -97.1837,       15.7924,       25.4091,"ASSEMBLY_LAGERSITZ_NEU-1_SET-GEHAEUSE","ALUMINIUM",NA,            0.,            0.,            0.,            0.,  -7.10607E-15,   92.4450E-18,       NoValue
D:/MoVerHu_Projekt/FE_Modell/FE-Abaqus-Model/Job-19.odb,Step-163,Increment      6: Step Time =    1.000,"LAGERSITZ_NEU-1",         13177,             3,          4149,      -97.1837,       18.5588,       24.1936,"ASSEMBLY_LAGERSITZ_NEU-1_SET-GEHAEUSE","ALUMINIUM",NA,            0.,            0.,            0.,            0.,  -398.090E-18,   1.38041E-15,       NoValue
D:/MoVerHu_Projekt/FE_Modell/FE-Abaqus-Model/Job-19.odb,Step-163,Increment      6: Step Time =    1.000,"LAGERSITZ_NEU-1",         13172,             3,          4149,      -97.1837,       18.5588,       24.1936,"ASSEMBLY_LAGERSITZ_NEU-1_SET-GEHAEUSE","ALUMINIUM",NA,            0.,            0.,            0.,            0.,  -398.090E-18,   1.38041E-15,       NoValue
D:/MoVerHu_Projekt/FE_Modell/FE-Abaqus-Model/Job-19.odb,Step-163,Increment      6: Step Time =    1.000,"LAGERSITZ_NEU-1",         13172,             6,          4149,      -97.1837,       18.5588,       24.1936,"ASSEMBLY_LAGERSITZ_NEU-1_SET-GEHAEUSE","ALUMINIUM",NA,            0.,            0.,            0.,            0.,  -7.08774E-15,  -254.246E-18,       NoValue
D:/MoVerHu_Projekt/FE_Modell/FE-Abaqus-Model/Job-19.odb,Step-163,Increment      6: Step Time =    1.000,"LAGERSITZ_NEU-1",         13177,             6,          4149,      -97.1837,       18.5588,       24.1936,"ASSEMBLY_LAGERSITZ_NEU-1_SET-GEHAEUSE","ALUMINIUM",NA,            0.,            0.,            0.,            0.,  -7.08774E-15,  -254.246E-18,       NoValue
D:/MoVerHu_Projekt/FE_Modell/FE-Abaqus-Model/Job-19.odb,Step-163,Increment      6: Step Time =    1.000,"LAGERSITZ_NEU-1",         13167,             3,          4150,      -97.1837,       21.2543,       22.8280,"ASSEMBLY_LAGERSITZ_NEU-1_SET-GEHAEUSE","ALUMINIUM",NA,            0.,            0.,            0.,            0.,   1.55982E-15,  -396.641E-18,       NoValue
D:/MoVerHu_Projekt/FE_Modell/FE-Abaqus-Model/Job-19.odb,Step-163,Increment      6: Step Time =    1.000,"LAGERSITZ_NEU-1",         13172,             6,          4150,      -97.1837,       21.2543,       22.8280,"ASSEMBLY_LAGERSITZ_NEU-1_SET-GEHAEUSE","ALUMINIUM",NA,            0.,            0.,            0.,            0.,  -9.13210E-15,   2.10123E-15,       NoValue
D:/MoVerHu_Projekt/FE_Modell/FE-Abaqus-Model/Job-19.odb,Step-163,Increment      6: Step Time =    1.000,"LAGERSITZ_NEU-1",         13172,             3,          4150,      -97.1837,       21.2543,       22.8280,"ASSEMBLY_LAGERSITZ_NEU-1_SET-GEHAEUSE","ALUMINIUM",NA,            0.,            0.,            0.,            0.,   1.55982E-15,  -396.641E-18,       NoValue
D:/MoVerHu_Projekt/FE_Modell/FE-Abaqus-Model/Job-19.odb,Step-163,Increment      6: Step Time =    1.000,"LAGERSITZ_NEU-1",         13167,             6,          4150,      -97.1837,       21.2543,       22.8280,"ASSEMBLY_LAGERSITZ_NEU-1_SET-GEHAEUSE","ALUMINIUM",NA,            0.,            0.,            0.,            0.,  -9.13210E-15,   2.10123E-15,       NoValue
D:/MoVerHu_Projekt/FE_Modell/FE-Abaqus-Model/Job-19.odb,Step-163,Increment      6: Step Time =    1.000,"LAGERSITZ_NEU-1",         13167,             3,          4151,      -97.1837,       23.8707,       21.3165,"ASSEMBLY_LAGERSITZ_NEU-1_SET-GEHAEUSE","ALUMINIUM",NA,            0.,            0.,            0.,            0.,   645.630E-18,  -839.442E-18,       NoValue
D:/MoVerHu_Projekt/FE_Modell/FE-Abaqus-Model/Job-19.odb,Step-163,Increment      6: Step Time =    1.000,"LAGERSITZ_NEU-1",         13162,             6,          4151,      -97.1837,       23.8707,       21.3165,"ASSEMBLY_LAGERSITZ_NEU-1_SET-GEHAEUSE","ALUMINIUM",NA,            0.,            0.,            0.,            0.,  -8.20435E-15,   2.72696E-15,       NoValue
D:/MoVerHu_Projekt/FE_Modell/FE-Abaqus-Model/Job-19.odb,Step-163,Increment      6: Step Time =    1.000,"LAGERSITZ_NEU-1",         13162,             3,          4151,      -97.1837,       23.8707,       21.3165,"ASSEMBLY_LAGERSITZ_NEU-1_SET-GEHAEUSE","ALUMINIUM",NA,            0.,            0.,            0.,            0.,   645.630E-18,  -839.442E-18,       NoValue
D:/MoVerHu_Projekt/FE_Modell/FE-Abaqus-Model/Job-19.odb,Step-163,Increment      6: Step Time =    1.000,"LAGERSITZ_NEU-1",         13167,             6,          4151,      -97.1837,       23.8707,       21.3165,"ASSEMBLY_LAGERSITZ_NEU-1_SET-GEHAEUSE","ALUMINIUM",NA,            0.,            0.,            0.,            0.,  -8.20435E-15,   2.72696E-15,       NoValue
D:/MoVerHu_Projekt/FE_Modell/FE-Abaqus-Model/Job-19.odb,Step-163,Increment      6: Step Time =    1.000,"LAGERSITZ_NEU-1",         13209,             6,          4152,      -109.184,      -4.83654,       29.4662,"ASSEMBLY_LAGERSITZ_NEU-1_SET-GEHAEUSE","ALUMINIUM",NA,            0.,            0.,            0.,            0.,  -2.30021E-15,   173.423E-18,       NoValue
D:/MoVerHu_Projekt/FE_Modell/FE-Abaqus-Model/Job-19.odb,Step-163,Increment      6: Step Time =    1.000,"LAGERSITZ_NEU-1",         13213,             6,          4152,      -109.184,      -4.83654,       29.4662,"ASSEMBLY_LAGERSITZ_NEU-1_SET-GEHAEUSE","ALUMINIUM",NA,            0.,            0.,            0.,            0.,  -2.30021E-15,   173.423E-18,       NoValue
D:/MoVerHu_Projekt/FE_Modell/FE-Abaqus-Model/Job-19.odb,Step-163,Increment      6: Step Time =    1.000,"LAGERSITZ_NEU-1",         13208,             6,          4152,      -109.184,      -4.83654,       29.4662,"ASSEMBLY_LAGERSITZ_NEU-1_SET-GEHAEUSE","ALUMINIUM",NA,            0.,            0.,            0.,            0.,  -2.30021E-15,   173.423E-18,       NoValue
D:/MoVerHu_Projekt/FE_Modell/FE-Abaqus-Model/Job-19.odb,Step-163,Increment      6: Step Time =    1.000,"LAGERSITZ_NEU-1",         13214,             6,          4152,      -109.184,      -4.83654,       29.4662,"ASSEMBLY_LAGERSITZ_NEU-1_SET-GEHAEUSE","ALUMINIUM",NA,            0.,            0.,            0.,            0.,  -2.30021E-15,   173.423E-18,       NoValue
D:/MoVerHu_Projekt/FE_Modell/FE-Abaqus-Model/Job-19.odb,Step-163,Increment      6: Step Time =    1.000,"LAGERSITZ_NEU-1",         13215,             6,          4153,      -106.184,      -4.83654,       29.4662,"ASSEMBLY_LAGERSITZ_NEU-1_SET-GEHAEUSE","ALUMINIUM",NA,            0.,            0.,            0.,            0.,  -1.50762E-15,   401.081E-18,       NoValue
D:/MoVerHu_Projekt/FE_Modell/FE-Abaqus-Model/Job-19.odb,Step-163,Increment      6: Step Time =    1.000,"LAGERSITZ_NEU-1",         13210,             6,          4153,      -106.184,      -4.83654,       29.4662,"ASSEMBLY_LAGERSITZ_NEU-1_SET-GEHAEUSE","ALUMINIUM",NA,            0.,            0.,            0.,            0.,  -1.50762E-15,   401.081E-18,       NoValue
D:/MoVerHu_Projekt/FE_Modell/FE-Abaqus-Model/Job-19.odb,Step-163,Increment      6: Step Time =    1.000,"LAGERSITZ_NEU-1",         13209,             6,          4153,      -106.184,      -4.83654,       29.4662,"ASSEMBLY_LAGERSITZ_NEU-1_SET-GEHAEUSE","ALUMINIUM",NA,            0.,            0.,            0.,            0.,  -1.50762E-15,   401.081E-18,       NoValue
D:/MoVerHu_Projekt/FE_Modell/FE-Abaqus-Model/Job-19.odb,Step-163,Increment      6: Step Time =    1.000,"LAGERSITZ_NEU-1",         13214,             6,          4153,      -106.184,      -4.83654,       29.4662,"ASSEMBLY_LAGERSITZ_NEU-1_SET-GEHAEUSE","ALUMINIUM",NA,            0.,            0.,            0.,            0.,  -1.50762E-15,   401.081E-18,       NoValue
D:/MoVerHu_Projekt/FE_Modell/FE-Abaqus-Model/Job-19.odb,Step-163,Increment      6: Step Time =    1.000,"LAGERSITZ_NEU-1",         13210,             6,          4154,      -103.184,      -4.83654,       29.4662,"ASSEMBLY_LAGERSITZ_NEU-1_SET-GEHAEUSE","ALUMINIUM",NA,            0.,            0.,            0.,            0.,  -387.136E-18,   282.912E-18,       NoValue
D:/MoVerHu_Projekt/FE_Modell/FE-Abaqus-Model/Job-19.odb,Step-163,Increment      6: Step Time =    1.000,"LAGERSITZ_NEU-1",         13215,             6,          4154,      -103.184,      -4.83654,       29.4662,"ASSEMBLY_LAGERSITZ_NEU-1_SET-GEHAEUSE","ALUMINIUM",NA,            0.,            0.,            0.,            0.,  -387.136E-18,   282.912E-18,       NoValue
D:/MoVerHu_Projekt/FE_Modell/FE-Abaqus-Model/Job-19.odb,Step-163,Increment      6: Step Time =    1.000,"LAGERSITZ_NEU-1",         13216,             6,          4154,      -103.184,      -4.83654,       29.4662,"ASSEMBLY_LAGERSITZ_NEU-1_SET-GEHAEUSE","ALUMINIUM",NA,            0.,            0.,            0.,            0.,  -387.136E-18,   282.912E-18,       NoValue
D:/MoVerHu_Projekt/FE_Modell/FE-Abaqus-Model/Job-19.odb,Step-163,Increment      6: Step Time =    1.000,"LAGERSITZ_NEU-1",         13211,             6,          4154,      -103.184,      -4.83654,       29.4662,"ASSEMBLY_LAGERSITZ_NEU-1_SET-GEHAEUSE","ALUMINIUM",NA,            0.,            0.,            0.,            0.,  -387.136E-18,   282.912E-18,       NoValue
D:/MoVerHu_Projekt/FE_Modell/FE-Abaqus-Model/Job-19.odb,Step-163,Increment      6: Step Time =    1.000,"LAGERSITZ_NEU-1",         13211,             6,          4155,      -100.184,      -4.83654,       29.4662,"ASSEMBLY_LAGERSITZ_NEU-1_SET-GEHAEUSE","ALUMINIUM",NA,            0.,            0.,            0.,            0.,  -3.53307E-15,   435.349E-18,       NoValue
D:/MoVerHu_Projekt/FE_Modell/FE-Abaqus-Model/Job-19.odb,Step-163,Increment      6: Step Time =    1.000,"LAGERSITZ_NEU-1",         13212,             6,          4155,      -100.184,      -4.83654,       29.4662,"ASSEMBLY_LAGERSITZ_NEU-1_SET-GEHAEUSE","ALUMINIUM",NA,            0.,            0.,            0.,            0.,  -3.53307E-15,   435.349E-18,       NoValue
D:/MoVerHu_Projekt/FE_Modell/FE-Abaqus-Model/Job-19.odb,Step-163,Increment      6: Step Time =    1.000,"LAGERSITZ_NEU-1",         13217,             6,          4155,      -100.184,      -4.83654,       29.4662,"ASSEMBLY_LAGERSITZ_NEU-1_SET-GEHAEUSE","ALUMINIUM",NA,            0.,            0.,            0.,            0.,  -3.53307E-15,   435.349E-18,       NoValue
D:/MoVerHu_Projekt/FE_Modell/FE-Abaqus-Model/Job-19.odb,Step-163,Increment      6: Step Time =    1.000,"LAGERSITZ_NEU-1",         13216,             6,          4155,      -100.184,      -4.83654,       29.4662,"ASSEMBLY_LAGERSITZ_NEU-1_SET-GEHAEUSE","ALUMINIUM",NA,            0.,            0.,            0.,            0.,  -3.53307E-15,   435.349E-18,       NoValue
D:/MoVerHu_Projekt/FE_Modell/FE-Abaqus-Model/Job-19.odb,Step-163,Increment      6: Step Time =    1.000,"LAGERSITZ_NEU-1",         13267,             3,          4156,      -97.1837,      -33.7890,       21.2931,"ASSEMBLY_LAGERSITZ_NEU-1_SET-GEHAEUSE","ALUMINIUM",NA,            0.,            0.,            0.,            0.,   788.078E-18,   789.658E-18,       NoValue
D:/MoVerHu_Projekt/FE_Modell/FE-Abaqus-Model/Job-19.odb,Step-163,Increment      6: Step Time =    1.000,"LAGERSITZ_NEU-1",         13267,             6,          4156,      -97.1837,      -33.7890,       21.2931,"ASSEMBLY_LAGERSITZ_NEU-1_SET-GEHAEUSE","ALUMINIUM",NA,            0.,            0.,            0.,            0.,  -8.68506E-15,  -539.601E-18,       NoValue
D:/MoVerHu_Projekt/FE_Modell/FE-Abaqus-Model/Job-19.odb,Step-163,Increment      6: Step Time =    1.000,"LAGERSITZ_NEU-1",         13272,             6,          4156,      -97.1837,      -33.7890,       21.2931,"ASSEMBLY_LAGERSITZ_NEU-1_SET-GEHAEUSE","ALUMINIUM",NA,            0.,            0.,            0.,            0.,  -8.68506E-15,  -539.601E-18,       NoValue
D:/MoVerHu_Projekt/FE_Modell/FE-Abaqus-Model/Job-19.odb,Step-163,Increment      6: Step Time =    1.000,"LAGERSITZ_NEU-1",         13272,             3,          4156,      -97.1837,      -33.7890,       21.2931,"ASSEMBLY_LAGERSITZ_NEU-1_SET-GEHAEUSE","ALUMINIUM",NA,            0.,            0.,            0.,            0.,   788.078E-18,   789.658E-18,       NoValue
D:/MoVerHu_Projekt/FE_Modell/FE-Abaqus-Model/Job-19.odb,Step-163,Increment      6: Step Time =    1.000,"LAGERSITZ_NEU-1",         13262,             3,          4157,      -97.1837,      -31.3949,       22.6861,"ASSEMBLY_LAGERSITZ_NEU-1_SET-GEHAEUSE","ALUMINIUM",NA,            0.,            0.,            0.,            0.,   2.35758E-15,   1.77406E-15,       NoValue
D:/MoVerHu_Projekt/FE_Modell/FE-Abaqus-Model/Job-19.odb,Step-163,Increment      6: Step Time =    1.000,"LAGERSITZ_NEU-1",         13267,             3,          4157,      -97.1837,      -31.3949,       22.6861,"ASSEMBLY_LAGERSITZ_NEU-1_SET-GEHAEUSE","ALUMINIUM",NA,            0.,            0.,            0.,            0.,   2.35758E-15,   1.77406E-15,       NoValue
D:/MoVerHu_Projekt/FE_Modell/FE-Abaqus-Model/Job-19.odb,Step-163,Increment      6: Step Time =    1.000,"LAGERSITZ_NEU-1",         13262,             6,          4157,      -97.1837,      -31.3949,       22.6861,"ASSEMBLY_LAGERSITZ_NEU-1_SET-GEHAEUSE","ALUMINIUM",NA,            0.,            0.,            0.,            0.,  -7.16175E-15,  -2.11436E-15,       NoValue
D:/MoVerHu_Projekt/FE_Modell/FE-Abaqus-Model/Job-19.odb,Step-163,Increment      6: Step Time =    1.000,"LAGERSITZ_NEU-1",         13267,             6,          4157,      -97.1837,      -31.3949,       22.6861,"ASSEMBLY_LAGERSITZ_NEU-1_SET-GEHAEUSE","ALUMINIUM",NA,            0.,            0.,            0.,            0.,  -7.16175E-15,  -2.11436E-15,       NoValue
D:/MoVerHu_Projekt/FE_Modell/FE-Abaqus-Model/Job-19.odb,Step-163,Increment      6: Step Time =    1.000,"LAGERSITZ_NEU-1",         13262,             6,          4158,      -97.1837,      -28.9336,       23.9569,"ASSEMBLY_LAGERSITZ_NEU-1_SET-GEHAEUSE","ALUMINIUM",NA,            0.,            0.,            0.,            0.,  -5.21217E-15,   181.255E-18,       NoValue
D:/MoVerHu_Projekt/FE_Modell/FE-Abaqus-Model/Job-19.odb,Step-163,Increment      6: Step Time =    1.000,"LAGERSITZ_NEU-1",         13262,             3,          4158,      -97.1837,      -28.9336,       23.9569,"ASSEMBLY_LAGERSITZ_NEU-1_SET-GEHAEUSE","ALUMINIUM",NA,            0.,            0.,            0.,            0.,   1.57735E-15,   1.89474E-15,       NoValue
D:/MoVerHu_Projekt/FE_Modell/FE-Abaqus-Model/Job-19.odb,Step-163,Increment      6: Step Time =    1.000,"LAGERSITZ_NEU-1",         13257,             3,          4158,      -97.1837,      -28.9336,       23.9569,"ASSEMBLY_LAGERSITZ_NEU-1_SET-GEHAEUSE","ALUMINIUM",NA,            0.,            0.,            0.,            0.,   1.57735E-15,   1.89474E-15,       NoValue
D:/MoVerHu_Projekt/FE_Modell/FE-Abaqus-Model/Job-19.odb,Step-163,Increment      6: Step Time =    1.000,"LAGERSITZ_NEU-1",         13257,             6,          4158,      -97.1837,      -28.9336,       23.9569,"ASSEMBLY_LAGERSITZ_NEU-1_SET-GEHAEUSE","ALUMINIUM",NA,            0.,            0.,            0.,            0.,  -5.21217E-15,   181.255E-18,       NoValue
D:/MoVerHu_Projekt/FE_Modell/FE-Abaqus-Model/Job-19.odb,Step-163,Increment      6: Step Time =    1.000,"LAGERSITZ_NEU-1",         13257,             3,          4159,      -97.1837,      -26.4116,       25.1021,"ASSEMBLY_LAGERSITZ_NEU-1_SET-GEHAEUSE","ALUMINIUM",NA,            0.,            0.,            0.,            0.,  -398.399E-18,  -794.262E-18,       NoValue
D:/MoVerHu_Projekt/FE_Modell/FE-Abaqus-Model/Job-19.odb,Step-163,Increment      6: Step Time =    1.000,"LAGERSITZ_NEU-1",         13257,             6,          4159,      -97.1837,      -26.4116,       25.1021,"ASSEMBLY_LAGERSITZ_NEU-1_SET-GEHAEUSE","ALUMINIUM",NA,            0.,            0.,            0.,            0.,  -10.2656E-15,  -71.2562E-18,       NoValue
D:/MoVerHu_Projekt/FE_Modell/FE-Abaqus-Model/Job-19.odb,Step-163,Increment      6: Step Time =    1.000,"LAGERSITZ_NEU-1",         13252,             6,          4159,      -97.1837,      -26.4116,       25.1021,"ASSEMBLY_LAGERSITZ_NEU-1_SET-GEHAEUSE","ALUMINIUM",NA,            0.,            0.,            0.,            0.,  -10.2656E-15,  -71.2562E-18,       NoValue
D:/MoVerHu_Projekt/FE_Modell/FE-Abaqus-Model/Job-19.odb,Step-163,Increment      6: Step Time =    1.000,"LAGERSITZ_NEU-1",         13252,             3,          4159,      -97.1837,      -26.4116,       25.1021,"ASSEMBLY_LAGERSITZ_NEU-1_SET-GEHAEUSE","ALUMINIUM",NA,            0.,            0.,            0.,            0.,  -398.399E-18,  -794.262E-18,       NoValue
D:/MoVerHu_Projekt/FE_Modell/FE-Abaqus-Model/Job-19.odb,Step-163,Increment      6: Step Time =    1.000,"LAGERSITZ_NEU-1",         13252,             6,          4160,      -97.1837,      -23.8350,       26.1189,"ASSEMBLY_LAGERSITZ_NEU-1_SET-GEHAEUSE","ALUMINIUM",NA,            0.,            0.,            0.,            0.,  -8.68627E-15,  -2.85548E-15,       NoValue
D:/MoVerHu_Projekt/FE_Modell/FE-Abaqus-Model/Job-19.odb,Step-163,Increment      6: Step Time =    1.000,"LAGERSITZ_NEU-1",         13252,             3,          4160,      -97.1837,      -23.8350,       26.1189,"ASSEMBLY_LAGERSITZ_NEU-1_SET-GEHAEUSE","ALUMINIUM",NA,            0.,            0.,            0.,            0.,   2.00080E-15,  -597.258E-18,       NoValue
D:/MoVerHu_Projekt/FE_Modell/FE-Abaqus-Model/Job-19.odb,Step-163,Increment      6: Step Time =    1.000,"LAGERSITZ_NEU-1",         13247,             6,          4160,      -97.1837,      -23.8350,       26.1189,"ASSEMBLY_LAGERSITZ_NEU-1_SET-GEHAEUSE","ALUMINIUM",NA,            0.,            0.,            0.,            0.,  -8.68627E-15,  -2.85548E-15,       NoValue
D:/MoVerHu_Projekt/FE_Modell/FE-Abaqus-Model/Job-19.odb,Step-163,Increment      6: Step Time =    1.000,"LAGERSITZ_NEU-1",         13247,             3,          4160,      -97.1837,      -23.8350,       26.1189,"ASSEMBLY_LAGERSITZ_NEU-1_SET-GEHAEUSE","ALUMINIUM",NA,            0.,            0.,            0.,            0.,   2.00080E-15,  -597.258E-18,       NoValue
D:/MoVerHu_Projekt/FE_Modell/FE-Abaqus-Model/Job-19.odb,Step-163,Increment      6: Step Time =    1.000,"LAGERSITZ_NEU-1",         13247,             3,          4161,      -97.1837,      -21.2106,       27.0046,"ASSEMBLY_LAGERSITZ_NEU-1_SET-GEHAEUSE","ALUMINIUM",NA,            0.,            0.,            0.,            0.,   984.034E-18,   1.64669E-15,       NoValue
D:/MoVerHu_Projekt/FE_Modell/FE-Abaqus-Model/Job-19.odb,Step-163,Increment      6: Step Time =    1.000,"LAGERSITZ_NEU-1",         13242,             6,          4161,      -97.1837,      -21.2106,       27.0046,"ASSEMBLY_LAGERSITZ_NEU-1_SET-GEHAEUSE","ALUMINIUM",NA,            0.,            0.,            0.,            0.,  -8.20185E-15,  -348.477E-18,       NoValue
D:/MoVerHu_Projekt/FE_Modell/FE-Abaqus-Model/Job-19.odb,Step-163,Increment      6: Step Time =    1.000,"LAGERSITZ_NEU-1",         13242,             3,          4161,      -97.1837,      -21.2106,       27.0046,"ASSEMBLY_LAGERSITZ_NEU-1_SET-GEHAEUSE","ALUMINIUM",NA,            0.,            0.,            0.,            0.,   984.034E-18,   1.64669E-15,       NoValue
D:/MoVerHu_Projekt/FE_Modell/FE-Abaqus-Model/Job-19.odb,Step-163,Increment      6: Step Time =    1.000,"LAGERSITZ_NEU-1",         13247,             6,          4161,      -97.1837,      -21.2106,       27.0046,"ASSEMBLY_LAGERSITZ_NEU-1_SET-GEHAEUSE","ALUMINIUM",NA,            0.,            0.,            0.,            0.,  -8.20185E-15,  -348.477E-18,       NoValue
D:/MoVerHu_Projekt/FE_Modell/FE-Abaqus-Model/Job-19.odb,Step-163,Increment      6: Step Time =    1.000,"LAGERSITZ_NEU-1",         13242,             6,          4162,      -97.1837,      -18.5448,       27.7572,"ASSEMBLY_LAGERSITZ_NEU-1_SET-GEHAEUSE","ALUMINIUM",NA,            0.,            0.,            0.,            0.,  -9.19796E-15,  -661.031E-18,       NoValue
D:/MoVerHu_Projekt/FE_Modell/FE-Abaqus-Model/Job-19.odb,Step-163,Increment      6: Step Time =    1.000,"LAGERSITZ_NEU-1",         13242,             3,          4162,      -97.1837,      -18.5448,       27.7572,"ASSEMBLY_LAGERSITZ_NEU-1_SET-GEHAEUSE","ALUMINIUM",NA,            0.,            0.,            0.,            0.,   328.616E-18,   263.785E-18,       NoValue
D:/MoVerHu_Projekt/FE_Modell/FE-Abaqus-Model/Job-19.odb,Step-163,Increment      6: Step Time =    1.000,"LAGERSITZ_NEU-1",         13237,             3,          4162,      -97.1837,      -18.5448,       27.7572,"ASSEMBLY_LAGERSITZ_NEU-1_SET-GEHAEUSE","ALUMINIUM",NA,            0.,            0.,            0.,            0.,   328.616E-18,   263.785E-18,       NoValue
D:/MoVerHu_Projekt/FE_Modell/FE-Abaqus-Model/Job-19.odb,Step-163,Increment      6: Step Time =    1.000,"LAGERSITZ_NEU-1",         13237,             6,          4162,      -97.1837,      -18.5448,       27.7572,"ASSEMBLY_LAGERSITZ_NEU-1_SET-GEHAEUSE","ALUMINIUM",NA,            0.,            0.,            0.,            0.,  -9.19796E-15,  -661.031E-18,       NoValue
D:/MoVerHu_Projekt/FE_Modell/FE-Abaqus-Model/Job-19.odb,Step-163,Increment      6: Step Time =    1.000,"LAGERSITZ_NEU-1",         13237,             6,          4163,      -97.1837,      -15.8446,       28.3745,"ASSEMBLY_LAGERSITZ_NEU-1_SET-GEHAEUSE","ALUMINIUM",NA,            0.,            0.,            0.,            0.,  -7.51465E-15,  -1.28267E-15,       NoValue
D:/MoVerHu_Projekt/FE_Modell/FE-Abaqus-Model/Job-19.odb,Step-163,Increment      6: Step Time =    1.000,"LAGERSITZ_NEU-1",         13232,             3,          4163,      -97.1837,      -15.8446,       28.3745,"ASSEMBLY_LAGERSITZ_NEU-1_SET-GEHAEUSE","ALUMINIUM",NA,            0.,            0.,            0.,            0.,   1.59799E-15,  -348.888E-18,       NoValue
D:/MoVerHu_Projekt/FE_Modell/FE-Abaqus-Model/Job-19.odb,Step-163,Increment      6: Step Time =    1.000,"LAGERSITZ_NEU-1",         13237,             3,          4163,      -97.1837,      -15.8446,       28.3745,"ASSEMBLY_LAGERSITZ_NEU-1_SET-GEHAEUSE","ALUMINIUM",NA,            0.,            0.,            0.,            0.,   1.59799E-15,  -348.888E-18,       NoValue
D:/MoVerHu_Projekt/FE_Modell/FE-Abaqus-Model/Job-19.odb,Step-163,Increment      6: Step Time =    1.000,"LAGERSITZ_NEU-1",         13232,             6,          4163,      -97.1837,      -15.8446,       28.3745,"ASSEMBLY_LAGERSITZ_NEU-1_SET-GEHAEUSE","ALUMINIUM",NA,            0.,            0.,            0.,            0.,  -7.51465E-15,  -1.28267E-15,       NoValue
D:/MoVerHu_Projekt/FE_Modell/FE-Abaqus-Model/Job-19.odb,Step-163,Increment      6: Step Time =    1.000,"LAGERSITZ_NEU-1",         13227,             6,          4164,      -97.1837,      -13.1167,       28.8552,"ASSEMBLY_LAGERSITZ_NEU-1_SET-GEHAEUSE","ALUMINIUM",NA,            0.,            0.,            0.,            0.,  -8.46246E-15,   1.50640E-15,       NoValue
D:/MoVerHu_Projekt/FE_Modell/FE-Abaqus-Model/Job-19.odb,Step-163,Increment      6: Step Time =    1.000,"LAGERSITZ_NEU-1",         13232,             6,          4164,      -97.1837,      -13.1167,       28.8552,"ASSEMBLY_LAGERSITZ_NEU-1_SET-GEHAEUSE","ALUMINIUM",NA,            0.,            0.,            0.,            0.,  -8.46246E-15,   1.50640E-15,       NoValue
D:/MoVerHu_Projekt/FE_Modell/FE-Abaqus-Model/Job-19.odb,Step-163,Increment      6: Step Time =    1.000,"LAGERSITZ_NEU-1",         13232,             3,          4164,      -97.1837,      -13.1167,       28.8552,"ASSEMBLY_LAGERSITZ_NEU-1_SET-GEHAEUSE","ALUMINIUM",NA,            0.,            0.,            0.,            0.,  -432.804E-18,  -30.0040E-18,       NoValue
D:/MoVerHu_Projekt/FE_Modell/FE-Abaqus-Model/Job-19.odb,Step-163,Increment      6: Step Time =    1.000,"LAGERSITZ_NEU-1",         13227,             3,          4164,      -97.1837,      -13.1167,       28.8552,"ASSEMBLY_LAGERSITZ_NEU-1_SET-GEHAEUSE","ALUMINIUM",NA,            0.,            0.,            0.,            0.,  -432.804E-18,  -30.0040E-18,       NoValue
D:/MoVerHu_Projekt/FE_Modell/FE-Abaqus-Model/Job-19.odb,Step-163,Increment      6: Step Time =    1.000,"LAGERSITZ_NEU-1",         13222,             6,          4165,      -97.1837,      -10.3681,       29.1978,"ASSEMBLY_LAGERSITZ_NEU-1_SET-GEHAEUSE","ALUMINIUM",NA,            0.,            0.,            0.,            0.,  -9.47191E-15,   1.01445E-15,       NoValue
D:/MoVerHu_Projekt/FE_Modell/FE-Abaqus-Model/Job-19.odb,Step-163,Increment      6: Step Time =    1.000,"LAGERSITZ_NEU-1",         13227,             6,          4165,      -97.1837,      -10.3681,       29.1978,"ASSEMBLY_LAGERSITZ_NEU-1_SET-GEHAEUSE","ALUMINIUM",NA,            0.,            0.,            0.,            0.,  -9.47191E-15,   1.01445E-15,       NoValue
D:/MoVerHu_Projekt/FE_Modell/FE-Abaqus-Model/Job-19.odb,Step-163,Increment      6: Step Time =    1.000,"LAGERSITZ_NEU-1",         13227,             3,          4165,      -97.1837,      -10.3681,       29.1978,"ASSEMBLY_LAGERSITZ_NEU-1_SET-GEHAEUSE","ALUMINIUM",NA,            0.,            0.,            0.,            0.,  -1.38174E-15,   494.261E-18,       NoValue
D:/MoVerHu_Projekt/FE_Modell/FE-Abaqus-Model/Job-19.odb,Step-163,Increment      6: Step Time =    1.000,"LAGERSITZ_NEU-1",         13222,             3,          4165,      -97.1837,      -10.3681,       29.1978,"ASSEMBLY_LAGERSITZ_NEU-1_SET-GEHAEUSE","ALUMINIUM",NA,            0.,            0.,            0.,            0.,  -1.38174E-15,   494.261E-18,       NoValue
D:/MoVerHu_Projekt/FE_Modell/FE-Abaqus-Model/Job-19.odb,Step-163,Increment      6: Step Time =    1.000,"LAGERSITZ_NEU-1",         13222,             3,          4166,      -97.1837,      -7.60569,       29.4017,"ASSEMBLY_LAGERSITZ_NEU-1_SET-GEHAEUSE","ALUMINIUM",NA,            0.,            0.,            0.,            0.,   758.733E-18,  -232.229E-18,       NoValue
D:/MoVerHu_Projekt/FE_Modell/FE-Abaqus-Model/Job-19.odb,Step-163,Increment      6: Step Time =    1.000,"LAGERSITZ_NEU-1",         13217,             6,          4166,      -97.1837,      -7.60569,       29.4017,"ASSEMBLY_LAGERSITZ_NEU-1_SET-GEHAEUSE","ALUMINIUM",NA,            0.,            0.,            0.,            0.,  -7.10589E-15,   962.214E-18,       NoValue
D:/MoVerHu_Projekt/FE_Modell/FE-Abaqus-Model/Job-19.odb,Step-163,Increment      6: Step Time =    1.000,"LAGERSITZ_NEU-1",         13222,             6,          4166,      -97.1837,      -7.60569,       29.4017,"ASSEMBLY_LAGERSITZ_NEU-1_SET-GEHAEUSE","ALUMINIUM",NA,            0.,            0.,            0.,            0.,  -7.10589E-15,   962.214E-18,       NoValue
D:/MoVerHu_Projekt/FE_Modell/FE-Abaqus-Model/Job-19.odb,Step-163,Increment      6: Step Time =    1.000,"LAGERSITZ_NEU-1",         13217,             3,          4166,      -97.1837,      -7.60569,       29.4017,"ASSEMBLY_LAGERSITZ_NEU-1_SET-GEHAEUSE","ALUMINIUM",NA,            0.,            0.,            0.,            0.,   758.733E-18,  -232.229E-18,       NoValue
D:/MoVerHu_Projekt/FE_Modell/FE-Abaqus-Model/Job-19.odb,Step-163,Increment      6: Step Time =    1.000,"LAGERSITZ_NEU-1",         13273,             6,          4167,      -109.184,      -36.1099,       19.7813,"ASSEMBLY_LAGERSITZ_NEU-1_SET-GEHAEUSE","ALUMINIUM",NA,            0.,            0.,            0.,            0.,   1.17687E-15,  -1.69497E-15,       NoValue
D:/MoVerHu_Projekt/FE_Modell/FE-Abaqus-Model/Job-19.odb,Step-163,Increment      6: Step Time =    1.000,"LAGERSITZ_NEU-1",         13268,             6,          4167,      -109.184,      -36.1099,       19.7813,"ASSEMBLY_LAGERSITZ_NEU-1_SET-GEHAEUSE","ALUMINIUM",NA,            0.,            0.,            0.,            0.,   1.17687E-15,  -1.69497E-15,       NoValue
D:/MoVerHu_Projekt/FE_Modell/FE-Abaqus-Model/Job-19.odb,Step-163,Increment      6: Step Time =    1.000,"LAGERSITZ_NEU-1",         13274,             6,          4167,      -109.184,      -36.1099,       19.7813,"ASSEMBLY_LAGERSITZ_NEU-1_SET-GEHAEUSE","ALUMINIUM",NA,            0.,            0.,            0.,            0.,   1.17687E-15,  -1.69497E-15,       NoValue
D:/MoVerHu_Projekt/FE_Modell/FE-Abaqus-Model/Job-19.odb,Step-163,Increment      6: Step Time =    1.000,"LAGERSITZ_NEU-1",         13269,             6,          4167,      -109.184,      -36.1099,       19.7813,"ASSEMBLY_LAGERSITZ_NEU-1_SET-GEHAEUSE","ALUMINIUM",NA,            0.,            0.,            0.,            0.,   1.17687E-15,  -1.69497E-15,       NoValue
D:/MoVerHu_Projekt/FE_Modell/FE-Abaqus-Model/Job-19.odb,Step-163,Increment      6: Step Time =    1.000,"LAGERSITZ_NEU-1",         13274,             6,          4168,      -106.184,      -36.1099,       19.7813,"ASSEMBLY_LAGERSITZ_NEU-1_SET-GEHAEUSE","ALUMINIUM",NA,            0.,            0.,            0.,            0.,   4.26683E-15,  -1.66800E-15,       NoValue
D:/MoVerHu_Projekt/FE_Modell/FE-Abaqus-Model/Job-19.odb,Step-163,Increment      6: Step Time =    1.000,"LAGERSITZ_NEU-1",         13269,             6,          4168,      -106.184,      -36.1099,       19.7813,"ASSEMBLY_LAGERSITZ_NEU-1_SET-GEHAEUSE","ALUMINIUM",NA,            0.,            0.,            0.,            0.,   4.26683E-15,  -1.66800E-15,       NoValue
D:/MoVerHu_Projekt/FE_Modell/FE-Abaqus-Model/Job-19.odb,Step-163,Increment      6: Step Time =    1.000,"LAGERSITZ_NEU-1",         13270,             6,          4168,      -106.184,      -36.1099,       19.7813,"ASSEMBLY_LAGERSITZ_NEU-1_SET-GEHAEUSE","ALUMINIUM",NA,            0.,            0.,            0.,            0.,   4.26683E-15,  -1.66800E-15,       NoValue
D:/MoVerHu_Projekt/FE_Modell/FE-Abaqus-Model/Job-19.odb,Step-163,Increment      6: Step Time =    1.000,"LAGERSITZ_NEU-1",         13275,             6,          4168,      -106.184,      -36.1099,       19.7813,"ASSEMBLY_LAGERSITZ_NEU-1_SET-GEHAEUSE","ALUMINIUM",NA,            0.,            0.,            0.,            0.,   4.26683E-15,  -1.66800E-15,       NoValue
D:/MoVerHu_Projekt/FE_Modell/FE-Abaqus-Model/Job-19.odb,Step-163,Increment      6: Step Time =    1.000,"LAGERSITZ_NEU-1",         13270,             6,          4169,      -103.184,      -36.1099,       19.7813,"ASSEMBLY_LAGERSITZ_NEU-1_SET-GEHAEUSE","ALUMINIUM",NA,            0.,            0.,            0.,            0.,   1.49048E-15,  -1.68328E-15,       NoValue
D:/MoVerHu_Projekt/FE_Modell/FE-Abaqus-Model/Job-19.odb,Step-163,Increment      6: Step Time =    1.000,"LAGERSITZ_NEU-1",         13275,             6,          4169,      -103.184,      -36.1099,       19.7813,"ASSEMBLY_LAGERSITZ_NEU-1_SET-GEHAEUSE","ALUMINIUM",NA,            0.,            0.,            0.,            0.,   1.49048E-15,  -1.68328E-15,       NoValue
D:/MoVerHu_Projekt/FE_Modell/FE-Abaqus-Model/Job-19.odb,Step-163,Increment      6: Step Time =    1.000,"LAGERSITZ_NEU-1",         13276,             6,          4169,      -103.184,      -36.1099,       19.7813,"ASSEMBLY_LAGERSITZ_NEU-1_SET-GEHAEUSE","ALUMINIUM",NA,            0.,            0.,            0.,            0.,   1.49048E-15,  -1.68328E-15,       NoValue
D:/MoVerHu_Projekt/FE_Modell/FE-Abaqus-Model/Job-19.odb,Step-163,Increment      6: Step Time =    1.000,"LAGERSITZ_NEU-1",         13271,             6,          4169,      -103.184,      -36.1099,       19.7813,"ASSEMBLY_LAGERSITZ_NEU-1_SET-GEHAEUSE","ALUMINIUM",NA,            0.,            0.,            0.,            0.,   1.49048E-15,  -1.68328E-15,       NoValue
D:/MoVerHu_Projekt/FE_Modell/FE-Abaqus-Model/Job-19.odb,Step-163,Increment      6: Step Time =    1.000,"LAGERSITZ_NEU-1",         13271,             6,          4170,      -100.184,      -36.1099,       19.7813,"ASSEMBLY_LAGERSITZ_NEU-1_SET-GEHAEUSE","ALUMINIUM",NA,            0.,            0.,            0.,            0.,  -1.78412E-15,  -818.781E-18,       NoValue
D:/MoVerHu_Projekt/FE_Modell/FE-Abaqus-Model/Job-19.odb,Step-163,Increment      6: Step Time =    1.000,"LAGERSITZ_NEU-1",         13276,             6,          4170,      -100.184,      -36.1099,       19.7813,"ASSEMBLY_LAGERSITZ_NEU-1_SET-GEHAEUSE","ALUMINIUM",NA,            0.,            0.,            0.,            0.,  -1.78412E-15,  -818.781E-18,       NoValue
D:/MoVerHu_Projekt/FE_Modell/FE-Abaqus-Model/Job-19.odb,Step-163,Increment      6: Step Time =    1.000,"LAGERSITZ_NEU-1",         13277,             6,          4170,      -100.184,      -36.1099,       19.7813,"ASSEMBLY_LAGERSITZ_NEU-1_SET-GEHAEUSE","ALUMINIUM",NA,            0.,            0.,            0.,            0.,  -1.78412E-15,  -818.781E-18,       NoValue
D:/MoVerHu_Projekt/FE_Modell/FE-Abaqus-Model/Job-19.odb,Step-163,Increment      6: Step Time =    1.000,"LAGERSITZ_NEU-1",         13272,             6,          4170,      -100.184,      -36.1099,       19.7813,"ASSEMBLY_LAGERSITZ_NEU-1_SET-GEHAEUSE","ALUMINIUM",NA,            0.,            0.,            0.,            0.,  -1.78412E-15,  -818.781E-18,       NoValue
D:/MoVerHu_Projekt/FE_Modell/FE-Abaqus-Model/Job-19.odb,Step-163,Increment      6: Step Time =    1.000,"LAGERSITZ_NEU-1",         13347,             3,          4171,      -97.1837,      -57.6460,      -9.81452,"ASSEMBLY_LAGERSITZ_NEU-1_SET-GEHAEUSE","ALUMINIUM",NA,            0.,            0.,            0.,            0.,   129.260E-18,  -678.760E-18,       NoValue
D:/MoVerHu_Projekt/FE_Modell/FE-Abaqus-Model/Job-19.odb,Step-163,Increment      6: Step Time =    1.000,"LAGERSITZ_NEU-1",         13347,             6,          4171,      -97.1837,      -57.6460,      -9.81452,"ASSEMBLY_LAGERSITZ_NEU-1_SET-GEHAEUSE","ALUMINIUM",NA,            0.,            0.,            0.,            0.,  -8.17368E-15,   1.50165E-15,       NoValue
D:/MoVerHu_Projekt/FE_Modell/FE-Abaqus-Model/Job-19.odb,Step-163,Increment      6: Step Time =    1.000,"LAGERSITZ_NEU-1",         13342,             6,          4171,      -97.1837,      -57.6460,      -9.81452,"ASSEMBLY_LAGERSITZ_NEU-1_SET-GEHAEUSE","ALUMINIUM",NA,            0.,            0.,            0.,            0.,  -8.17368E-15,   1.50165E-15,       NoValue
D:/MoVerHu_Projekt/FE_Modell/FE-Abaqus-Model/Job-19.odb,Step-163,Increment      6: Step Time =    1.000,"LAGERSITZ_NEU-1",         13342,             3,          4171,      -97.1837,      -57.6460,      -9.81452,"ASSEMBLY_LAGERSITZ_NEU-1_SET-GEHAEUSE","ALUMINIUM",NA,            0.,            0.,            0.,            0.,   129.260E-18,  -678.760E-18,       NoValue
D:/MoVerHu_Projekt/FE_Modell/FE-Abaqus-Model/Job-19.odb,Step-163,Increment      6: Step Time =    1.000,"LAGERSITZ_NEU-1",         13342,             6,          4172,      -97.1837,      -56.8227,      -7.27989,"ASSEMBLY_LAGERSITZ_NEU-1_SET-GEHAEUSE","ALUMINIUM",NA,            0.,            0.,            0.,            0.,  -10.8113E-15,  -1.31760E-15,       NoValue
D:/MoVerHu_Projekt/FE_Modell/FE-Abaqus-Model/Job-19.odb,Step-163,Increment      6: Step Time =    1.000,"LAGERSITZ_NEU-1",         13342,             3,          4172,      -97.1837,      -56.8227,      -7.27989,"ASSEMBLY_LAGERSITZ_NEU-1_SET-GEHAEUSE","ALUMINIUM",NA,            0.,            0.,            0.,            0.,  -245.301E-18,   761.209E-18,       NoValue
D:/MoVerHu_Projekt/FE_Modell/FE-Abaqus-Model/Job-19.odb,Step-163,Increment      6: Step Time =    1.000,"LAGERSITZ_NEU-1",         13337,             3,          4172,      -97.1837,      -56.8227,      -7.27989,"ASSEMBLY_LAGERSITZ_NEU-1_SET-GEHAEUSE","ALUMINIUM",NA,            0.,            0.,            0.,            0.,  -245.301E-18,   761.209E-18,       NoValue
D:/MoVerHu_Projekt/FE_Modell/FE-Abaqus-Model/Job-19.odb,Step-163,Increment      6: Step Time =    1.000,"LAGERSITZ_NEU-1",         13337,             6,          4172,      -97.1837,      -56.8227,      -7.27989,"ASSEMBLY_LAGERSITZ_NEU-1_SET-GEHAEUSE","ALUMINIUM",NA,            0.,            0.,            0.,            0.,  -10.8113E-15,  -1.31760E-15,       NoValue
D:/MoVerHu_Projekt/FE_Modell/FE-Abaqus-Model/Job-19.odb,Step-163,Increment      6: Step Time =    1.000,"LAGERSITZ_NEU-1",         13337,             3,          4173,      -97.1837,      -55.8776,      -4.78811,"ASSEMBLY_LAGERSITZ_NEU-1_SET-GEHAEUSE","ALUMINIUM",NA,            0.,            0.,            0.,            0.,  -148.065E-18,  -2.75999E-15,       NoValue
D:/MoVerHu_Projekt/FE_Modell/FE-Abaqus-Model/Job-19.odb,Step-163,Increment      6: Step Time =    1.000,"LAGERSITZ_NEU-1",         13332,             3,          4173,      -97.1837,      -55.8776,      -4.78811,"ASSEMBLY_LAGERSITZ_NEU-1_SET-GEHAEUSE","ALUMINIUM",NA,            0.,            0.,            0.,            0.,  -148.065E-18,  -2.75999E-15,       NoValue
D:/MoVerHu_Projekt/FE_Modell/FE-Abaqus-Model/Job-19.odb,Step-163,Increment      6: Step Time =    1.000,"LAGERSITZ_NEU-1",         13332,             6,          4173,      -97.1837,      -55.8776,      -4.78811,"ASSEMBLY_LAGERSITZ_NEU-1_SET-GEHAEUSE","ALUMINIUM",NA,            0.,            0.,            0.,            0.,  -9.47394E-15,   97.2890E-18,       NoValue
D:/MoVerHu_Projekt/FE_Modell/FE-Abaqus-Model/Job-19.odb,Step-163,Increment      6: Step Time =    1.000,"LAGERSITZ_NEU-1",         13337,             6,          4173,      -97.1837,      -55.8776,      -4.78811,"ASSEMBLY_LAGERSITZ_NEU-1_SET-GEHAEUSE","ALUMINIUM",NA,            0.,            0.,            0.,            0.,  -9.47394E-15,   97.2890E-18,       NoValue
D:/MoVerHu_Projekt/FE_Modell/FE-Abaqus-Model/Job-19.odb,Step-163,Increment      6: Step Time =    1.000,"LAGERSITZ_NEU-1",         13332,             6,          4174,      -97.1837,      -54.8129,      -2.34505,"ASSEMBLY_LAGERSITZ_NEU-1_SET-GEHAEUSE","ALUMINIUM",NA,            0.,            0.,            0.,            0.,  -12.0125E-15,   544.090E-18,       NoValue
D:/MoVerHu_Projekt/FE_Modell/FE-Abaqus-Model/Job-19.odb,Step-163,Increment      6: Step Time =    1.000,"LAGERSITZ_NEU-1",         13332,             3,          4174,      -97.1837,      -54.8129,      -2.34505,"ASSEMBLY_LAGERSITZ_NEU-1_SET-GEHAEUSE","ALUMINIUM",NA,            0.,            0.,            0.,            0.,  -93.5886E-18,  -1.41422E-15,       NoValue
D:/MoVerHu_Projekt/FE_Modell/FE-Abaqus-Model/Job-19.odb,Step-163,Increment      6: Step Time =    1.000,"LAGERSITZ_NEU-1",         13327,             3,          4174,      -97.1837,      -54.8129,      -2.34505,"ASSEMBLY_LAGERSITZ_NEU-1_SET-GEHAEUSE","ALUMINIUM",NA,            0.,            0.,            0.,            0.,  -93.5886E-18,  -1.41422E-15,       NoValue
D:/MoVerHu_Projekt/FE_Modell/FE-Abaqus-Model/Job-19.odb,Step-163,Increment      6: Step Time =    1.000,"LAGERSITZ_NEU-1",         13327,             6,          4174,      -97.1837,      -54.8129,      -2.34505,"ASSEMBLY_LAGERSITZ_NEU-1_SET-GEHAEUSE","ALUMINIUM",NA,            0.,            0.,            0.,            0.,  -12.0125E-15,   544.090E-18,       NoValue
D:/MoVerHu_Projekt/FE_Modell/FE-Abaqus-Model/Job-19.odb,Step-163,Increment      6: Step Time =    1.000,"LAGERSITZ_NEU-1",         13327,             6,          4175,      -97.1837,      -53.6310,   43.5776E-03,"ASSEMBLY_LAGERSITZ_NEU-1_SET-GEHAEUSE","ALUMINIUM",NA,            0.,            0.,            0.,            0.,  -7.89963E-15,  -1.48540E-15,       NoValue
D:/MoVerHu_Projekt/FE_Modell/FE-Abaqus-Model/Job-19.odb,Step-163,Increment      6: Step Time =    1.000,"LAGERSITZ_NEU-1",         13327,             3,          4175,      -97.1837,      -53.6310,   43.5776E-03,"ASSEMBLY_LAGERSITZ_NEU-1_SET-GEHAEUSE","ALUMINIUM",NA,            0.,            0.,            0.,            0.,   68.0266E-18,   2.44605E-15,       NoValue
D:/MoVerHu_Projekt/FE_Modell/FE-Abaqus-Model/Job-19.odb,Step-163,Increment      6: Step Time =    1.000,"LAGERSITZ_NEU-1",         13322,             3,          4175,      -97.1837,      -53.6310,   43.5776E-03,"ASSEMBLY_LAGERSITZ_NEU-1_SET-GEHAEUSE","ALUMINIUM",NA,            0.,            0.,            0.,            0.,   68.0266E-18,   2.44605E-15,       NoValue
D:/MoVerHu_Projekt/FE_Modell/FE-Abaqus-Model/Job-19.odb,Step-163,Increment      6: Step Time =    1.000,"LAGERSITZ_NEU-1",         13322,             6,          4175,      -97.1837,      -53.6310,   43.5776E-03,"ASSEMBLY_LAGERSITZ_NEU-1_SET-GEHAEUSE","ALUMINIUM",NA,            0.,            0.,            0.,            0.,  -7.89963E-15,  -1.48540E-15,       NoValue
D:/MoVerHu_Projekt/FE_Modell/FE-Abaqus-Model/Job-19.odb,Step-163,Increment      6: Step Time =    1.000,"LAGERSITZ_NEU-1",         13322,             3,          4176,      -97.1837,      -52.3349,       2.37215,"ASSEMBLY_LAGERSITZ_NEU-1_SET-GEHAEUSE","ALUMINIUM",NA,            0.,            0.,            0.,            0.,   319.309E-18,   3.16317E-15,       NoValue
D:/MoVerHu_Projekt/FE_Modell/FE-Abaqus-Model/Job-19.odb,Step-163,Increment      6: Step Time =    1.000,"LAGERSITZ_NEU-1",         13317,             3,          4176,      -97.1837,      -52.3349,       2.37215,"ASSEMBLY_LAGERSITZ_NEU-1_SET-GEHAEUSE","ALUMINIUM",NA,            0.,            0.,            0.,            0.,   319.309E-18,   3.16317E-15,       NoValue
D:/MoVerHu_Projekt/FE_Modell/FE-Abaqus-Model/Job-19.odb,Step-163,Increment      6: Step Time =    1.000,"LAGERSITZ_NEU-1",         13317,             6,          4176,      -97.1837,      -52.3349,       2.37215,"ASSEMBLY_LAGERSITZ_NEU-1_SET-GEHAEUSE","ALUMINIUM",NA,            0.,            0.,            0.,            0.,  -11.7622E-15,  -2.45832E-15,       NoValue
D:/MoVerHu_Projekt/FE_Modell/FE-Abaqus-Model/Job-19.odb,Step-163,Increment      6: Step Time =    1.000,"LAGERSITZ_NEU-1",         13322,             6,          4176,      -97.1837,      -52.3349,       2.37215,"ASSEMBLY_LAGERSITZ_NEU-1_SET-GEHAEUSE","ALUMINIUM",NA,            0.,            0.,            0.,            0.,  -11.7622E-15,  -2.45832E-15,       NoValue
D:/MoVerHu_Projekt/FE_Modell/FE-Abaqus-Model/Job-19.odb,Step-163,Increment      6: Step Time =    1.000,"LAGERSITZ_NEU-1",         13317,             6,          4177,      -97.1837,      -50.9275,       4.63521,"ASSEMBLY_LAGERSITZ_NEU-1_SET-GEHAEUSE","ALUMINIUM",NA,            0.,            0.,            0.,            0.,  -11.2057E-15,  -172.908E-18,       NoValue
D:/MoVerHu_Projekt/FE_Modell/FE-Abaqus-Model/Job-19.odb,Step-163,Increment      6: Step Time =    1.000,"LAGERSITZ_NEU-1",         13317,             3,          4177,      -97.1837,      -50.9275,       4.63521,"ASSEMBLY_LAGERSITZ_NEU-1_SET-GEHAEUSE","ALUMINIUM",NA,            0.,            0.,            0.,            0.,   673.215E-18,  -1.70010E-15,       NoValue
D:/MoVerHu_Projekt/FE_Modell/FE-Abaqus-Model/Job-19.odb,Step-163,Increment      6: Step Time =    1.000,"LAGERSITZ_NEU-1",         13312,             6,          4177,      -97.1837,      -50.9275,       4.63521,"ASSEMBLY_LAGERSITZ_NEU-1_SET-GEHAEUSE","ALUMINIUM",NA,            0.,            0.,            0.,            0.,  -11.2057E-15,  -172.908E-18,       NoValue
D:/MoVerHu_Projekt/FE_Modell/FE-Abaqus-Model/Job-19.odb,Step-163,Increment      6: Step Time =    1.000,"LAGERSITZ_NEU-1",         13312,             3,          4177,      -97.1837,      -50.9275,       4.63521,"ASSEMBLY_LAGERSITZ_NEU-1_SET-GEHAEUSE","ALUMINIUM",NA,            0.,            0.,            0.,            0.,   673.215E-18,  -1.70010E-15,       NoValue
D:/MoVerHu_Projekt/FE_Modell/FE-Abaqus-Model/Job-19.odb,Step-163,Increment      6: Step Time =    1.000,"LAGERSITZ_NEU-1",         13312,             3,          4178,      -97.1837,      -49.4121,       6.82743,"ASSEMBLY_LAGERSITZ_NEU-1_SET-GEHAEUSE","ALUMINIUM",NA,            0.,            0.,            0.,            0.,   297.678E-18,  -3.95786E-15,       NoValue
D:/MoVerHu_Projekt/FE_Modell/FE-Abaqus-Model/Job-19.odb,Step-163,Increment      6: Step Time =    1.000,"LAGERSITZ_NEU-1",         13312,             6,          4178,      -97.1837,      -49.4121,       6.82743,"ASSEMBLY_LAGERSITZ_NEU-1_SET-GEHAEUSE","ALUMINIUM",NA,            0.,            0.,            0.,            0.,  -6.31463E-15,   846.762E-18,       NoValue
D:/MoVerHu_Projekt/FE_Modell/FE-Abaqus-Model/Job-19.odb,Step-163,Increment      6: Step Time =    1.000,"LAGERSITZ_NEU-1",         13307,             3,          4178,      -97.1837,      -49.4121,       6.82743,"ASSEMBLY_LAGERSITZ_NEU-1_SET-GEHAEUSE","ALUMINIUM",NA,            0.,            0.,            0.,            0.,   297.678E-18,  -3.95786E-15,       NoValue
D:/MoVerHu_Projekt/FE_Modell/FE-Abaqus-Model/Job-19.odb,Step-163,Increment      6: Step Time =    1.000,"LAGERSITZ_NEU-1",         13307,             6,          4178,      -97.1837,      -49.4121,       6.82743,"ASSEMBLY_LAGERSITZ_NEU-1_SET-GEHAEUSE","ALUMINIUM",NA,            0.,            0.,            0.,            0.,  -6.31463E-15,   846.762E-18,       NoValue
D:/MoVerHu_Projekt/FE_Modell/FE-Abaqus-Model/Job-19.odb,Step-163,Increment      6: Step Time =    1.000,"LAGERSITZ_NEU-1",         13307,             3,          4179,      -97.1837,      -47.7924,       8.94367,"ASSEMBLY_LAGERSITZ_NEU-1_SET-GEHAEUSE","ALUMINIUM",NA,            0.,            0.,            0.,            0.,   392.255E-18,  -798.468E-18,       NoValue
D:/MoVerHu_Projekt/FE_Modell/FE-Abaqus-Model/Job-19.odb,Step-163,Increment      6: Step Time =    1.000,"LAGERSITZ_NEU-1",         13302,             3,          4179,      -97.1837,      -47.7924,       8.94367,"ASSEMBLY_LAGERSITZ_NEU-1_SET-GEHAEUSE","ALUMINIUM",NA,            0.,            0.,            0.,            0.,   392.255E-18,  -798.468E-18,       NoValue
D:/MoVerHu_Projekt/FE_Modell/FE-Abaqus-Model/Job-19.odb,Step-163,Increment      6: Step Time =    1.000,"LAGERSITZ_NEU-1",         13302,             6,          4179,      -97.1837,      -47.7924,       8.94367,"ASSEMBLY_LAGERSITZ_NEU-1_SET-GEHAEUSE","ALUMINIUM",NA,            0.,            0.,            0.,            0.,  -5.58197E-15,  -947.530E-18,       NoValue
D:/MoVerHu_Projekt/FE_Modell/FE-Abaqus-Model/Job-19.odb,Step-163,Increment      6: Step Time =    1.000,"LAGERSITZ_NEU-1",         13307,             6,          4179,      -97.1837,      -47.7924,       8.94367,"ASSEMBLY_LAGERSITZ_NEU-1_SET-GEHAEUSE","ALUMINIUM",NA,            0.,            0.,            0.,            0.,  -5.58197E-15,  -947.530E-18,       NoValue
D:/MoVerHu_Projekt/FE_Modell/FE-Abaqus-Model/Job-19.odb,Step-163,Increment      6: Step Time =    1.000,"LAGERSITZ_NEU-1",         13302,             6,          4180,      -97.1837,      -46.0720,       10.9790,"ASSEMBLY_LAGERSITZ_NEU-1_SET-GEHAEUSE","ALUMINIUM",NA,            0.,            0.,            0.,            0.,  -9.47565E-15,   3.02322E-15,       NoValue
D:/MoVerHu_Projekt/FE_Modell/FE-Abaqus-Model/Job-19.odb,Step-163,Increment      6: Step Time =    1.000,"LAGERSITZ_NEU-1",         13302,             3,          4180,      -97.1837,      -46.0720,       10.9790,"ASSEMBLY_LAGERSITZ_NEU-1_SET-GEHAEUSE","ALUMINIUM",NA,            0.,            0.,            0.,            0.,   384.125E-18,  -385.788E-18,       NoValue
D:/MoVerHu_Projekt/FE_Modell/FE-Abaqus-Model/Job-19.odb,Step-163,Increment      6: Step Time =    1.000,"LAGERSITZ_NEU-1",         13297,             6,          4180,      -97.1837,      -46.0720,       10.9790,"ASSEMBLY_LAGERSITZ_NEU-1_SET-GEHAEUSE","ALUMINIUM",NA,            0.,            0.,            0.,            0.,  -9.47565E-15,   3.02322E-15,       NoValue
D:/MoVerHu_Projekt/FE_Modell/FE-Abaqus-Model/Job-19.odb,Step-163,Increment      6: Step Time =    1.000,"LAGERSITZ_NEU-1",         13297,             3,          4180,      -97.1837,      -46.0720,       10.9790,"ASSEMBLY_LAGERSITZ_NEU-1_SET-GEHAEUSE","ALUMINIUM",NA,            0.,            0.,            0.,            0.,   384.125E-18,  -385.788E-18,       NoValue
D:/MoVerHu_Projekt/FE_Modell/FE-Abaqus-Model/Job-19.odb,Step-163,Increment      6: Step Time =    1.000,"LAGERSITZ_NEU-1",         13297,             6,          4181,      -97.1837,      -44.2550,       12.9285,"ASSEMBLY_LAGERSITZ_NEU-1_SET-GEHAEUSE","ALUMINIUM",NA,            0.,            0.,            0.,            0.,  -7.72130E-15,   2.66725E-15,       NoValue
D:/MoVerHu_Projekt/FE_Modell/FE-Abaqus-Model/Job-19.odb,Step-163,Increment      6: Step Time =    1.000,"LAGERSITZ_NEU-1",         13297,             3,          4181,      -97.1837,      -44.2550,       12.9285,"ASSEMBLY_LAGERSITZ_NEU-1_SET-GEHAEUSE","ALUMINIUM",NA,            0.,            0.,            0.,            0.,   449.970E-18,  -1.42123E-15,       NoValue
D:/MoVerHu_Projekt/FE_Modell/FE-Abaqus-Model/Job-19.odb,Step-163,Increment      6: Step Time =    1.000,"LAGERSITZ_NEU-1",         13292,             3,          4181,      -97.1837,      -44.2550,       12.9285,"ASSEMBLY_LAGERSITZ_NEU-1_SET-GEHAEUSE","ALUMINIUM",NA,            0.,            0.,            0.,            0.,   449.970E-18,  -1.42123E-15,       NoValue
D:/MoVerHu_Projekt/FE_Modell/FE-Abaqus-Model/Job-19.odb,Step-163,Increment      6: Step Time =    1.000,"LAGERSITZ_NEU-1",         13292,             6,          4181,      -97.1837,      -44.2550,       12.9285,"ASSEMBLY_LAGERSITZ_NEU-1_SET-GEHAEUSE","ALUMINIUM",NA,            0.,            0.,            0.,            0.,  -7.72130E-15,   2.66725E-15,       NoValue
D:/MoVerHu_Projekt/FE_Modell/FE-Abaqus-Model/Job-19.odb,Step-163,Increment      6: Step Time =    1.000,"LAGERSITZ_NEU-1",         13292,             3,          4182,      -97.1837,      -42.3457,       14.7878,"ASSEMBLY_LAGERSITZ_NEU-1_SET-GEHAEUSE","ALUMINIUM",NA,            0.,            0.,            0.,            0.,   484.888E-18,  -3.66827E-15,       NoValue
D:/MoVerHu_Projekt/FE_Modell/FE-Abaqus-Model/Job-19.odb,Step-163,Increment      6: Step Time =    1.000,"LAGERSITZ_NEU-1",         13287,             3,          4182,      -97.1837,      -42.3457,       14.7878,"ASSEMBLY_LAGERSITZ_NEU-1_SET-GEHAEUSE","ALUMINIUM",NA,            0.,            0.,            0.,            0.,   484.888E-18,  -3.66827E-15,       NoValue
D:/MoVerHu_Projekt/FE_Modell/FE-Abaqus-Model/Job-19.odb,Step-163,Increment      6: Step Time =    1.000,"LAGERSITZ_NEU-1",         13287,             6,          4182,      -97.1837,      -42.3457,       14.7878,"ASSEMBLY_LAGERSITZ_NEU-1_SET-GEHAEUSE","ALUMINIUM",NA,            0.,            0.,            0.,            0.,  -9.71829E-15,   403.803E-18,       NoValue
D:/MoVerHu_Projekt/FE_Modell/FE-Abaqus-Model/Job-19.odb,Step-163,Increment      6: Step Time =    1.000,"LAGERSITZ_NEU-1",         13292,             6,          4182,      -97.1837,      -42.3457,       14.7878,"ASSEMBLY_LAGERSITZ_NEU-1_SET-GEHAEUSE","ALUMINIUM",NA,            0.,            0.,            0.,            0.,  -9.71829E-15,   403.803E-18,       NoValue
D:/MoVerHu_Projekt/FE_Modell/FE-Abaqus-Model/Job-19.odb,Step-163,Increment      6: Step Time =    1.000,"LAGERSITZ_NEU-1",         13287,             6,          4183,      -97.1837,      -40.3486,       16.5524,"ASSEMBLY_LAGERSITZ_NEU-1_SET-GEHAEUSE","ALUMINIUM",NA,            0.,            0.,            0.,            0.,  -7.10468E-15,   860.916E-18,       NoValue
D:/MoVerHu_Projekt/FE_Modell/FE-Abaqus-Model/Job-19.odb,Step-163,Increment      6: Step Time =    1.000,"LAGERSITZ_NEU-1",         13287,             3,          4183,      -97.1837,      -40.3486,       16.5524,"ASSEMBLY_LAGERSITZ_NEU-1_SET-GEHAEUSE","ALUMINIUM",NA,            0.,            0.,            0.,            0.,  -2.96054E-15,   3.94404E-15,       NoValue
D:/MoVerHu_Projekt/FE_Modell/FE-Abaqus-Model/Job-19.odb,Step-163,Increment      6: Step Time =    1.000,"LAGERSITZ_NEU-1",         13282,             3,          4183,      -97.1837,      -40.3486,       16.5524,"ASSEMBLY_LAGERSITZ_NEU-1_SET-GEHAEUSE","ALUMINIUM",NA,            0.,            0.,            0.,            0.,  -2.96054E-15,   3.94404E-15,       NoValue
D:/MoVerHu_Projekt/FE_Modell/FE-Abaqus-Model/Job-19.odb,Step-163,Increment      6: Step Time =    1.000,"LAGERSITZ_NEU-1",         13282,             6,          4183,      -97.1837,      -40.3486,       16.5524,"ASSEMBLY_LAGERSITZ_NEU-1_SET-GEHAEUSE","ALUMINIUM",NA,            0.,            0.,            0.,            0.,  -7.10468E-15,   860.916E-18,       NoValue
D:/MoVerHu_Projekt/FE_Modell/FE-Abaqus-Model/Job-19.odb,Step-163,Increment      6: Step Time =    1.000,"LAGERSITZ_NEU-1",         13282,             6,          4184,      -97.1837,      -38.2684,       18.2182,"ASSEMBLY_LAGERSITZ_NEU-1_SET-GEHAEUSE","ALUMINIUM",NA,            0.,            0.,            0.,            0.,  -4.03710E-15,  -2.80978E-15,       NoValue
D:/MoVerHu_Projekt/FE_Modell/FE-Abaqus-Model/Job-19.odb,Step-163,Increment      6: Step Time =    1.000,"LAGERSITZ_NEU-1",         13282,             3,          4184,      -97.1837,      -38.2684,       18.2182,"ASSEMBLY_LAGERSITZ_NEU-1_SET-GEHAEUSE","ALUMINIUM",NA,            0.,            0.,            0.,            0.,  -2.78100E-15,  -1.50779E-15,       NoValue
D:/MoVerHu_Projekt/FE_Modell/FE-Abaqus-Model/Job-19.odb,Step-163,Increment      6: Step Time =    1.000,"LAGERSITZ_NEU-1",         13277,             6,          4184,      -97.1837,      -38.2684,       18.2182,"ASSEMBLY_LAGERSITZ_NEU-1_SET-GEHAEUSE","ALUMINIUM",NA,            0.,            0.,            0.,            0.,  -4.03710E-15,  -2.80978E-15,       NoValue
D:/MoVerHu_Projekt/FE_Modell/FE-Abaqus-Model/Job-19.odb,Step-163,Increment      6: Step Time =    1.000,"LAGERSITZ_NEU-1",         13277,             3,          4184,      -97.1837,      -38.2684,       18.2182,"ASSEMBLY_LAGERSITZ_NEU-1_SET-GEHAEUSE","ALUMINIUM",NA,            0.,            0.,            0.,            0.,  -2.78100E-15,  -1.50779E-15,       NoValue
D:/MoVerHu_Projekt/FE_Modell/FE-Abaqus-Model/Job-19.odb,Step-163,Increment      6: Step Time =    1.000,"LAGERSITZ_NEU-1",         13348,             6,          4185,      -109.184,      -58.3456,      -12.3861,"ASSEMBLY_LAGERSITZ_NEU-1_SET-GEHAEUSE","ALUMINIUM",NA,            0.,            0.,            0.,            0.,  -1.96644E-15,  -455.481E-18,       NoValue
D:/MoVerHu_Projekt/FE_Modell/FE-Abaqus-Model/Job-19.odb,Step-163,Increment      6: Step Time =    1.000,"LAGERSITZ_NEU-1",         13343,             6,          4185,      -109.184,      -58.3456,      -12.3861,"ASSEMBLY_LAGERSITZ_NEU-1_SET-GEHAEUSE","ALUMINIUM",NA,            0.,            0.,            0.,            0.,  -1.96644E-15,  -455.481E-18,       NoValue
D:/MoVerHu_Projekt/FE_Modell/FE-Abaqus-Model/Job-19.odb,Step-163,Increment      6: Step Time =    1.000,"LAGERSITZ_NEU-1",         13349,             6,          4185,      -109.184,      -58.3456,      -12.3861,"ASSEMBLY_LAGERSITZ_NEU-1_SET-GEHAEUSE","ALUMINIUM",NA,            0.,            0.,            0.,            0.,  -1.96644E-15,  -455.481E-18,       NoValue
D:/MoVerHu_Projekt/FE_Modell/FE-Abaqus-Model/Job-19.odb,Step-163,Increment      6: Step Time =    1.000,"LAGERSITZ_NEU-1",         13344,             6,          4185,      -109.184,      -58.3456,      -12.3861,"ASSEMBLY_LAGERSITZ_NEU-1_SET-GEHAEUSE","ALUMINIUM",NA,            0.,            0.,            0.,            0.,  -1.96644E-15,  -455.481E-18,       NoValue
D:/MoVerHu_Projekt/FE_Modell/FE-Abaqus-Model/Job-19.odb,Step-163,Increment      6: Step Time =    1.000,"LAGERSITZ_NEU-1",         13349,             6,          4186,      -106.184,      -58.3456,      -12.3861,"ASSEMBLY_LAGERSITZ_NEU-1_SET-GEHAEUSE","ALUMINIUM",NA,            0.,            0.,            0.,            0.,   690.086E-18,   637.127E-18,       NoValue
D:/MoVerHu_Projekt/FE_Modell/FE-Abaqus-Model/Job-19.odb,Step-163,Increment      6: Step Time =    1.000,"LAGERSITZ_NEU-1",         13344,             6,          4186,      -106.184,      -58.3456,      -12.3861,"ASSEMBLY_LAGERSITZ_NEU-1_SET-GEHAEUSE","ALUMINIUM",NA,            0.,            0.,            0.,            0.,   690.086E-18,   637.127E-18,       NoValue
D:/MoVerHu_Projekt/FE_Modell/FE-Abaqus-Model/Job-19.odb,Step-163,Increment      6: Step Time =    1.000,"LAGERSITZ_NEU-1",         13345,             6,          4186,      -106.184,      -58.3456,      -12.3861,"ASSEMBLY_LAGERSITZ_NEU-1_SET-GEHAEUSE","ALUMINIUM",NA,            0.,            0.,            0.,            0.,   690.086E-18,   637.127E-18,       NoValue
D:/MoVerHu_Projekt/FE_Modell/FE-Abaqus-Model/Job-19.odb,Step-163,Increment      6: Step Time =    1.000,"LAGERSITZ_NEU-1",         13350,             6,          4186,      -106.184,      -58.3456,      -12.3861,"ASSEMBLY_LAGERSITZ_NEU-1_SET-GEHAEUSE","ALUMINIUM",NA,            0.,            0.,            0.,            0.,   690.086E-18,   637.127E-18,       NoValue
D:/MoVerHu_Projekt/FE_Modell/FE-Abaqus-Model/Job-19.odb,Step-163,Increment      6: Step Time =    1.000,"LAGERSITZ_NEU-1",         13346,             6,          4187,      -103.184,      -58.3456,      -12.3861,"ASSEMBLY_LAGERSITZ_NEU-1_SET-GEHAEUSE","ALUMINIUM",NA,            0.,            0.,            0.,            0.,   1.65308E-15,   177.587E-18,       NoValue
D:/MoVerHu_Projekt/FE_Modell/FE-Abaqus-Model/Job-19.odb,Step-163,Increment      6: Step Time =    1.000,"LAGERSITZ_NEU-1",         13350,             6,          4187,      -103.184,      -58.3456,      -12.3861,"ASSEMBLY_LAGERSITZ_NEU-1_SET-GEHAEUSE","ALUMINIUM",NA,            0.,            0.,            0.,            0.,   1.65308E-15,   177.587E-18,       NoValue
D:/MoVerHu_Projekt/FE_Modell/FE-Abaqus-Model/Job-19.odb,Step-163,Increment      6: Step Time =    1.000,"LAGERSITZ_NEU-1",         13345,             6,          4187,      -103.184,      -58.3456,      -12.3861,"ASSEMBLY_LAGERSITZ_NEU-1_SET-GEHAEUSE","ALUMINIUM",NA,            0.,            0.,            0.,            0.,   1.65308E-15,   177.587E-18,       NoValue
D:/MoVerHu_Projekt/FE_Modell/FE-Abaqus-Model/Job-19.odb,Step-163,Increment      6: Step Time =    1.000,"LAGERSITZ_NEU-1",         13351,             6,          4187,      -103.184,      -58.3456,      -12.3861,"ASSEMBLY_LAGERSITZ_NEU-1_SET-GEHAEUSE","ALUMINIUM",NA,            0.,            0.,            0.,            0.,   1.65308E-15,   177.587E-18,       NoValue
D:/MoVerHu_Projekt/FE_Modell/FE-Abaqus-Model/Job-19.odb,Step-163,Increment      6: Step Time =    1.000,"LAGERSITZ_NEU-1",         13346,             6,          4188,      -100.184,      -58.3456,      -12.3861,"ASSEMBLY_LAGERSITZ_NEU-1_SET-GEHAEUSE","ALUMINIUM",NA,            0.,            0.,            0.,            0.,  -4.35173E-15,   447.456E-18,       NoValue
D:/MoVerHu_Projekt/FE_Modell/FE-Abaqus-Model/Job-19.odb,Step-163,Increment      6: Step Time =    1.000,"LAGERSITZ_NEU-1",         13347,             6,          4188,      -100.184,      -58.3456,      -12.3861,"ASSEMBLY_LAGERSITZ_NEU-1_SET-GEHAEUSE","ALUMINIUM",NA,            0.,            0.,            0.,            0.,  -4.35173E-15,   447.456E-18,       NoValue
D:/MoVerHu_Projekt/FE_Modell/FE-Abaqus-Model/Job-19.odb,Step-163,Increment      6: Step Time =    1.000,"LAGERSITZ_NEU-1",         13351,             6,          4188,      -100.184,      -58.3456,      -12.3861,"ASSEMBLY_LAGERSITZ_NEU-1_SET-GEHAEUSE","ALUMINIUM",NA,            0.,            0.,            0.,            0.,  -4.35173E-15,   447.456E-18,       NoValue
D:/MoVerHu_Projekt/FE_Modell/FE-Abaqus-Model/Job-19.odb,Step-163,Increment      6: Step Time =    1.000,"LAGERSITZ_NEU-1",         13352,             6,          4188,      -100.184,      -58.3456,      -12.3861,"ASSEMBLY_LAGERSITZ_NEU-1_SET-GEHAEUSE","ALUMINIUM",NA,            0.,            0.,            0.,            0.,  -4.35173E-15,   447.456E-18,       NoValue
D:/MoVerHu_Projekt/FE_Modell/FE-Abaqus-Model/Job-19.odb,Step-163,Increment      6: Step Time =    1.000,"LAGERSITZ_NEU-1",         13352,             6,          4189,      -97.1837,      -58.9138,      -14.9583,"ASSEMBLY_LAGERSITZ_NEU-1_SET-GEHAEUSE","ALUMINIUM",NA,            0.,            0.,            0.,            0.,  -3.94746E-15,   505.585E-18,       NoValue
D:/MoVerHu_Projekt/FE_Modell/FE-Abaqus-Model/Job-19.odb,Step-163,Increment      6: Step Time =    1.000,"LAGERSITZ_NEU-1",         13352,             3,          4189,      -97.1837,      -58.9138,      -14.9583,"ASSEMBLY_LAGERSITZ_NEU-1_SET-GEHAEUSE","ALUMINIUM",NA,            0.,            0.,            0.,            0.,   292.139E-18,   5.13170E-15,       NoValue
D:/MoVerHu_Projekt/FE_Modell/FE-Abaqus-Model/Job-19.odb,Step-163,Increment      6: Step Time =    1.000,"LAGERSITZ_NEU-1",         13357,             3,          4189,      -97.1837,      -58.9138,      -14.9583,"ASSEMBLY_LAGERSITZ_NEU-1_SET-GEHAEUSE","ALUMINIUM",NA,            0.,            0.,            0.,            0.,   292.139E-18,   5.13170E-15,       NoValue
D:/MoVerHu_Projekt/FE_Modell/FE-Abaqus-Model/Job-19.odb,Step-163,Increment      6: Step Time =    1.000,"LAGERSITZ_NEU-1",         13357,             6,          4189,      -97.1837,      -58.9138,      -14.9583,"ASSEMBLY_LAGERSITZ_NEU-1_SET-GEHAEUSE","ALUMINIUM",NA,            0.,            0.,            0.,            0.,  -3.94746E-15,   505.585E-18,       NoValue
D:/MoVerHu_Projekt/FE_Modell/FE-Abaqus-Model/Job-19.odb,Step-163,Increment      6: Step Time =    1.000,"LAGERSITZ_NEU-1",         13357,             6,          4190,      -97.1837,      -59.3583,      -17.5548,"ASSEMBLY_LAGERSITZ_NEU-1_SET-GEHAEUSE","ALUMINIUM",NA,            0.,            0.,            0.,            0.,  -8.68441E-15,   508.729E-18,       NoValue
D:/MoVerHu_Projekt/FE_Modell/FE-Abaqus-Model/Job-19.odb,Step-163,Increment      6: Step Time =    1.000,"LAGERSITZ_NEU-1",         13357,             3,          4190,      -97.1837,      -59.3583,      -17.5548,"ASSEMBLY_LAGERSITZ_NEU-1_SET-GEHAEUSE","ALUMINIUM",NA,            0.,            0.,            0.,            0.,   982.161E-18,   5.12856E-15,       NoValue
D:/MoVerHu_Projekt/FE_Modell/FE-Abaqus-Model/Job-19.odb,Step-163,Increment      6: Step Time =    1.000,"LAGERSITZ_NEU-1",         13362,             3,          4190,      -97.1837,      -59.3583,      -17.5548,"ASSEMBLY_LAGERSITZ_NEU-1_SET-GEHAEUSE","ALUMINIUM",NA,            0.,            0.,            0.,            0.,   982.161E-18,   5.12856E-15,       NoValue
D:/MoVerHu_Projekt/FE_Modell/FE-Abaqus-Model/Job-19.odb,Step-163,Increment      6: Step Time =    1.000,"LAGERSITZ_NEU-1",         13362,             6,          4190,      -97.1837,      -59.3583,      -17.5548,"ASSEMBLY_LAGERSITZ_NEU-1_SET-GEHAEUSE","ALUMINIUM",NA,            0.,            0.,            0.,            0.,  -8.68441E-15,   508.729E-18,       NoValue
D:/MoVerHu_Projekt/FE_Modell/FE-Abaqus-Model/Job-19.odb,Step-163,Increment      6: Step Time =    1.000,"LAGERSITZ_NEU-1",         13362,             3,          4191,      -97.1837,      -59.6779,      -20.1696,"ASSEMBLY_LAGERSITZ_NEU-1_SET-GEHAEUSE","ALUMINIUM",NA,            0.,            0.,            0.,            0.,  -791.060E-18,   3.94746E-15,       NoValue
D:/MoVerHu_Projekt/FE_Modell/FE-Abaqus-Model/Job-19.odb,Step-163,Increment      6: Step Time =    1.000,"LAGERSITZ_NEU-1",         13367,             3,          4191,      -97.1837,      -59.6779,      -20.1696,"ASSEMBLY_LAGERSITZ_NEU-1_SET-GEHAEUSE","ALUMINIUM",NA,            0.,            0.,            0.,            0.,  -791.060E-18,   3.94746E-15,       NoValue
D:/MoVerHu_Projekt/FE_Modell/FE-Abaqus-Model/Job-19.odb,Step-163,Increment      6: Step Time =    1.000,"LAGERSITZ_NEU-1",         13367,             6,          4191,      -97.1837,      -59.6779,      -20.1696,"ASSEMBLY_LAGERSITZ_NEU-1_SET-GEHAEUSE","ALUMINIUM",NA,            0.,            0.,            0.,            0.,  -9.47390E-15,   2.29821E-15,       NoValue
D:/MoVerHu_Projekt/FE_Modell/FE-Abaqus-Model/Job-19.odb,Step-163,Increment      6: Step Time =    1.000,"LAGERSITZ_NEU-1",         13362,             6,          4191,      -97.1837,      -59.6779,      -20.1696,"ASSEMBLY_LAGERSITZ_NEU-1_SET-GEHAEUSE","ALUMINIUM",NA,            0.,            0.,            0.,            0.,  -9.47390E-15,   2.29821E-15,       NoValue
D:/MoVerHu_Projekt/FE_Modell/FE-Abaqus-Model/Job-19.odb,Step-163,Increment      6: Step Time =    1.000,"LAGERSITZ_NEU-1",         13367,             6,          4192,      -97.1837,      -59.8720,      -22.7967,"ASSEMBLY_LAGERSITZ_NEU-1_SET-GEHAEUSE","ALUMINIUM",NA,            0.,            0.,            0.,            0.,  -7.89492E-15,   425.752E-18,       NoValue
D:/MoVerHu_Projekt/FE_Modell/FE-Abaqus-Model/Job-19.odb,Step-163,Increment      6: Step Time =    1.000,"LAGERSITZ_NEU-1",         13372,             3,          4192,      -97.1837,      -59.8720,      -22.7967,"ASSEMBLY_LAGERSITZ_NEU-1_SET-GEHAEUSE","ALUMINIUM",NA,            0.,            0.,            0.,            0.,  -1.58212E-15,   2.36848E-15,       NoValue
D:/MoVerHu_Projekt/FE_Modell/FE-Abaqus-Model/Job-19.odb,Step-163,Increment      6: Step Time =    1.000,"LAGERSITZ_NEU-1",         13372,             6,          4192,      -97.1837,      -59.8720,      -22.7967,"ASSEMBLY_LAGERSITZ_NEU-1_SET-GEHAEUSE","ALUMINIUM",NA,            0.,            0.,            0.,            0.,  -7.89492E-15,   425.752E-18,       NoValue
D:/MoVerHu_Projekt/FE_Modell/FE-Abaqus-Model/Job-19.odb,Step-163,Increment      6: Step Time =    1.000,"LAGERSITZ_NEU-1",         13367,             3,          4192,      -97.1837,      -59.8720,      -22.7967,"ASSEMBLY_LAGERSITZ_NEU-1_SET-GEHAEUSE","ALUMINIUM",NA,            0.,            0.,            0.,            0.,  -1.58212E-15,   2.36848E-15,       NoValue
D:/MoVerHu_Projekt/FE_Modell/FE-Abaqus-Model/Job-19.odb,Step-163,Increment      6: Step Time =    1.000,"LAGERSITZ_NEU-1",         13352,             3,          4193,      -97.1837,      -61.3672,      -14.4776,"ASSEMBLY_LAGERSITZ_NEU-1_SET-GEHAEUSE","ALUMINIUM",NA,       66.3642,       66.3642,  -21.9042E-03,   10.0443E-03,  -400.880E-18,   1.96453E-15,       NoValue
D:/MoVerHu_Projekt/FE_Modell/FE-Abaqus-Model/Job-19.odb,Step-163,Increment      6: Step Time =    1.000,"LAGERSITZ_NEU-1",         13357,             3,          4193,      -97.1837,      -61.3672,      -14.4776,"ASSEMBLY_LAGERSITZ_NEU-1_SET-GEHAEUSE","ALUMINIUM",NA,       66.3642,       66.3642,  -21.9042E-03,   10.0443E-03,  -400.880E-18,   1.96453E-15,       NoValue
D:/MoVerHu_Projekt/FE_Modell/FE-Abaqus-Model/Job-19.odb,Step-163,Increment      6: Step Time =    1.000,"LAGERSITZ_NEU-1",         13362,             3,          4194,      -97.1837,      -61.8319,      -17.1921,"ASSEMBLY_LAGERSITZ_NEU-1_SET-GEHAEUSE","ALUMINIUM",NA,       50.8863,       50.8863,  -13.7843E-03,   1.15398E-03,   397.813E-18,   3.95666E-15,       NoValue
D:/MoVerHu_Projekt/FE_Modell/FE-Abaqus-Model/Job-19.odb,Step-163,Increment      6: Step Time =    1.000,"LAGERSITZ_NEU-1",         13357,             3,          4194,      -97.1837,      -61.8319,      -17.1921,"ASSEMBLY_LAGERSITZ_NEU-1_SET-GEHAEUSE","ALUMINIUM",NA,       50.8863,       50.8863,  -13.7843E-03,   1.15398E-03,   397.813E-18,   3.95666E-15,       NoValue
D:/MoVerHu_Projekt/FE_Modell/FE-Abaqus-Model/Job-19.odb,Step-163,Increment      6: Step Time =    1.000,"LAGERSITZ_NEU-1",         13367,             3,          4195,      -97.1837,      -62.1660,      -19.9258,"ASSEMBLY_LAGERSITZ_NEU-1_SET-GEHAEUSE","ALUMINIUM",NA,       42.2664,       42.2664,  -13.1334E-03,   1.03420E-03,   986.865E-18,   5.93039E-15,       NoValue
D:/MoVerHu_Projekt/FE_Modell/FE-Abaqus-Model/Job-19.odb,Step-163,Increment      6: Step Time =    1.000,"LAGERSITZ_NEU-1",         13362,             3,          4195,      -97.1837,      -62.1660,      -19.9258,"ASSEMBLY_LAGERSITZ_NEU-1_SET-GEHAEUSE","ALUMINIUM",NA,       42.2664,       42.2664,  -13.1334E-03,   1.03420E-03,   986.865E-18,   5.93039E-15,       NoValue
D:/MoVerHu_Projekt/FE_Modell/FE-Abaqus-Model/Job-19.odb,Step-163,Increment      6: Step Time =    1.000,"LAGERSITZ_NEU-1",         13372,             3,          4196,      -97.1837,      -62.3689,      -22.6723,"ASSEMBLY_LAGERSITZ_NEU-1_SET-GEHAEUSE","ALUMINIUM",NA,       30.0437,       30.0437,  -7.41645E-03,   484.167E-06,  -2.56431E-15,   4.34221E-15,       NoValue
D:/MoVerHu_Projekt/FE_Modell/FE-Abaqus-Model/Job-19.odb,Step-163,Increment      6: Step Time =    1.000,"LAGERSITZ_NEU-1",         13367,             3,          4196,      -97.1837,      -62.3689,      -22.6723,"ASSEMBLY_LAGERSITZ_NEU-1_SET-GEHAEUSE","ALUMINIUM",NA,       30.0437,       30.0437,  -7.41645E-03,   484.167E-06,  -2.56431E-15,   4.34221E-15,       NoValue
D:/MoVerHu_Projekt/FE_Modell/FE-Abaqus-Model/Job-19.odb,Step-163,Increment      6: Step Time =    1.000,"LAGERSITZ_NEU-1",          4102,             4,          6854,      -118.984,       49.9674,      -22.3459,"ASSEMBLY_LAGERSITZ_NEU-1_SET-GEHAEUSE","ALUMINIUM",NA,       461.218,      -1.70838,       460.349,       28.2371,   40.5399E-03,  -9.32205E-03,            2.
D:/MoVerHu_Projekt/FE_Modell/FE-Abaqus-Model/Job-19.odb,Step-163,Increment      6: Step Time =    1.000,"LAGERSITZ_NEU-1",          4100,             4,          6854,      -118.984,       49.9674,      -22.3459,"ASSEMBLY_LAGERSITZ_NEU-1_SET-GEHAEUSE","ALUMINIUM",NA,       461.218,      -1.70838,       460.349,       28.2371,   40.5399E-03,  -9.32205E-03,            2.
D:/MoVerHu_Projekt/FE_Modell/FE-Abaqus-Model/Job-19.odb,Step-163,Increment      6: Step Time =    1.000,"LAGERSITZ_NEU-1",          4099,             4,          6854,      -118.984,       49.9674,      -22.3459,"ASSEMBLY_LAGERSITZ_NEU-1_SET-GEHAEUSE","ALUMINIUM",NA,       461.218,      -1.70838,       460.349,       28.2371,   40.5399E-03,  -9.32205E-03,            2.
D:/MoVerHu_Projekt/FE_Modell/FE-Abaqus-Model/Job-19.odb,Step-163,Increment      6: Step Time =    1.000,"LAGERSITZ_NEU-1",          4103,             4,          6854,      -118.984,       49.9674,      -22.3459,"ASSEMBLY_LAGERSITZ_NEU-1_SET-GEHAEUSE","ALUMINIUM",NA,       461.218,      -1.70838,       460.349,       28.2371,   40.5399E-03,  -9.32205E-03,            2.
D:/MoVerHu_Projekt/FE_Modell/FE-Abaqus-Model/Job-19.odb,Step-163,Increment      6: Step Time =    1.000,"LAGERSITZ_NEU-1",          4104,             4,          6855,      -115.584,       49.9674,      -22.3459,"ASSEMBLY_LAGERSITZ_NEU-1_SET-GEHAEUSE","ALUMINIUM",NA,       530.198,      -1.86273,       529.221,       32.1218,   32.6700E-03,  -6.52387E-03,            2.
D:/MoVerHu_Projekt/FE_Modell/FE-Abaqus-Model/Job-19.odb,Step-163,Increment      6: Step Time =    1.000,"LAGERSITZ_NEU-1",          4100,             4,          6855,      -115.584,       49.9674,      -22.3459,"ASSEMBLY_LAGERSITZ_NEU-1_SET-GEHAEUSE","ALUMINIUM",NA,       530.198,      -1.86273,       529.221,       32.1218,   32.6700E-03,  -6.52387E-03,            2.
D:/MoVerHu_Projekt/FE_Modell/FE-Abaqus-Model/Job-19.odb,Step-163,Increment      6: Step Time =    1.000,"LAGERSITZ_NEU-1",          4101,             4,          6855,      -115.584,       49.9674,      -22.3459,"ASSEMBLY_LAGERSITZ_NEU-1_SET-GEHAEUSE","ALUMINIUM",NA,       530.198,      -1.86273,       529.221,       32.1218,   32.6700E-03,  -6.52387E-03,            2.
D:/MoVerHu_Projekt/FE_Modell/FE-Abaqus-Model/Job-19.odb,Step-163,Increment      6: Step Time =    1.000,"LAGERSITZ_NEU-1",          4103,             4,          6855,      -115.584,       49.9674,      -22.3459,"ASSEMBLY_LAGERSITZ_NEU-1_SET-GEHAEUSE","ALUMINIUM",NA,       530.198,      -1.86273,       529.221,       32.1218,   32.6700E-03,  -6.52387E-03,            2.
D:/MoVerHu_Projekt/FE_Modell/FE-Abaqus-Model/Job-19.odb,Step-163,Increment      6: Step Time =    1.000,"LAGERSITZ_NEU-1",          4102,             4,          6856,      -118.984,       49.6783,      -19.0660,"ASSEMBLY_LAGERSITZ_NEU-1_SET-GEHAEUSE","ALUMINIUM",NA,       605.621,      -2.19073,       601.397,       71.3740,   5.09633E-03,  -5.25102E-03,            2.
D:/MoVerHu_Projekt/FE_Modell/FE-Abaqus-Model/Job-19.odb,Step-163,Increment      6: Step Time =    1.000,"LAGERSITZ_NEU-1",          4103,             4,          6856,      -118.984,       49.6783,      -19.0660,"ASSEMBLY_LAGERSITZ_NEU-1_SET-GEHAEUSE","ALUMINIUM",NA,       605.621,      -2.19073,       601.397,       71.3740,   5.09633E-03,  -5.25102E-03,            2.
D:/MoVerHu_Projekt/FE_Modell/FE-Abaqus-Model/Job-19.odb,Step-163,Increment      6: Step Time =    1.000,"LAGERSITZ_NEU-1",          4105,             4,          6856,      -118.984,       49.6783,      -19.0660,"ASSEMBLY_LAGERSITZ_NEU-1_SET-GEHAEUSE","ALUMINIUM",NA,       605.621,      -2.19073,       601.397,       71.3740,   5.09633E-03,  -5.25102E-03,            2.
D:/MoVerHu_Projekt/FE_Modell/FE-Abaqus-Model/Job-19.odb,Step-163,Increment      6: Step Time =    1.000,"LAGERSITZ_NEU-1",          4106,             4,          6856,      -118.984,       49.6783,      -19.0660,"ASSEMBLY_LAGERSITZ_NEU-1_SET-GEHAEUSE","ALUMINIUM",NA,       605.621,      -2.19073,       601.397,       71.3740,   5.09633E-03,  -5.25102E-03,            2.
D:/MoVerHu_Projekt/FE_Modell/FE-Abaqus-Model/Job-19.odb,Step-163,Increment      6: Step Time =    1.000,"LAGERSITZ_NEU-1",          4106,             4,          6857,      -115.584,       49.6783,      -19.0660,"ASSEMBLY_LAGERSITZ_NEU-1_SET-GEHAEUSE","ALUMINIUM",NA,       661.805,      -2.24194,       657.172,       78.1471,   4.85211E-03,  -4.15498E-03,            2.
D:/MoVerHu_Projekt/FE_Modell/FE-Abaqus-Model/Job-19.odb,Step-163,Increment      6: Step Time =    1.000,"LAGERSITZ_NEU-1",          4107,             4,          6857,      -115.584,       49.6783,      -19.0660,"ASSEMBLY_LAGERSITZ_NEU-1_SET-GEHAEUSE","ALUMINIUM",NA,       661.805,      -2.24194,       657.172,       78.1471,   4.85211E-03,  -4.15498E-03,            2.
D:/MoVerHu_Projekt/FE_Modell/FE-Abaqus-Model/Job-19.odb,Step-163,Increment      6: Step Time =    1.000,"LAGERSITZ_NEU-1",          4103,             4,          6857,      -115.584,       49.6783,      -19.0660,"ASSEMBLY_LAGERSITZ_NEU-1_SET-GEHAEUSE","ALUMINIUM",NA,       661.805,      -2.24194,       657.172,       78.1471,   4.85211E-03,  -4.15498E-03,            2.
D:/MoVerHu_Projekt/FE_Modell/FE-Abaqus-Model/Job-19.odb,Step-163,Increment      6: Step Time =    1.000,"LAGERSITZ_NEU-1",          4104,             4,          6857,      -115.584,       49.6783,      -19.0660,"ASSEMBLY_LAGERSITZ_NEU-1_SET-GEHAEUSE","ALUMINIUM",NA,       661.805,      -2.24194,       657.172,       78.1471,   4.85211E-03,  -4.15498E-03,            2.
D:/MoVerHu_Projekt/FE_Modell/FE-Abaqus-Model/Job-19.odb,Step-163,Increment      6: Step Time =    1.000,"LAGERSITZ_NEU-1",          4105,             4,          6858,      -118.984,       49.1934,      -15.8092,"ASSEMBLY_LAGERSITZ_NEU-1_SET-GEHAEUSE","ALUMINIUM",NA,       413.804,      -1.42821,       407.567,       71.5639,   40.5788E-03,  -42.7745E-03,            2.
D:/MoVerHu_Projekt/FE_Modell/FE-Abaqus-Model/Job-19.odb,Step-163,Increment      6: Step Time =    1.000,"LAGERSITZ_NEU-1",          4106,             4,          6858,      -118.984,       49.1934,      -15.8092,"ASSEMBLY_LAGERSITZ_NEU-1_SET-GEHAEUSE","ALUMINIUM",NA,       413.804,      -1.42821,       407.567,       71.5639,   40.5788E-03,  -42.7745E-03,            2.
D:/MoVerHu_Projekt/FE_Modell/FE-Abaqus-Model/Job-19.odb,Step-163,Increment      6: Step Time =    1.000,"LAGERSITZ_NEU-1",          4109,             4,          6858,      -118.984,       49.1934,      -15.8092,"ASSEMBLY_LAGERSITZ_NEU-1_SET-GEHAEUSE","ALUMINIUM",NA,       413.804,      -1.42821,       407.567,       71.5639,   40.5788E-03,  -42.7745E-03,            2.
D:/MoVerHu_Projekt/FE_Modell/FE-Abaqus-Model/Job-19.odb,Step-163,Increment      6: Step Time =    1.000,"LAGERSITZ_NEU-1",          4108,             4,          6858,      -118.984,       49.1934,      -15.8092,"ASSEMBLY_LAGERSITZ_NEU-1_SET-GEHAEUSE","ALUMINIUM",NA,       413.804,      -1.42821,       407.567,       71.5639,   40.5788E-03,  -42.7745E-03,            2.
D:/MoVerHu_Projekt/FE_Modell/FE-Abaqus-Model/Job-19.odb,Step-163,Increment      6: Step Time =    1.000,"LAGERSITZ_NEU-1",          4109,             4,          6859,      -115.584,       49.1934,      -15.8092,"ASSEMBLY_LAGERSITZ_NEU-1_SET-GEHAEUSE","ALUMINIUM",NA,       496.545,      -1.62089,       488.951,       86.4956,   27.5984E-03,  -24.5142E-03,            2.
D:/MoVerHu_Projekt/FE_Modell/FE-Abaqus-Model/Job-19.odb,Step-163,Increment      6: Step Time =    1.000,"LAGERSITZ_NEU-1",          4106,             4,          6859,      -115.584,       49.1934,      -15.8092,"ASSEMBLY_LAGERSITZ_NEU-1_SET-GEHAEUSE","ALUMINIUM",NA,       496.545,      -1.62089,       488.951,       86.4956,   27.5984E-03,  -24.5142E-03,            2.
D:/MoVerHu_Projekt/FE_Modell/FE-Abaqus-Model/Job-19.odb,Step-163,Increment      6: Step Time =    1.000,"LAGERSITZ_NEU-1",          4107,             4,          6859,      -115.584,       49.1934,      -15.8092,"ASSEMBLY_LAGERSITZ_NEU-1_SET-GEHAEUSE","ALUMINIUM",NA,       496.545,      -1.62089,       488.951,       86.4956,   27.5984E-03,  -24.5142E-03,            2.
D:/MoVerHu_Projekt/FE_Modell/FE-Abaqus-Model/Job-19.odb,Step-163,Increment      6: Step Time =    1.000,"LAGERSITZ_NEU-1",          4110,             4,          6859,      -115.584,       49.1934,      -15.8092,"ASSEMBLY_LAGERSITZ_NEU-1_SET-GEHAEUSE","ALUMINIUM",NA,       496.545,      -1.62089,       488.951,       86.4956,   27.5984E-03,  -24.5142E-03,            2.
D:/MoVerHu_Projekt/FE_Modell/FE-Abaqus-Model/Job-19.odb,Step-163,Increment      6: Step Time =    1.000,"LAGERSITZ_NEU-1",          4112,             4,          6860,      -118.984,       47.7074,      -9.62024,"ASSEMBLY_LAGERSITZ_NEU-1_SET-GEHAEUSE","ALUMINIUM",NA,       34.8700,  -102.668E-03,       33.3323,       10.2403,   1.81997E-03,  -8.36505E-03,       NoValue
D:/MoVerHu_Projekt/FE_Modell/FE-Abaqus-Model/Job-19.odb,Step-163,Increment      6: Step Time =    1.000,"LAGERSITZ_NEU-1",          4111,             4,          6860,      -118.984,       47.7074,      -9.62024,"ASSEMBLY_LAGERSITZ_NEU-1_SET-GEHAEUSE","ALUMINIUM",NA,       34.8700,  -102.668E-03,       33.3323,       10.2403,   1.81997E-03,  -8.36505E-03,       NoValue
D:/MoVerHu_Projekt/FE_Modell/FE-Abaqus-Model/Job-19.odb,Step-163,Increment      6: Step Time =    1.000,"LAGERSITZ_NEU-1",          4115,             4,          6860,      -118.984,       47.7074,      -9.62024,"ASSEMBLY_LAGERSITZ_NEU-1_SET-GEHAEUSE","ALUMINIUM",NA,       34.8700,  -102.668E-03,       33.3323,       10.2403,   1.81997E-03,  -8.36505E-03,       NoValue
D:/MoVerHu_Projekt/FE_Modell/FE-Abaqus-Model/Job-19.odb,Step-163,Increment      6: Step Time =    1.000,"LAGERSITZ_NEU-1",          4114,             4,          6860,      -118.984,       47.7074,      -9.62024,"ASSEMBLY_LAGERSITZ_NEU-1_SET-GEHAEUSE","ALUMINIUM",NA,       34.8700,  -102.668E-03,       33.3323,       10.2403,   1.81997E-03,  -8.36505E-03,       NoValue
D:/MoVerHu_Projekt/FE_Modell/FE-Abaqus-Model/Job-19.odb,Step-163,Increment      6: Step Time =    1.000,"LAGERSITZ_NEU-1",          4112,             4,          6861,      -115.584,       47.7074,      -9.62024,"ASSEMBLY_LAGERSITZ_NEU-1_SET-GEHAEUSE","ALUMINIUM",NA,       105.372,  -307.551E-03,       100.777,       30.7746,   19.7065E-03,  -64.2434E-03,            2.
D:/MoVerHu_Projekt/FE_Modell/FE-Abaqus-Model/Job-19.odb,Step-163,Increment      6: Step Time =    1.000,"LAGERSITZ_NEU-1",          4113,             4,          6861,      -115.584,       47.7074,      -9.62024,"ASSEMBLY_LAGERSITZ_NEU-1_SET-GEHAEUSE","ALUMINIUM",NA,       105.372,  -307.551E-03,       100.777,       30.7746,   19.7065E-03,  -64.2434E-03,            2.
D:/MoVerHu_Projekt/FE_Modell/FE-Abaqus-Model/Job-19.odb,Step-163,Increment      6: Step Time =    1.000,"LAGERSITZ_NEU-1",          4115,             4,          6861,      -115.584,       47.7074,      -9.62024,"ASSEMBLY_LAGERSITZ_NEU-1_SET-GEHAEUSE","ALUMINIUM",NA,       105.372,  -307.551E-03,       100.777,       30.7746,   19.7065E-03,  -64.2434E-03,            2.
D:/MoVerHu_Projekt/FE_Modell/FE-Abaqus-Model/Job-19.odb,Step-163,Increment      6: Step Time =    1.000,"LAGERSITZ_NEU-1",          4116,             4,          6861,      -115.584,       47.7074,      -9.62024,"ASSEMBLY_LAGERSITZ_NEU-1_SET-GEHAEUSE","ALUMINIUM",NA,       105.372,  -307.551E-03,       100.777,       30.7746,   19.7065E-03,  -64.2434E-03,            2.
D:/MoVerHu_Projekt/FE_Modell/FE-Abaqus-Model/Job-19.odb,Step-163,Increment      6: Step Time =    1.000,"LAGERSITZ_NEU-1",          4114,             4,          6862,      -118.984,       46.7358,      -6.70289,"ASSEMBLY_LAGERSITZ_NEU-1_SET-GEHAEUSE","ALUMINIUM",NA,       121.925,  -336.911E-03,       114.336,       42.3409,  -8.19110E-03,  -148.987E-03,            2.
D:/MoVerHu_Projekt/FE_Modell/FE-Abaqus-Model/Job-19.odb,Step-163,Increment      6: Step Time =    1.000,"LAGERSITZ_NEU-1",          4117,             4,          6862,      -118.984,       46.7358,      -6.70289,"ASSEMBLY_LAGERSITZ_NEU-1_SET-GEHAEUSE","ALUMINIUM",NA,       121.925,  -336.911E-03,       114.336,       42.3409,  -8.19110E-03,  -148.987E-03,            2.
D:/MoVerHu_Projekt/FE_Modell/FE-Abaqus-Model/Job-19.odb,Step-163,Increment      6: Step Time =    1.000,"LAGERSITZ_NEU-1",          4115,             4,          6862,      -118.984,       46.7358,      -6.70289,"ASSEMBLY_LAGERSITZ_NEU-1_SET-GEHAEUSE","ALUMINIUM",NA,       121.925,  -336.911E-03,       114.336,       42.3409,  -8.19110E-03,  -148.987E-03,            2.
D:/MoVerHu_Projekt/FE_Modell/FE-Abaqus-Model/Job-19.odb,Step-163,Increment      6: Step Time =    1.000,"LAGERSITZ_NEU-1",          4118,             4,          6862,      -118.984,       46.7358,      -6.70289,"ASSEMBLY_LAGERSITZ_NEU-1_SET-GEHAEUSE","ALUMINIUM",NA,       121.925,  -336.911E-03,       114.336,       42.3409,  -8.19110E-03,  -148.987E-03,            2.
D:/MoVerHu_Projekt/FE_Modell/FE-Abaqus-Model/Job-19.odb,Step-163,Increment      6: Step Time =    1.000,"LAGERSITZ_NEU-1",          4116,             4,          6863,      -115.584,       46.7358,      -6.70289,"ASSEMBLY_LAGERSITZ_NEU-1_SET-GEHAEUSE","ALUMINIUM",NA,       223.449,  -607.057E-03,       209.631,       77.3565,  -8.25672E-03,  -131.982E-03,            2.
D:/MoVerHu_Projekt/FE_Modell/FE-Abaqus-Model/Job-19.odb,Step-163,Increment      6: Step Time =    1.000,"LAGERSITZ_NEU-1",          4119,             4,          6863,      -115.584,       46.7358,      -6.70289,"ASSEMBLY_LAGERSITZ_NEU-1_SET-GEHAEUSE","ALUMINIUM",NA,       223.449,  -607.057E-03,       209.631,       77.3565,  -8.25672E-03,  -131.982E-03,            2.
D:/MoVerHu_Projekt/FE_Modell/FE-Abaqus-Model/Job-19.odb,Step-163,Increment      6: Step Time =    1.000,"LAGERSITZ_NEU-1",          4115,             4,          6863,      -115.584,       46.7358,      -6.70289,"ASSEMBLY_LAGERSITZ_NEU-1_SET-GEHAEUSE","ALUMINIUM",NA,       223.449,  -607.057E-03,       209.631,       77.3565,  -8.25672E-03,  -131.982E-03,            2.
D:/MoVerHu_Projekt/FE_Modell/FE-Abaqus-Model/Job-19.odb,Step-163,Increment      6: Step Time =    1.000,"LAGERSITZ_NEU-1",          4118,             4,          6863,      -115.584,       46.7358,      -6.70289,"ASSEMBLY_LAGERSITZ_NEU-1_SET-GEHAEUSE","ALUMINIUM",NA,       223.449,  -607.057E-03,       209.631,       77.3565,  -8.25672E-03,  -131.982E-03,            2.
D:/MoVerHu_Projekt/FE_Modell/FE-Abaqus-Model/Job-19.odb,Step-163,Increment      6: Step Time =    1.000,"LAGERSITZ_NEU-1",          4121,             4,          6864,      -118.984,       45.6027,      -3.84439,"ASSEMBLY_LAGERSITZ_NEU-1_SET-GEHAEUSE","ALUMINIUM",NA,       154.171,  -395.154E-03,       141.683,       60.7830,  -52.6811E-03,  -147.725E-03,            2.
D:/MoVerHu_Projekt/FE_Modell/FE-Abaqus-Model/Job-19.odb,Step-163,Increment      6: Step Time =    1.000,"LAGERSITZ_NEU-1",          4117,             4,          6864,      -118.984,       45.6027,      -3.84439,"ASSEMBLY_LAGERSITZ_NEU-1_SET-GEHAEUSE","ALUMINIUM",NA,       154.171,  -395.154E-03,       141.683,       60.7830,  -52.6811E-03,  -147.725E-03,            2.
D:/MoVerHu_Projekt/FE_Modell/FE-Abaqus-Model/Job-19.odb,Step-163,Increment      6: Step Time =    1.000,"LAGERSITZ_NEU-1",          4120,             4,          6864,      -118.984,       45.6027,      -3.84439,"ASSEMBLY_LAGERSITZ_NEU-1_SET-GEHAEUSE","ALUMINIUM",NA,       154.171,  -395.154E-03,       141.683,       60.7830,  -52.6811E-03,  -147.725E-03,            2.
D:/MoVerHu_Projekt/FE_Modell/FE-Abaqus-Model/Job-19.odb,Step-163,Increment      6: Step Time =    1.000,"LAGERSITZ_NEU-1",          4118,             4,          6864,      -118.984,       45.6027,      -3.84439,"ASSEMBLY_LAGERSITZ_NEU-1_SET-GEHAEUSE","ALUMINIUM",NA,       154.171,  -395.154E-03,       141.683,       60.7830,  -52.6811E-03,  -147.725E-03,            2.
D:/MoVerHu_Projekt/FE_Modell/FE-Abaqus-Model/Job-19.odb,Step-163,Increment      6: Step Time =    1.000,"LAGERSITZ_NEU-1",          4119,             4,          6865,      -115.584,       45.6027,      -3.84439,"ASSEMBLY_LAGERSITZ_NEU-1_SET-GEHAEUSE","ALUMINIUM",NA,       261.153,  -655.015E-03,       239.985,       102.995,  -48.5789E-03,  -123.787E-03,            2.
D:/MoVerHu_Projekt/FE_Modell/FE-Abaqus-Model/Job-19.odb,Step-163,Increment      6: Step Time =    1.000,"LAGERSITZ_NEU-1",          4121,             4,          6865,      -115.584,       45.6027,      -3.84439,"ASSEMBLY_LAGERSITZ_NEU-1_SET-GEHAEUSE","ALUMINIUM",NA,       261.153,  -655.015E-03,       239.985,       102.995,  -48.5789E-03,  -123.787E-03,            2.
D:/MoVerHu_Projekt/FE_Modell/FE-Abaqus-Model/Job-19.odb,Step-163,Increment      6: Step Time =    1.000,"LAGERSITZ_NEU-1",          4118,             4,          6865,      -115.584,       45.6027,      -3.84439,"ASSEMBLY_LAGERSITZ_NEU-1_SET-GEHAEUSE","ALUMINIUM",NA,       261.153,  -655.015E-03,       239.985,       102.995,  -48.5789E-03,  -123.787E-03,            2.
D:/MoVerHu_Projekt/FE_Modell/FE-Abaqus-Model/Job-19.odb,Step-163,Increment      6: Step Time =    1.000,"LAGERSITZ_NEU-1",          4122,             4,          6865,      -115.584,       45.6027,      -3.84439,"ASSEMBLY_LAGERSITZ_NEU-1_SET-GEHAEUSE","ALUMINIUM",NA,       261.153,  -655.015E-03,       239.985,       102.995,  -48.5789E-03,  -123.787E-03,            2.
D:/MoVerHu_Projekt/FE_Modell/FE-Abaqus-Model/Job-19.odb,Step-163,Increment      6: Step Time =    1.000,"LAGERSITZ_NEU-1",          4120,             4,          6866,      -118.984,       44.3116,      -1.05368,"ASSEMBLY_LAGERSITZ_NEU-1_SET-GEHAEUSE","ALUMINIUM",NA,       116.464,  -267.549E-03,       104.194,       52.0333,  -87.7465E-03,  -167.027E-03,            2.
D:/MoVerHu_Projekt/FE_Modell/FE-Abaqus-Model/Job-19.odb,Step-163,Increment      6: Step Time =    1.000,"LAGERSITZ_NEU-1",          4123,             4,          6866,      -118.984,       44.3116,      -1.05368,"ASSEMBLY_LAGERSITZ_NEU-1_SET-GEHAEUSE","ALUMINIUM",NA,       116.464,  -267.549E-03,       104.194,       52.0333,  -87.7465E-03,  -167.027E-03,            2.
D:/MoVerHu_Projekt/FE_Modell/FE-Abaqus-Model/Job-19.odb,Step-163,Increment      6: Step Time =    1.000,"LAGERSITZ_NEU-1",          4121,             4,          6866,      -118.984,       44.3116,      -1.05368,"ASSEMBLY_LAGERSITZ_NEU-1_SET-GEHAEUSE","ALUMINIUM",NA,       116.464,  -267.549E-03,       104.194,       52.0333,  -87.7465E-03,  -167.027E-03,            2.
D:/MoVerHu_Projekt/FE_Modell/FE-Abaqus-Model/Job-19.odb,Step-163,Increment      6: Step Time =    1.000,"LAGERSITZ_NEU-1",          4124,             4,          6866,      -118.984,       44.3116,      -1.05368,"ASSEMBLY_LAGERSITZ_NEU-1_SET-GEHAEUSE","ALUMINIUM",NA,       116.464,  -267.549E-03,       104.194,       52.0333,  -87.7465E-03,  -167.027E-03,            2.
D:/MoVerHu_Projekt/FE_Modell/FE-Abaqus-Model/Job-19.odb,Step-163,Increment      6: Step Time =    1.000,"LAGERSITZ_NEU-1",          4121,             4,          6867,      -115.584,       44.3116,      -1.05368,"ASSEMBLY_LAGERSITZ_NEU-1_SET-GEHAEUSE","ALUMINIUM",NA,       199.340,  -450.520E-03,       178.385,       88.9650,  -84.2303E-03,  -138.746E-03,            2.
D:/MoVerHu_Projekt/FE_Modell/FE-Abaqus-Model/Job-19.odb,Step-163,Increment      6: Step Time =    1.000,"LAGERSITZ_NEU-1",          4124,             4,          6867,      -115.584,       44.3116,      -1.05368,"ASSEMBLY_LAGERSITZ_NEU-1_SET-GEHAEUSE","ALUMINIUM",NA,       199.340,  -450.520E-03,       178.385,       88.9650,  -84.2303E-03,  -138.746E-03,            2.
D:/MoVerHu_Projekt/FE_Modell/FE-Abaqus-Model/Job-19.odb,Step-163,Increment      6: Step Time =    1.000,"LAGERSITZ_NEU-1",          4122,             4,          6867,      -115.584,       44.3116,      -1.05368,"ASSEMBLY_LAGERSITZ_NEU-1_SET-GEHAEUSE","ALUMINIUM",NA,       199.340,  -450.520E-03,       178.385,       88.9650,  -84.2303E-03,  -138.746E-03,            2.
D:/MoVerHu_Projekt/FE_Modell/FE-Abaqus-Model/Job-19.odb,Step-163,Increment      6: Step Time =    1.000,"LAGERSITZ_NEU-1",          4125,             4,          6867,      -115.584,       44.3116,      -1.05368,"ASSEMBLY_LAGERSITZ_NEU-1_SET-GEHAEUSE","ALUMINIUM",NA,       199.340,  -450.520E-03,       178.385,       88.9650,  -84.2303E-03,  -138.746E-03,            2.
D:/MoVerHu_Projekt/FE_Modell/FE-Abaqus-Model/Job-19.odb,Step-163,Increment      6: Step Time =    1.000,"LAGERSITZ_NEU-1",          4123,             4,          6868,      -118.984,       42.8665,       1.66051,"ASSEMBLY_LAGERSITZ_NEU-1_SET-GEHAEUSE","ALUMINIUM",NA,       198.792,  -407.843E-03,       172.427,       98.9296,  -76.7724E-03,  -90.6910E-03,            2.
D:/MoVerHu_Projekt/FE_Modell/FE-Abaqus-Model/Job-19.odb,Step-163,Increment      6: Step Time =    1.000,"LAGERSITZ_NEU-1",          4127,             4,          6868,      -118.984,       42.8665,       1.66051,"ASSEMBLY_LAGERSITZ_NEU-1_SET-GEHAEUSE","ALUMINIUM",NA,       198.792,  -407.843E-03,       172.427,       98.9296,  -76.7724E-03,  -90.6910E-03,            2.
D:/MoVerHu_Projekt/FE_Modell/FE-Abaqus-Model/Job-19.odb,Step-163,Increment      6: Step Time =    1.000,"LAGERSITZ_NEU-1",          4126,             4,          6868,      -118.984,       42.8665,       1.66051,"ASSEMBLY_LAGERSITZ_NEU-1_SET-GEHAEUSE","ALUMINIUM",NA,       198.792,  -407.843E-03,       172.427,       98.9296,  -76.7724E-03,  -90.6910E-03,            2.
D:/MoVerHu_Projekt/FE_Modell/FE-Abaqus-Model/Job-19.odb,Step-163,Increment      6: Step Time =    1.000,"LAGERSITZ_NEU-1",          4124,             4,          6868,      -118.984,       42.8665,       1.66051,"ASSEMBLY_LAGERSITZ_NEU-1_SET-GEHAEUSE","ALUMINIUM",NA,       198.792,  -407.843E-03,       172.427,       98.9296,  -76.7724E-03,  -90.6910E-03,            2.
D:/MoVerHu_Projekt/FE_Modell/FE-Abaqus-Model/Job-19.odb,Step-163,Increment      6: Step Time =    1.000,"LAGERSITZ_NEU-1",          4128,             4,          6869,      -115.584,       42.8665,       1.66051,"ASSEMBLY_LAGERSITZ_NEU-1_SET-GEHAEUSE","ALUMINIUM",NA,       293.692,  -582.113E-03,       254.814,       146.028,  -54.6503E-03,  -55.8699E-03,            2.
D:/MoVerHu_Projekt/FE_Modell/FE-Abaqus-Model/Job-19.odb,Step-163,Increment      6: Step Time =    1.000,"LAGERSITZ_NEU-1",          4125,             4,          6869,      -115.584,       42.8665,       1.66051,"ASSEMBLY_LAGERSITZ_NEU-1_SET-GEHAEUSE","ALUMINIUM",NA,       293.692,  -582.113E-03,       254.814,       146.028,  -54.6503E-03,  -55.8699E-03,            2.
D:/MoVerHu_Projekt/FE_Modell/FE-Abaqus-Model/Job-19.odb,Step-163,Increment      6: Step Time =    1.000,"LAGERSITZ_NEU-1",          4127,             4,          6869,      -115.584,       42.8665,       1.66051,"ASSEMBLY_LAGERSITZ_NEU-1_SET-GEHAEUSE","ALUMINIUM",NA,       293.692,  -582.113E-03,       254.814,       146.028,  -54.6503E-03,  -55.8699E-03,            2.
D:/MoVerHu_Projekt/FE_Modell/FE-Abaqus-Model/Job-19.odb,Step-163,Increment      6: Step Time =    1.000,"LAGERSITZ_NEU-1",          4124,             4,          6869,      -115.584,       42.8665,       1.66051,"ASSEMBLY_LAGERSITZ_NEU-1_SET-GEHAEUSE","ALUMINIUM",NA,       293.692,  -582.113E-03,       254.814,       146.028,  -54.6503E-03,  -55.8699E-03,            2.
D:/MoVerHu_Projekt/FE_Modell/FE-Abaqus-Model/Job-19.odb,Step-163,Increment      6: Step Time =    1.000,"LAGERSITZ_NEU-1",          4129,             4,          6870,      -118.984,       41.2721,       4.28970,"ASSEMBLY_LAGERSITZ_NEU-1_SET-GEHAEUSE","ALUMINIUM",NA,       224.837,  -411.460E-03,       189.178,       121.504,  -46.9485E-03,  -41.3458E-03,            1.
D:/MoVerHu_Projekt/FE_Modell/FE-Abaqus-Model/Job-19.odb,Step-163,Increment      6: Step Time =    1.000,"LAGERSITZ_NEU-1",          4126,             4,          6870,      -118.984,       41.2721,       4.28970,"ASSEMBLY_LAGERSITZ_NEU-1_SET-GEHAEUSE","ALUMINIUM",NA,       224.837,  -411.460E-03,       189.178,       121.504,  -46.9485E-03,  -41.3458E-03,            1.
D:/MoVerHu_Projekt/FE_Modell/FE-Abaqus-Model/Job-19.odb,Step-163,Increment      6: Step Time =    1.000,"LAGERSITZ_NEU-1",          4127,             4,          6870,      -118.984,       41.2721,       4.28970,"ASSEMBLY_LAGERSITZ_NEU-1_SET-GEHAEUSE","ALUMINIUM",NA,       224.837,  -411.460E-03,       189.178,       121.504,  -46.9485E-03,  -41.3458E-03,            1.
D:/MoVerHu_Projekt/FE_Modell/FE-Abaqus-Model/Job-19.odb,Step-163,Increment      6: Step Time =    1.000,"LAGERSITZ_NEU-1",          4130,             4,          6870,      -118.984,       41.2721,       4.28970,"ASSEMBLY_LAGERSITZ_NEU-1_SET-GEHAEUSE","ALUMINIUM",NA,       224.837,  -411.460E-03,       189.178,       121.504,  -46.9485E-03,  -41.3458E-03,            1.
D:/MoVerHu_Projekt/FE_Modell/FE-Abaqus-Model/Job-19.odb,Step-163,Increment      6: Step Time =    1.000,"LAGERSITZ_NEU-1",          4127,             4,          6871,      -115.584,       41.2721,       4.28970,"ASSEMBLY_LAGERSITZ_NEU-1_SET-GEHAEUSE","ALUMINIUM",NA,       311.824,  -541.890E-03,       262.340,       168.557,  -40.4584E-03,  -34.3903E-03,            1.
D:/MoVerHu_Projekt/FE_Modell/FE-Abaqus-Model/Job-19.odb,Step-163,Increment      6: Step Time =    1.000,"LAGERSITZ_NEU-1",          4128,             4,          6871,      -115.584,       41.2721,       4.28970,"ASSEMBLY_LAGERSITZ_NEU-1_SET-GEHAEUSE","ALUMINIUM",NA,       311.824,  -541.890E-03,       262.340,       168.557,  -40.4584E-03,  -34.3903E-03,            1.
D:/MoVerHu_Projekt/FE_Modell/FE-Abaqus-Model/Job-19.odb,Step-163,Increment      6: Step Time =    1.000,"LAGERSITZ_NEU-1",          4131,             4,          6871,      -115.584,       41.2721,       4.28970,"ASSEMBLY_LAGERSITZ_NEU-1_SET-GEHAEUSE","ALUMINIUM",NA,       311.824,  -541.890E-03,       262.340,       168.557,  -40.4584E-03,  -34.3903E-03,            1.
D:/MoVerHu_Projekt/FE_Modell/FE-Abaqus-Model/Job-19.odb,Step-163,Increment      6: Step Time =    1.000,"LAGERSITZ_NEU-1",          4130,             4,          6871,      -115.584,       41.2721,       4.28970,"ASSEMBLY_LAGERSITZ_NEU-1_SET-GEHAEUSE","ALUMINIUM",NA,       311.824,  -541.890E-03,       262.340,       168.557,  -40.4584E-03,  -34.3903E-03,            1.
D:/MoVerHu_Projekt/FE_Modell/FE-Abaqus-Model/Job-19.odb,Step-163,Increment      6: Step Time =    1.000,"LAGERSITZ_NEU-1",          4130,             4,          6872,      -118.984,       39.5332,       6.82567,"ASSEMBLY_LAGERSITZ_NEU-1_SET-GEHAEUSE","ALUMINIUM",NA,       33.2135,  -54.2844E-03,       27.3651,       18.8226,  -1.81625E-15,   292.114E-18,       NoValue
D:/MoVerHu_Projekt/FE_Modell/FE-Abaqus-Model/Job-19.odb,Step-163,Increment      6: Step Time =    1.000,"LAGERSITZ_NEU-1",          4129,             4,          6872,      -118.984,       39.5332,       6.82567,"ASSEMBLY_LAGERSITZ_NEU-1_SET-GEHAEUSE","ALUMINIUM",NA,       33.2135,  -54.2844E-03,       27.3651,       18.8226,  -1.81625E-15,   292.114E-18,       NoValue
D:/MoVerHu_Projekt/FE_Modell/FE-Abaqus-Model/Job-19.odb,Step-163,Increment      6: Step Time =    1.000,"LAGERSITZ_NEU-1",          4132,             4,          6872,      -118.984,       39.5332,       6.82567,"ASSEMBLY_LAGERSITZ_NEU-1_SET-GEHAEUSE","ALUMINIUM",NA,       33.2135,  -54.2844E-03,       27.3651,       18.8226,  -1.81625E-15,   292.114E-18,       NoValue
D:/MoVerHu_Projekt/FE_Modell/FE-Abaqus-Model/Job-19.odb,Step-163,Increment      6: Step Time =    1.000,"LAGERSITZ_NEU-1",          4133,             4,          6872,      -118.984,       39.5332,       6.82567,"ASSEMBLY_LAGERSITZ_NEU-1_SET-GEHAEUSE","ALUMINIUM",NA,       33.2135,  -54.2844E-03,       27.3651,       18.8226,  -1.81625E-15,   292.114E-18,       NoValue
D:/MoVerHu_Projekt/FE_Modell/FE-Abaqus-Model/Job-19.odb,Step-163,Increment      6: Step Time =    1.000,"LAGERSITZ_NEU-1",          4130,             4,          6873,      -115.584,       39.5332,       6.82567,"ASSEMBLY_LAGERSITZ_NEU-1_SET-GEHAEUSE","ALUMINIUM",NA,       51.0972,  -80.8217E-03,       41.9999,       29.1020,  -24.5403E-03,  -23.0945E-03,       NoValue
D:/MoVerHu_Projekt/FE_Modell/FE-Abaqus-Model/Job-19.odb,Step-163,Increment      6: Step Time =    1.000,"LAGERSITZ_NEU-1",          4134,             4,          6873,      -115.584,       39.5332,       6.82567,"ASSEMBLY_LAGERSITZ_NEU-1_SET-GEHAEUSE","ALUMINIUM",NA,       51.0972,  -80.8217E-03,       41.9999,       29.1020,  -24.5403E-03,  -23.0945E-03,       NoValue
D:/MoVerHu_Projekt/FE_Modell/FE-Abaqus-Model/Job-19.odb,Step-163,Increment      6: Step Time =    1.000,"LAGERSITZ_NEU-1",          4133,             4,          6873,      -115.584,       39.5332,       6.82567,"ASSEMBLY_LAGERSITZ_NEU-1_SET-GEHAEUSE","ALUMINIUM",NA,       51.0972,  -80.8217E-03,       41.9999,       29.1020,  -24.5403E-03,  -23.0945E-03,       NoValue
D:/MoVerHu_Projekt/FE_Modell/FE-Abaqus-Model/Job-19.odb,Step-163,Increment      6: Step Time =    1.000,"LAGERSITZ_NEU-1",          4131,             4,          6873,      -115.584,       39.5332,       6.82567,"ASSEMBLY_LAGERSITZ_NEU-1_SET-GEHAEUSE","ALUMINIUM",NA,       51.0972,  -80.8217E-03,       41.9999,       29.1020,  -24.5403E-03,  -23.0945E-03,       NoValue
D:/MoVerHu_Projekt/FE_Modell/FE-Abaqus-Model/Job-19.odb,Step-163,Increment      6: Step Time =    1.000,"LAGERSITZ_NEU-1",          4132,             4,          6874,      -118.984,       37.6552,       9.26050,"ASSEMBLY_LAGERSITZ_NEU-1_SET-GEHAEUSE","ALUMINIUM",NA,            0.,            0.,            0.,            0.,   1.17096E-15,  -2.93630E-15,       NoValue
D:/MoVerHu_Projekt/FE_Modell/FE-Abaqus-Model/Job-19.odb,Step-163,Increment      6: Step Time =    1.000,"LAGERSITZ_NEU-1",          4135,             4,          6874,      -118.984,       37.6552,       9.26050,"ASSEMBLY_LAGERSITZ_NEU-1_SET-GEHAEUSE","ALUMINIUM",NA,            0.,            0.,            0.,            0.,   1.17096E-15,  -2.93630E-15,       NoValue
D:/MoVerHu_Projekt/FE_Modell/FE-Abaqus-Model/Job-19.odb,Step-163,Increment      6: Step Time =    1.000,"LAGERSITZ_NEU-1",          4136,             4,          6874,      -118.984,       37.6552,       9.26050,"ASSEMBLY_LAGERSITZ_NEU-1_SET-GEHAEUSE","ALUMINIUM",NA,            0.,            0.,            0.,            0.,   1.17096E-15,  -2.93630E-15,       NoValue
D:/MoVerHu_Projekt/FE_Modell/FE-Abaqus-Model/Job-19.odb,Step-163,Increment      6: Step Time =    1.000,"LAGERSITZ_NEU-1",          4133,             4,          6874,      -118.984,       37.6552,       9.26050,"ASSEMBLY_LAGERSITZ_NEU-1_SET-GEHAEUSE","ALUMINIUM",NA,            0.,            0.,            0.,            0.,   1.17096E-15,  -2.93630E-15,       NoValue
D:/MoVerHu_Projekt/FE_Modell/FE-Abaqus-Model/Job-19.odb,Step-163,Increment      6: Step Time =    1.000,"LAGERSITZ_NEU-1",          4136,             4,          6875,      -115.584,       37.6552,       9.26050,"ASSEMBLY_LAGERSITZ_NEU-1_SET-GEHAEUSE","ALUMINIUM",NA,       1.14566,  -1.41020E-03,   898.973E-03,   710.191E-03,  -1.62013E-15,  -2.90398E-15,       NoValue
D:/MoVerHu_Projekt/FE_Modell/FE-Abaqus-Model/Job-19.odb,Step-163,Increment      6: Step Time =    1.000,"LAGERSITZ_NEU-1",          4137,             4,          6875,      -115.584,       37.6552,       9.26050,"ASSEMBLY_LAGERSITZ_NEU-1_SET-GEHAEUSE","ALUMINIUM",NA,       1.14566,  -1.41020E-03,   898.973E-03,   710.191E-03,  -1.62013E-15,  -2.90398E-15,       NoValue
D:/MoVerHu_Projekt/FE_Modell/FE-Abaqus-Model/Job-19.odb,Step-163,Increment      6: Step Time =    1.000,"LAGERSITZ_NEU-1",          4133,             4,          6875,      -115.584,       37.6552,       9.26050,"ASSEMBLY_LAGERSITZ_NEU-1_SET-GEHAEUSE","ALUMINIUM",NA,       1.14566,  -1.41020E-03,   898.973E-03,   710.191E-03,  -1.62013E-15,  -2.90398E-15,       NoValue
D:/MoVerHu_Projekt/FE_Modell/FE-Abaqus-Model/Job-19.odb,Step-163,Increment      6: Step Time =    1.000,"LAGERSITZ_NEU-1",          4134,             4,          6875,      -115.584,       37.6552,       9.26050,"ASSEMBLY_LAGERSITZ_NEU-1_SET-GEHAEUSE","ALUMINIUM",NA,       1.14566,  -1.41020E-03,   898.973E-03,   710.191E-03,  -1.62013E-15,  -2.90398E-15,       NoValue
D:/MoVerHu_Projekt/FE_Modell/FE-Abaqus-Model/Job-19.odb,Step-163,Increment      6: Step Time =    1.000,"LAGERSITZ_NEU-1",          4139,             4,          6876,      -118.984,       35.6442,       11.5866,"ASSEMBLY_LAGERSITZ_NEU-1_SET-GEHAEUSE","ALUMINIUM",NA,       6.64912,  -5.36175E-03,       4.77727,       4.62476,   2.48903E-15,  -2.64334E-15,       NoValue
D:/MoVerHu_Projekt/FE_Modell/FE-Abaqus-Model/Job-19.odb,Step-163,Increment      6: Step Time =    1.000,"LAGERSITZ_NEU-1",          4136,             4,          6876,      -118.984,       35.6442,       11.5866,"ASSEMBLY_LAGERSITZ_NEU-1_SET-GEHAEUSE","ALUMINIUM",NA,       6.64912,  -5.36175E-03,       4.77727,       4.62476,   2.48903E-15,  -2.64334E-15,       NoValue
D:/MoVerHu_Projekt/FE_Modell/FE-Abaqus-Model/Job-19.odb,Step-163,Increment      6: Step Time =    1.000,"LAGERSITZ_NEU-1",          4138,             4,          6876,      -118.984,       35.6442,       11.5866,"ASSEMBLY_LAGERSITZ_NEU-1_SET-GEHAEUSE","ALUMINIUM",NA,       6.64912,  -5.36175E-03,       4.77727,       4.62476,   2.48903E-15,  -2.64334E-15,       NoValue
D:/MoVerHu_Projekt/FE_Modell/FE-Abaqus-Model/Job-19.odb,Step-163,Increment      6: Step Time =    1.000,"LAGERSITZ_NEU-1",          4135,             4,          6876,      -118.984,       35.6442,       11.5866,"ASSEMBLY_LAGERSITZ_NEU-1_SET-GEHAEUSE","ALUMINIUM",NA,       6.64912,  -5.36175E-03,       4.77727,       4.62476,   2.48903E-15,  -2.64334E-15,       NoValue
D:/MoVerHu_Projekt/FE_Modell/FE-Abaqus-Model/Job-19.odb,Step-163,Increment      6: Step Time =    1.000,"LAGERSITZ_NEU-1",          4137,             4,          6877,      -115.584,       35.6442,       11.5866,"ASSEMBLY_LAGERSITZ_NEU-1_SET-GEHAEUSE","ALUMINIUM",NA,       16.3219,  -13.5913E-03,       11.7528,       11.3260,  -788.921E-18,  -2.28890E-15,       NoValue
D:/MoVerHu_Projekt/FE_Modell/FE-Abaqus-Model/Job-19.odb,Step-163,Increment      6: Step Time =    1.000,"LAGERSITZ_NEU-1",          4136,             4,          6877,      -115.584,       35.6442,       11.5866,"ASSEMBLY_LAGERSITZ_NEU-1_SET-GEHAEUSE","ALUMINIUM",NA,       16.3219,  -13.5913E-03,       11.7528,       11.3260,  -788.921E-18,  -2.28890E-15,       NoValue
D:/MoVerHu_Projekt/FE_Modell/FE-Abaqus-Model/Job-19.odb,Step-163,Increment      6: Step Time =    1.000,"LAGERSITZ_NEU-1",          4139,             4,          6877,      -115.584,       35.6442,       11.5866,"ASSEMBLY_LAGERSITZ_NEU-1_SET-GEHAEUSE","ALUMINIUM",NA,       16.3219,  -13.5913E-03,       11.7528,       11.3260,  -788.921E-18,  -2.28890E-15,       NoValue
D:/MoVerHu_Projekt/FE_Modell/FE-Abaqus-Model/Job-19.odb,Step-163,Increment      6: Step Time =    1.000,"LAGERSITZ_NEU-1",          4140,             4,          6877,      -115.584,       35.6442,       11.5866,"ASSEMBLY_LAGERSITZ_NEU-1_SET-GEHAEUSE","ALUMINIUM",NA,       16.3219,  -13.5913E-03,       11.7528,       11.3260,  -788.921E-18,  -2.28890E-15,       NoValue
D:/MoVerHu_Projekt/FE_Modell/FE-Abaqus-Model/Job-19.odb,Step-163,Increment      6: Step Time =    1.000,"LAGERSITZ_NEU-1",          4138,             4,          6878,      -118.984,       33.5063,       13.7966,"ASSEMBLY_LAGERSITZ_NEU-1_SET-GEHAEUSE","ALUMINIUM",NA,       56.9532,  -42.2384E-03,       39.4585,       41.0694,  -294.707E-03,  -220.153E-03,            2.
D:/MoVerHu_Projekt/FE_Modell/FE-Abaqus-Model/Job-19.odb,Step-163,Increment      6: Step Time =    1.000,"LAGERSITZ_NEU-1",          4142,             4,          6878,      -118.984,       33.5063,       13.7966,"ASSEMBLY_LAGERSITZ_NEU-1_SET-GEHAEUSE","ALUMINIUM",NA,       56.9532,  -42.2384E-03,       39.4585,       41.0694,  -294.707E-03,  -220.153E-03,            2.
D:/MoVerHu_Projekt/FE_Modell/FE-Abaqus-Model/Job-19.odb,Step-163,Increment      6: Step Time =    1.000,"LAGERSITZ_NEU-1",          4141,             4,          6878,      -118.984,       33.5063,       13.7966,"ASSEMBLY_LAGERSITZ_NEU-1_SET-GEHAEUSE","ALUMINIUM",NA,       56.9532,  -42.2384E-03,       39.4585,       41.0694,  -294.707E-03,  -220.153E-03,            2.
D:/MoVerHu_Projekt/FE_Modell/FE-Abaqus-Model/Job-19.odb,Step-163,Increment      6: Step Time =    1.000,"LAGERSITZ_NEU-1",          4139,             4,          6878,      -118.984,       33.5063,       13.7966,"ASSEMBLY_LAGERSITZ_NEU-1_SET-GEHAEUSE","ALUMINIUM",NA,       56.9532,  -42.2384E-03,       39.4585,       41.0694,  -294.707E-03,  -220.153E-03,            2.
D:/MoVerHu_Projekt/FE_Modell/FE-Abaqus-Model/Job-19.odb,Step-163,Increment      6: Step Time =    1.000,"LAGERSITZ_NEU-1",          4140,             4,          6879,      -115.584,       33.5063,       13.7966,"ASSEMBLY_LAGERSITZ_NEU-1_SET-GEHAEUSE","ALUMINIUM",NA,       110.201,  -81.7412E-03,       76.6069,       79.2186,  -405.732E-03,  -316.914E-03,            1.
D:/MoVerHu_Projekt/FE_Modell/FE-Abaqus-Model/Job-19.odb,Step-163,Increment      6: Step Time =    1.000,"LAGERSITZ_NEU-1",          4143,             4,          6879,      -115.584,       33.5063,       13.7966,"ASSEMBLY_LAGERSITZ_NEU-1_SET-GEHAEUSE","ALUMINIUM",NA,       110.201,  -81.7412E-03,       76.6069,       79.2186,  -405.732E-03,  -316.914E-03,            1.
D:/MoVerHu_Projekt/FE_Modell/FE-Abaqus-Model/Job-19.odb,Step-163,Increment      6: Step Time =    1.000,"LAGERSITZ_NEU-1",          4139,             4,          6879,      -115.584,       33.5063,       13.7966,"ASSEMBLY_LAGERSITZ_NEU-1_SET-GEHAEUSE","ALUMINIUM",NA,       110.201,  -81.7412E-03,       76.6069,       79.2186,  -405.732E-03,  -316.914E-03,            1.
D:/MoVerHu_Projekt/FE_Modell/FE-Abaqus-Model/Job-19.odb,Step-163,Increment      6: Step Time =    1.000,"LAGERSITZ_NEU-1",          4142,             4,          6879,      -115.584,       33.5063,       13.7966,"ASSEMBLY_LAGERSITZ_NEU-1_SET-GEHAEUSE","ALUMINIUM",NA,       110.201,  -81.7412E-03,       76.6069,       79.2186,  -405.732E-03,  -316.914E-03,            1.
D:/MoVerHu_Projekt/FE_Modell/FE-Abaqus-Model/Job-19.odb,Step-163,Increment      6: Step Time =    1.000,"LAGERSITZ_NEU-1",          4142,             4,          6880,      -118.984,       31.2482,       15.8838,"ASSEMBLY_LAGERSITZ_NEU-1_SET-GEHAEUSE","ALUMINIUM",NA,       109.057,  -65.4920E-03,       71.8799,       82.0170,  -314.210E-03,  -233.193E-03,            1.
D:/MoVerHu_Projekt/FE_Modell/FE-Abaqus-Model/Job-19.odb,Step-163,Increment      6: Step Time =    1.000,"LAGERSITZ_NEU-1",          4141,             4,          6880,      -118.984,       31.2482,       15.8838,"ASSEMBLY_LAGERSITZ_NEU-1_SET-GEHAEUSE","ALUMINIUM",NA,       109.057,  -65.4920E-03,       71.8799,       82.0170,  -314.210E-03,  -233.193E-03,            1.
D:/MoVerHu_Projekt/FE_Modell/FE-Abaqus-Model/Job-19.odb,Step-163,Increment      6: Step Time =    1.000,"LAGERSITZ_NEU-1",          4144,             4,          6880,      -118.984,       31.2482,       15.8838,"ASSEMBLY_LAGERSITZ_NEU-1_SET-GEHAEUSE","ALUMINIUM",NA,       109.057,  -65.4920E-03,       71.8799,       82.0170,  -314.210E-03,  -233.193E-03,            1.
D:/MoVerHu_Projekt/FE_Modell/FE-Abaqus-Model/Job-19.odb,Step-163,Increment      6: Step Time =    1.000,"LAGERSITZ_NEU-1",          4145,             4,          6880,      -118.984,       31.2482,       15.8838,"ASSEMBLY_LAGERSITZ_NEU-1_SET-GEHAEUSE","ALUMINIUM",NA,       109.057,  -65.4920E-03,       71.8799,       82.0170,  -314.210E-03,  -233.193E-03,            1.
D:/MoVerHu_Projekt/FE_Modell/FE-Abaqus-Model/Job-19.odb,Step-163,Increment      6: Step Time =    1.000,"LAGERSITZ_NEU-1",          4145,             4,          6881,      -115.584,       31.2482,       15.8838,"ASSEMBLY_LAGERSITZ_NEU-1_SET-GEHAEUSE","ALUMINIUM",NA,       134.541,  -73.6794E-03,       88.8032,       101.070,  -387.397E-03,  -292.670E-03,            1.
D:/MoVerHu_Projekt/FE_Modell/FE-Abaqus-Model/Job-19.odb,Step-163,Increment      6: Step Time =    1.000,"LAGERSITZ_NEU-1",          4143,             4,          6881,      -115.584,       31.2482,       15.8838,"ASSEMBLY_LAGERSITZ_NEU-1_SET-GEHAEUSE","ALUMINIUM",NA,       134.541,  -73.6794E-03,       88.8032,       101.070,  -387.397E-03,  -292.670E-03,            1.
D:/MoVerHu_Projekt/FE_Modell/FE-Abaqus-Model/Job-19.odb,Step-163,Increment      6: Step Time =    1.000,"LAGERSITZ_NEU-1",          4146,             4,          6881,      -115.584,       31.2482,       15.8838,"ASSEMBLY_LAGERSITZ_NEU-1_SET-GEHAEUSE","ALUMINIUM",NA,       134.541,  -73.6794E-03,       88.8032,       101.070,  -387.397E-03,  -292.670E-03,            1.
D:/MoVerHu_Projekt/FE_Modell/FE-Abaqus-Model/Job-19.odb,Step-163,Increment      6: Step Time =    1.000,"LAGERSITZ_NEU-1",          4142,             4,          6881,      -115.584,       31.2482,       15.8838,"ASSEMBLY_LAGERSITZ_NEU-1_SET-GEHAEUSE","ALUMINIUM",NA,       134.541,  -73.6794E-03,       88.8032,       101.070,  -387.397E-03,  -292.670E-03,            1.
D:/MoVerHu_Projekt/FE_Modell/FE-Abaqus-Model/Job-19.odb,Step-163,Increment      6: Step Time =    1.000,"LAGERSITZ_NEU-1",          4148,             4,          6882,      -118.984,       28.8770,       17.8414,"ASSEMBLY_LAGERSITZ_NEU-1_SET-GEHAEUSE","ALUMINIUM",NA,       17.0741,  -8.96595E-03,       10.8675,       13.1690,  -3.08547E-15,   1.21323E-15,       NoValue
D:/MoVerHu_Projekt/FE_Modell/FE-Abaqus-Model/Job-19.odb,Step-163,Increment      6: Step Time =    1.000,"LAGERSITZ_NEU-1",          4147,             4,          6882,      -118.984,       28.8770,       17.8414,"ASSEMBLY_LAGERSITZ_NEU-1_SET-GEHAEUSE","ALUMINIUM",NA,       17.0741,  -8.96595E-03,       10.8675,       13.1690,  -3.08547E-15,   1.21323E-15,       NoValue
D:/MoVerHu_Projekt/FE_Modell/FE-Abaqus-Model/Job-19.odb,Step-163,Increment      6: Step Time =    1.000,"LAGERSITZ_NEU-1",          4144,             4,          6882,      -118.984,       28.8770,       17.8414,"ASSEMBLY_LAGERSITZ_NEU-1_SET-GEHAEUSE","ALUMINIUM",NA,       17.0741,  -8.96595E-03,       10.8675,       13.1690,  -3.08547E-15,   1.21323E-15,       NoValue
D:/MoVerHu_Projekt/FE_Modell/FE-Abaqus-Model/Job-19.odb,Step-163,Increment      6: Step Time =    1.000,"LAGERSITZ_NEU-1",          4145,             4,          6882,      -118.984,       28.8770,       17.8414,"ASSEMBLY_LAGERSITZ_NEU-1_SET-GEHAEUSE","ALUMINIUM",NA,       17.0741,  -8.96595E-03,       10.8675,       13.1690,  -3.08547E-15,   1.21323E-15,       NoValue
D:/MoVerHu_Projekt/FE_Modell/FE-Abaqus-Model/Job-19.odb,Step-163,Increment      6: Step Time =    1.000,"LAGERSITZ_NEU-1",          4149,             4,          6883,      -115.584,       28.8770,       17.8414,"ASSEMBLY_LAGERSITZ_NEU-1_SET-GEHAEUSE","ALUMINIUM",NA,       19.9284,  -9.46407E-03,       12.6836,       15.3710,  -1.61498E-15,   767.027E-18,       NoValue
D:/MoVerHu_Projekt/FE_Modell/FE-Abaqus-Model/Job-19.odb,Step-163,Increment      6: Step Time =    1.000,"LAGERSITZ_NEU-1",          4148,             4,          6883,      -115.584,       28.8770,       17.8414,"ASSEMBLY_LAGERSITZ_NEU-1_SET-GEHAEUSE","ALUMINIUM",NA,       19.9284,  -9.46407E-03,       12.6836,       15.3710,  -1.61498E-15,   767.027E-18,       NoValue
D:/MoVerHu_Projekt/FE_Modell/FE-Abaqus-Model/Job-19.odb,Step-163,Increment      6: Step Time =    1.000,"LAGERSITZ_NEU-1",          4145,             4,          6883,      -115.584,       28.8770,       17.8414,"ASSEMBLY_LAGERSITZ_NEU-1_SET-GEHAEUSE","ALUMINIUM",NA,       19.9284,  -9.46407E-03,       12.6836,       15.3710,  -1.61498E-15,   767.027E-18,       NoValue
D:/MoVerHu_Projekt/FE_Modell/FE-Abaqus-Model/Job-19.odb,Step-163,Increment      6: Step Time =    1.000,"LAGERSITZ_NEU-1",          4146,             4,          6883,      -115.584,       28.8770,       17.8414,"ASSEMBLY_LAGERSITZ_NEU-1_SET-GEHAEUSE","ALUMINIUM",NA,       19.9284,  -9.46407E-03,       12.6836,       15.3710,  -1.61498E-15,   767.027E-18,       NoValue
D:/MoVerHu_Projekt/FE_Modell/FE-Abaqus-Model/Job-19.odb,Step-163,Increment      6: Step Time =    1.000,"LAGERSITZ_NEU-1",          4153,             4,          6884,      -118.984,       23.8707,       21.3165,"ASSEMBLY_LAGERSITZ_NEU-1_SET-GEHAEUSE","ALUMINIUM",NA,       45.8493,  -3.34173E-03,       23.9027,       39.1257,  -52.6218E-03,  -31.8930E-03,            1.
D:/MoVerHu_Projekt/FE_Modell/FE-Abaqus-Model/Job-19.odb,Step-163,Increment      6: Step Time =    1.000,"LAGERSITZ_NEU-1",          4154,             4,          6884,      -118.984,       23.8707,       21.3165,"ASSEMBLY_LAGERSITZ_NEU-1_SET-GEHAEUSE","ALUMINIUM",NA,       45.8493,  -3.34173E-03,       23.9027,       39.1257,  -52.6218E-03,  -31.8930E-03,            1.
D:/MoVerHu_Projekt/FE_Modell/FE-Abaqus-Model/Job-19.odb,Step-163,Increment      6: Step Time =    1.000,"LAGERSITZ_NEU-1",          4151,             4,          6884,      -118.984,       23.8707,       21.3165,"ASSEMBLY_LAGERSITZ_NEU-1_SET-GEHAEUSE","ALUMINIUM",NA,       45.8493,  -3.34173E-03,       23.9027,       39.1257,  -52.6218E-03,  -31.8930E-03,            1.
D:/MoVerHu_Projekt/FE_Modell/FE-Abaqus-Model/Job-19.odb,Step-163,Increment      6: Step Time =    1.000,"LAGERSITZ_NEU-1",          4150,             4,          6884,      -118.984,       23.8707,       21.3165,"ASSEMBLY_LAGERSITZ_NEU-1_SET-GEHAEUSE","ALUMINIUM",NA,       45.8493,  -3.34173E-03,       23.9027,       39.1257,  -52.6218E-03,  -31.8930E-03,            1.
D:/MoVerHu_Projekt/FE_Modell/FE-Abaqus-Model/Job-19.odb,Step-163,Increment      6: Step Time =    1.000,"LAGERSITZ_NEU-1",          4154,             4,          6885,      -115.584,       23.8707,       21.3165,"ASSEMBLY_LAGERSITZ_NEU-1_SET-GEHAEUSE","ALUMINIUM",NA,       4.69386,  -27.5743E-06,       2.44918,       4.00423,   454.582E-03,   294.652E-03,       NoValue
D:/MoVerHu_Projekt/FE_Modell/FE-Abaqus-Model/Job-19.odb,Step-163,Increment      6: Step Time =    1.000,"LAGERSITZ_NEU-1",          4151,             4,          6885,      -115.584,       23.8707,       21.3165,"ASSEMBLY_LAGERSITZ_NEU-1_SET-GEHAEUSE","ALUMINIUM",NA,       4.69386,  -27.5743E-06,       2.44918,       4.00423,   454.582E-03,   294.652E-03,       NoValue
D:/MoVerHu_Projekt/FE_Modell/FE-Abaqus-Model/Job-19.odb,Step-163,Increment      6: Step Time =    1.000,"LAGERSITZ_NEU-1",          4155,             4,          6885,      -115.584,       23.8707,       21.3165,"ASSEMBLY_LAGERSITZ_NEU-1_SET-GEHAEUSE","ALUMINIUM",NA,       4.69386,  -27.5743E-06,       2.44918,       4.00423,   454.582E-03,   294.652E-03,       NoValue
D:/MoVerHu_Projekt/FE_Modell/FE-Abaqus-Model/Job-19.odb,Step-163,Increment      6: Step Time =    1.000,"LAGERSITZ_NEU-1",          4152,             4,          6885,      -115.584,       23.8707,       21.3165,"ASSEMBLY_LAGERSITZ_NEU-1_SET-GEHAEUSE","ALUMINIUM",NA,       4.69386,  -27.5743E-06,       2.44918,       4.00423,   454.582E-03,   294.652E-03,       NoValue
D:/MoVerHu_Projekt/FE_Modell/FE-Abaqus-Model/Job-19.odb,Step-163,Increment      6: Step Time =    1.000,"LAGERSITZ_NEU-1",          4156,             4,          6886,      -118.984,       21.2543,       22.8280,"ASSEMBLY_LAGERSITZ_NEU-1_SET-GEHAEUSE","ALUMINIUM",NA,       35.3762,   2.97190E-03,       16.9603,       31.0454,  -202.839E-03,  -127.568E-03,            1.
D:/MoVerHu_Projekt/FE_Modell/FE-Abaqus-Model/Job-19.odb,Step-163,Increment      6: Step Time =    1.000,"LAGERSITZ_NEU-1",          4157,             4,          6886,      -118.984,       21.2543,       22.8280,"ASSEMBLY_LAGERSITZ_NEU-1_SET-GEHAEUSE","ALUMINIUM",NA,       35.3762,   2.97190E-03,       16.9603,       31.0454,  -202.839E-03,  -127.568E-03,            1.
D:/MoVerHu_Projekt/FE_Modell/FE-Abaqus-Model/Job-19.odb,Step-163,Increment      6: Step Time =    1.000,"LAGERSITZ_NEU-1",          4153,             4,          6886,      -118.984,       21.2543,       22.8280,"ASSEMBLY_LAGERSITZ_NEU-1_SET-GEHAEUSE","ALUMINIUM",NA,       35.3762,   2.97190E-03,       16.9603,       31.0454,  -202.839E-03,  -127.568E-03,            1.
D:/MoVerHu_Projekt/FE_Modell/FE-Abaqus-Model/Job-19.odb,Step-163,Increment      6: Step Time =    1.000,"LAGERSITZ_NEU-1",          4154,             4,          6886,      -118.984,       21.2543,       22.8280,"ASSEMBLY_LAGERSITZ_NEU-1_SET-GEHAEUSE","ALUMINIUM",NA,       35.3762,   2.97190E-03,       16.9603,       31.0454,  -202.839E-03,  -127.568E-03,            1.
D:/MoVerHu_Projekt/FE_Modell/FE-Abaqus-Model/Job-19.odb,Step-163,Increment      6: Step Time =    1.000,"LAGERSITZ_NEU-1",          4155,             4,          6887,      -115.584,       21.2543,       22.8280,"ASSEMBLY_LAGERSITZ_NEU-1_SET-GEHAEUSE","ALUMINIUM",NA,       2.80700,   121.898E-06,       1.35322,       2.45928,  -2.41704E-15,   1.72804E-15,       NoValue
D:/MoVerHu_Projekt/FE_Modell/FE-Abaqus-Model/Job-19.odb,Step-163,Increment      6: Step Time =    1.000,"LAGERSITZ_NEU-1",          4157,             4,          6887,      -115.584,       21.2543,       22.8280,"ASSEMBLY_LAGERSITZ_NEU-1_SET-GEHAEUSE","ALUMINIUM",NA,       2.80700,   121.898E-06,       1.35322,       2.45928,  -2.41704E-15,   1.72804E-15,       NoValue
D:/MoVerHu_Projekt/FE_Modell/FE-Abaqus-Model/Job-19.odb,Step-163,Increment      6: Step Time =    1.000,"LAGERSITZ_NEU-1",          4158,             4,          6887,      -115.584,       21.2543,       22.8280,"ASSEMBLY_LAGERSITZ_NEU-1_SET-GEHAEUSE","ALUMINIUM",NA,       2.80700,   121.898E-06,       1.35322,       2.45928,  -2.41704E-15,   1.72804E-15,       NoValue
D:/MoVerHu_Projekt/FE_Modell/FE-Abaqus-Model/Job-19.odb,Step-163,Increment      6: Step Time =    1.000,"LAGERSITZ_NEU-1",          4154,             4,          6887,      -115.584,       21.2543,       22.8280,"ASSEMBLY_LAGERSITZ_NEU-1_SET-GEHAEUSE","ALUMINIUM",NA,       2.80700,   121.898E-06,       1.35322,       2.45928,  -2.41704E-15,   1.72804E-15,       NoValue
D:/MoVerHu_Projekt/FE_Modell/FE-Abaqus-Model/Job-19.odb,Step-163,Increment      6: Step Time =    1.000,"LAGERSITZ_NEU-1",          4159,             4,          6888,      -118.984,       18.5588,       24.1936,"ASSEMBLY_LAGERSITZ_NEU-1_SET-GEHAEUSE","ALUMINIUM",NA,       18.2911,   3.71402E-03,       7.84398,       16.5238,  -1.29057E-15,  -150.668E-18,       NoValue
D:/MoVerHu_Projekt/FE_Modell/FE-Abaqus-Model/Job-19.odb,Step-163,Increment      6: Step Time =    1.000,"LAGERSITZ_NEU-1",          4156,             4,          6888,      -118.984,       18.5588,       24.1936,"ASSEMBLY_LAGERSITZ_NEU-1_SET-GEHAEUSE","ALUMINIUM",NA,       18.2911,   3.71402E-03,       7.84398,       16.5238,  -1.29057E-15,  -150.668E-18,       NoValue
D:/MoVerHu_Projekt/FE_Modell/FE-Abaqus-Model/Job-19.odb,Step-163,Increment      6: Step Time =    1.000,"LAGERSITZ_NEU-1",          4157,             4,          6888,      -118.984,       18.5588,       24.1936,"ASSEMBLY_LAGERSITZ_NEU-1_SET-GEHAEUSE","ALUMINIUM",NA,       18.2911,   3.71402E-03,       7.84398,       16.5238,  -1.29057E-15,  -150.668E-18,       NoValue
D:/MoVerHu_Projekt/FE_Modell/FE-Abaqus-Model/Job-19.odb,Step-163,Increment      6: Step Time =    1.000,"LAGERSITZ_NEU-1",          4160,             4,          6888,      -118.984,       18.5588,       24.1936,"ASSEMBLY_LAGERSITZ_NEU-1_SET-GEHAEUSE","ALUMINIUM",NA,       18.2911,   3.71402E-03,       7.84398,       16.5238,  -1.29057E-15,  -150.668E-18,       NoValue
D:/MoVerHu_Projekt/FE_Modell/FE-Abaqus-Model/Job-19.odb,Step-163,Increment      6: Step Time =    1.000,"LAGERSITZ_NEU-1",          4158,             4,          6889,      -115.584,       18.5588,       24.1936,"ASSEMBLY_LAGERSITZ_NEU-1_SET-GEHAEUSE","ALUMINIUM",NA,   347.213E-03,   26.1270E-06,   156.809E-03,   309.787E-03,   40.9372E-18,  -176.657E-18,       NoValue
D:/MoVerHu_Projekt/FE_Modell/FE-Abaqus-Model/Job-19.odb,Step-163,Increment      6: Step Time =    1.000,"LAGERSITZ_NEU-1",          4157,             4,          6889,      -115.584,       18.5588,       24.1936,"ASSEMBLY_LAGERSITZ_NEU-1_SET-GEHAEUSE","ALUMINIUM",NA,   347.213E-03,   26.1270E-06,   156.809E-03,   309.787E-03,   40.9372E-18,  -176.657E-18,       NoValue
D:/MoVerHu_Projekt/FE_Modell/FE-Abaqus-Model/Job-19.odb,Step-163,Increment      6: Step Time =    1.000,"LAGERSITZ_NEU-1",          4160,             4,          6889,      -115.584,       18.5588,       24.1936,"ASSEMBLY_LAGERSITZ_NEU-1_SET-GEHAEUSE","ALUMINIUM",NA,   347.213E-03,   26.1270E-06,   156.809E-03,   309.787E-03,   40.9372E-18,  -176.657E-18,       NoValue
D:/MoVerHu_Projekt/FE_Modell/FE-Abaqus-Model/Job-19.odb,Step-163,Increment      6: Step Time =    1.000,"LAGERSITZ_NEU-1",          4161,             4,          6889,      -115.584,       18.5588,       24.1936,"ASSEMBLY_LAGERSITZ_NEU-1_SET-GEHAEUSE","ALUMINIUM",NA,   347.213E-03,   26.1270E-06,   156.809E-03,   309.787E-03,   40.9372E-18,  -176.657E-18,       NoValue
D:/MoVerHu_Projekt/FE_Modell/FE-Abaqus-Model/Job-19.odb,Step-163,Increment      6: Step Time =    1.000,"LAGERSITZ_NEU-1",          4163,             4,          6890,      -118.984,       15.7924,       25.4091,"ASSEMBLY_LAGERSITZ_NEU-1_SET-GEHAEUSE","ALUMINIUM",NA,       23.0001,   7.67277E-03,       8.66176,       21.3068,   692.021E-03,   432.438E-03,       NoValue
D:/MoVerHu_Projekt/FE_Modell/FE-Abaqus-Model/Job-19.odb,Step-163,Increment      6: Step Time =    1.000,"LAGERSITZ_NEU-1",          4160,             4,          6890,      -118.984,       15.7924,       25.4091,"ASSEMBLY_LAGERSITZ_NEU-1_SET-GEHAEUSE","ALUMINIUM",NA,       23.0001,   7.67277E-03,       8.66176,       21.3068,   692.021E-03,   432.438E-03,       NoValue
D:/MoVerHu_Projekt/FE_Modell/FE-Abaqus-Model/Job-19.odb,Step-163,Increment      6: Step Time =    1.000,"LAGERSITZ_NEU-1",          4162,             4,          6890,      -118.984,       15.7924,       25.4091,"ASSEMBLY_LAGERSITZ_NEU-1_SET-GEHAEUSE","ALUMINIUM",NA,       23.0001,   7.67277E-03,       8.66176,       21.3068,   692.021E-03,   432.438E-03,       NoValue
D:/MoVerHu_Projekt/FE_Modell/FE-Abaqus-Model/Job-19.odb,Step-163,Increment      6: Step Time =    1.000,"LAGERSITZ_NEU-1",          4159,             4,          6890,      -118.984,       15.7924,       25.4091,"ASSEMBLY_LAGERSITZ_NEU-1_SET-GEHAEUSE","ALUMINIUM",NA,       23.0001,   7.67277E-03,       8.66176,       21.3068,   692.021E-03,   432.438E-03,       NoValue
D:/MoVerHu_Projekt/FE_Modell/FE-Abaqus-Model/Job-19.odb,Step-163,Increment      6: Step Time =    1.000,"LAGERSITZ_NEU-1",          4164,             4,          6891,      -115.584,       15.7924,       25.4091,"ASSEMBLY_LAGERSITZ_NEU-1_SET-GEHAEUSE","ALUMINIUM",NA,            0.,            0.,            0.,            0.,  -1.61474E-15,  -367.704E-18,       NoValue
D:/MoVerHu_Projekt/FE_Modell/FE-Abaqus-Model/Job-19.odb,Step-163,Increment      6: Step Time =    1.000,"LAGERSITZ_NEU-1",          4163,             4,          6891,      -115.584,       15.7924,       25.4091,"ASSEMBLY_LAGERSITZ_NEU-1_SET-GEHAEUSE","ALUMINIUM",NA,            0.,            0.,            0.,            0.,  -1.61474E-15,  -367.704E-18,       NoValue
D:/MoVerHu_Projekt/FE_Modell/FE-Abaqus-Model/Job-19.odb,Step-163,Increment      6: Step Time =    1.000,"LAGERSITZ_NEU-1",          4161,             4,          6891,      -115.584,       15.7924,       25.4091,"ASSEMBLY_LAGERSITZ_NEU-1_SET-GEHAEUSE","ALUMINIUM",NA,            0.,            0.,            0.,            0.,  -1.61474E-15,  -367.704E-18,       NoValue
D:/MoVerHu_Projekt/FE_Modell/FE-Abaqus-Model/Job-19.odb,Step-163,Increment      6: Step Time =    1.000,"LAGERSITZ_NEU-1",          4160,             4,          6891,      -115.584,       15.7924,       25.4091,"ASSEMBLY_LAGERSITZ_NEU-1_SET-GEHAEUSE","ALUMINIUM",NA,            0.,            0.,            0.,            0.,  -1.61474E-15,  -367.704E-18,       NoValue
D:/MoVerHu_Projekt/FE_Modell/FE-Abaqus-Model/Job-19.odb,Step-163,Increment      6: Step Time =    1.000,"LAGERSITZ_NEU-1",          4166,             4,          6892,      -118.984,       12.9634,       26.4708,"ASSEMBLY_LAGERSITZ_NEU-1_SET-GEHAEUSE","ALUMINIUM",NA,       15.7474,   4.70477E-03,       5.20838,       14.8611,  -2.61434E-15,  -1.68175E-15,       NoValue
D:/MoVerHu_Projekt/FE_Modell/FE-Abaqus-Model/Job-19.odb,Step-163,Increment      6: Step Time =    1.000,"LAGERSITZ_NEU-1",          4163,             4,          6892,      -118.984,       12.9634,       26.4708,"ASSEMBLY_LAGERSITZ_NEU-1_SET-GEHAEUSE","ALUMINIUM",NA,       15.7474,   4.70477E-03,       5.20838,       14.8611,  -2.61434E-15,  -1.68175E-15,       NoValue
D:/MoVerHu_Projekt/FE_Modell/FE-Abaqus-Model/Job-19.odb,Step-163,Increment      6: Step Time =    1.000,"LAGERSITZ_NEU-1",          4162,             4,          6892,      -118.984,       12.9634,       26.4708,"ASSEMBLY_LAGERSITZ_NEU-1_SET-GEHAEUSE","ALUMINIUM",NA,       15.7474,   4.70477E-03,       5.20838,       14.8611,  -2.61434E-15,  -1.68175E-15,       NoValue
D:/MoVerHu_Projekt/FE_Modell/FE-Abaqus-Model/Job-19.odb,Step-163,Increment      6: Step Time =    1.000,"LAGERSITZ_NEU-1",          4165,             4,          6892,      -118.984,       12.9634,       26.4708,"ASSEMBLY_LAGERSITZ_NEU-1_SET-GEHAEUSE","ALUMINIUM",NA,       15.7474,   4.70477E-03,       5.20838,       14.8611,  -2.61434E-15,  -1.68175E-15,       NoValue
D:/MoVerHu_Projekt/FE_Modell/FE-Abaqus-Model/Job-19.odb,Step-163,Increment      6: Step Time =    1.000,"LAGERSITZ_NEU-1",          4164,             4,          6893,      -115.584,       12.9634,       26.4708,"ASSEMBLY_LAGERSITZ_NEU-1_SET-GEHAEUSE","ALUMINIUM",NA,            0.,            0.,            0.,            0.,   2.30353E-15,  -1.76411E-15,       NoValue
D:/MoVerHu_Projekt/FE_Modell/FE-Abaqus-Model/Job-19.odb,Step-163,Increment      6: Step Time =    1.000,"LAGERSITZ_NEU-1",          4166,             4,          6893,      -115.584,       12.9634,       26.4708,"ASSEMBLY_LAGERSITZ_NEU-1_SET-GEHAEUSE","ALUMINIUM",NA,            0.,            0.,            0.,            0.,   2.30353E-15,  -1.76411E-15,       NoValue
D:/MoVerHu_Projekt/FE_Modell/FE-Abaqus-Model/Job-19.odb,Step-163,Increment      6: Step Time =    1.000,"LAGERSITZ_NEU-1",          4167,             4,          6893,      -115.584,       12.9634,       26.4708,"ASSEMBLY_LAGERSITZ_NEU-1_SET-GEHAEUSE","ALUMINIUM",NA,            0.,            0.,            0.,            0.,   2.30353E-15,  -1.76411E-15,       NoValue
D:/MoVerHu_Projekt/FE_Modell/FE-Abaqus-Model/Job-19.odb,Step-163,Increment      6: Step Time =    1.000,"LAGERSITZ_NEU-1",          4163,             4,          6893,      -115.584,       12.9634,       26.4708,"ASSEMBLY_LAGERSITZ_NEU-1_SET-GEHAEUSE","ALUMINIUM",NA,            0.,            0.,            0.,            0.,   2.30353E-15,  -1.76411E-15,       NoValue
D:/MoVerHu_Projekt/FE_Modell/FE-Abaqus-Model/Job-19.odb,Step-163,Increment      6: Step Time =    1.000,"LAGERSITZ_NEU-1",          4169,             4,          6894,      -118.984,       10.0804,       27.3755,"ASSEMBLY_LAGERSITZ_NEU-1_SET-GEHAEUSE","ALUMINIUM",NA,       2.09352,   507.239E-06,   626.929E-03,       1.99745,  -1.14285E-15,   596.353E-18,       NoValue
D:/MoVerHu_Projekt/FE_Modell/FE-Abaqus-Model/Job-19.odb,Step-163,Increment      6: Step Time =    1.000,"LAGERSITZ_NEU-1",          4166,             4,          6894,      -118.984,       10.0804,       27.3755,"ASSEMBLY_LAGERSITZ_NEU-1_SET-GEHAEUSE","ALUMINIUM",NA,       2.09352,   507.239E-06,   626.929E-03,       1.99745,  -1.14285E-15,   596.353E-18,       NoValue
D:/MoVerHu_Projekt/FE_Modell/FE-Abaqus-Model/Job-19.odb,Step-163,Increment      6: Step Time =    1.000,"LAGERSITZ_NEU-1",          4168,             4,          6894,      -118.984,       10.0804,       27.3755,"ASSEMBLY_LAGERSITZ_NEU-1_SET-GEHAEUSE","ALUMINIUM",NA,       2.09352,   507.239E-06,   626.929E-03,       1.99745,  -1.14285E-15,   596.353E-18,       NoValue
D:/MoVerHu_Projekt/FE_Modell/FE-Abaqus-Model/Job-19.odb,Step-163,Increment      6: Step Time =    1.000,"LAGERSITZ_NEU-1",          4165,             4,          6894,      -118.984,       10.0804,       27.3755,"ASSEMBLY_LAGERSITZ_NEU-1_SET-GEHAEUSE","ALUMINIUM",NA,       2.09352,   507.239E-06,   626.929E-03,       1.99745,  -1.14285E-15,   596.353E-18,       NoValue
D:/MoVerHu_Projekt/FE_Modell/FE-Abaqus-Model/Job-19.odb,Step-163,Increment      6: Step Time =    1.000,"LAGERSITZ_NEU-1",          4167,             4,          6895,      -115.584,       10.0804,       27.3755,"ASSEMBLY_LAGERSITZ_NEU-1_SET-GEHAEUSE","ALUMINIUM",NA,            0.,            0.,            0.,            0.,   112.063E-18,   615.202E-18,       NoValue
D:/MoVerHu_Projekt/FE_Modell/FE-Abaqus-Model/Job-19.odb,Step-163,Increment      6: Step Time =    1.000,"LAGERSITZ_NEU-1",          4166,             4,          6895,      -115.584,       10.0804,       27.3755,"ASSEMBLY_LAGERSITZ_NEU-1_SET-GEHAEUSE","ALUMINIUM",NA,            0.,            0.,            0.,            0.,   112.063E-18,   615.202E-18,       NoValue
D:/MoVerHu_Projekt/FE_Modell/FE-Abaqus-Model/Job-19.odb,Step-163,Increment      6: Step Time =    1.000,"LAGERSITZ_NEU-1",          4169,             4,          6895,      -115.584,       10.0804,       27.3755,"ASSEMBLY_LAGERSITZ_NEU-1_SET-GEHAEUSE","ALUMINIUM",NA,            0.,            0.,            0.,            0.,   112.063E-18,   615.202E-18,       NoValue
D:/MoVerHu_Projekt/FE_Modell/FE-Abaqus-Model/Job-19.odb,Step-163,Increment      6: Step Time =    1.000,"LAGERSITZ_NEU-1",          4170,             4,          6895,      -115.584,       10.0804,       27.3755,"ASSEMBLY_LAGERSITZ_NEU-1_SET-GEHAEUSE","ALUMINIUM",NA,            0.,            0.,            0.,            0.,   112.063E-18,   615.202E-18,       NoValue
D:/MoVerHu_Projekt/FE_Modell/FE-Abaqus-Model/Job-19.odb,Step-163,Increment      6: Step Time =    1.000,"LAGERSITZ_NEU-1",          4169,             4,          6896,      -118.984,       7.15202,       28.1206,"ASSEMBLY_LAGERSITZ_NEU-1_SET-GEHAEUSE","ALUMINIUM",NA,            0.,            0.,            0.,            0.,   94.3022E-03,   62.6270E-03,       NoValue
D:/MoVerHu_Projekt/FE_Modell/FE-Abaqus-Model/Job-19.odb,Step-163,Increment      6: Step Time =    1.000,"LAGERSITZ_NEU-1",          4171,             4,          6896,      -118.984,       7.15202,       28.1206,"ASSEMBLY_LAGERSITZ_NEU-1_SET-GEHAEUSE","ALUMINIUM",NA,            0.,            0.,            0.,            0.,   94.3022E-03,   62.6270E-03,       NoValue
D:/MoVerHu_Projekt/FE_Modell/FE-Abaqus-Model/Job-19.odb,Step-163,Increment      6: Step Time =    1.000,"LAGERSITZ_NEU-1",          4168,             4,          6896,      -118.984,       7.15202,       28.1206,"ASSEMBLY_LAGERSITZ_NEU-1_SET-GEHAEUSE","ALUMINIUM",NA,            0.,            0.,            0.,            0.,   94.3022E-03,   62.6270E-03,       NoValue
D:/MoVerHu_Projekt/FE_Modell/FE-Abaqus-Model/Job-19.odb,Step-163,Increment      6: Step Time =    1.000,"LAGERSITZ_NEU-1",          4172,             4,          6896,      -118.984,       7.15202,       28.1206,"ASSEMBLY_LAGERSITZ_NEU-1_SET-GEHAEUSE","ALUMINIUM",NA,            0.,            0.,            0.,            0.,   94.3022E-03,   62.6270E-03,       NoValue
D:/MoVerHu_Projekt/FE_Modell/FE-Abaqus-Model/Job-19.odb,Step-163,Increment      6: Step Time =    1.000,"LAGERSITZ_NEU-1",          4173,             4,          6897,      -115.584,       7.15202,       28.1206,"ASSEMBLY_LAGERSITZ_NEU-1_SET-GEHAEUSE","ALUMINIUM",NA,            0.,            0.,            0.,            0.,   685.777E-18,  -117.810E-18,       NoValue
D:/MoVerHu_Projekt/FE_Modell/FE-Abaqus-Model/Job-19.odb,Step-163,Increment      6: Step Time =    1.000,"LAGERSITZ_NEU-1",          4169,             4,          6897,      -115.584,       7.15202,       28.1206,"ASSEMBLY_LAGERSITZ_NEU-1_SET-GEHAEUSE","ALUMINIUM",NA,            0.,            0.,            0.,            0.,   685.777E-18,  -117.810E-18,       NoValue
D:/MoVerHu_Projekt/FE_Modell/FE-Abaqus-Model/Job-19.odb,Step-163,Increment      6: Step Time =    1.000,"LAGERSITZ_NEU-1",          4172,             4,          6897,      -115.584,       7.15202,       28.1206,"ASSEMBLY_LAGERSITZ_NEU-1_SET-GEHAEUSE","ALUMINIUM",NA,            0.,            0.,            0.,            0.,   685.777E-18,  -117.810E-18,       NoValue
D:/MoVerHu_Projekt/FE_Modell/FE-Abaqus-Model/Job-19.odb,Step-163,Increment      6: Step Time =    1.000,"LAGERSITZ_NEU-1",          4170,             4,          6897,      -115.584,       7.15202,       28.1206,"ASSEMBLY_LAGERSITZ_NEU-1_SET-GEHAEUSE","ALUMINIUM",NA,            0.,            0.,            0.,            0.,   685.777E-18,  -117.810E-18,       NoValue
D:/MoVerHu_Projekt/FE_Modell/FE-Abaqus-Model/Job-19.odb,Step-163,Increment      6: Step Time =    1.000,"LAGERSITZ_NEU-1",          4174,             4,          6898,      -118.984,       4.18716,       28.7037,"ASSEMBLY_LAGERSITZ_NEU-1_SET-GEHAEUSE","ALUMINIUM",NA,            0.,            0.,            0.,            0.,   86.6394E-18,   617.115E-18,       NoValue
D:/MoVerHu_Projekt/FE_Modell/FE-Abaqus-Model/Job-19.odb,Step-163,Increment      6: Step Time =    1.000,"LAGERSITZ_NEU-1",          4175,             4,          6898,      -118.984,       4.18716,       28.7037,"ASSEMBLY_LAGERSITZ_NEU-1_SET-GEHAEUSE","ALUMINIUM",NA,            0.,            0.,            0.,            0.,   86.6394E-18,   617.115E-18,       NoValue
D:/MoVerHu_Projekt/FE_Modell/FE-Abaqus-Model/Job-19.odb,Step-163,Increment      6: Step Time =    1.000,"LAGERSITZ_NEU-1",          4171,             4,          6898,      -118.984,       4.18716,       28.7037,"ASSEMBLY_LAGERSITZ_NEU-1_SET-GEHAEUSE","ALUMINIUM",NA,            0.,            0.,            0.,            0.,   86.6394E-18,   617.115E-18,       NoValue
D:/MoVerHu_Projekt/FE_Modell/FE-Abaqus-Model/Job-19.odb,Step-163,Increment      6: Step Time =    1.000,"LAGERSITZ_NEU-1",          4172,             4,          6898,      -118.984,       4.18716,       28.7037,"ASSEMBLY_LAGERSITZ_NEU-1_SET-GEHAEUSE","ALUMINIUM",NA,            0.,            0.,            0.,            0.,   86.6394E-18,   617.115E-18,       NoValue
D:/MoVerHu_Projekt/FE_Modell/FE-Abaqus-Model/Job-19.odb,Step-163,Increment      6: Step Time =    1.000,"LAGERSITZ_NEU-1",          4175,             4,          6899,      -115.584,       4.18716,       28.7037,"ASSEMBLY_LAGERSITZ_NEU-1_SET-GEHAEUSE","ALUMINIUM",NA,            0.,            0.,            0.,            0.,  -1.88866E-15,   715.311E-18,       NoValue
D:/MoVerHu_Projekt/FE_Modell/FE-Abaqus-Model/Job-19.odb,Step-163,Increment      6: Step Time =    1.000,"LAGERSITZ_NEU-1",          4172,             4,          6899,      -115.584,       4.18716,       28.7037,"ASSEMBLY_LAGERSITZ_NEU-1_SET-GEHAEUSE","ALUMINIUM",NA,            0.,            0.,            0.,            0.,  -1.88866E-15,   715.311E-18,       NoValue
D:/MoVerHu_Projekt/FE_Modell/FE-Abaqus-Model/Job-19.odb,Step-163,Increment      6: Step Time =    1.000,"LAGERSITZ_NEU-1",          4176,             4,          6899,      -115.584,       4.18716,       28.7037,"ASSEMBLY_LAGERSITZ_NEU-1_SET-GEHAEUSE","ALUMINIUM",NA,            0.,            0.,            0.,            0.,  -1.88866E-15,   715.311E-18,       NoValue
D:/MoVerHu_Projekt/FE_Modell/FE-Abaqus-Model/Job-19.odb,Step-163,Increment      6: Step Time =    1.000,"LAGERSITZ_NEU-1",          4173,             4,          6899,      -115.584,       4.18716,       28.7037,"ASSEMBLY_LAGERSITZ_NEU-1_SET-GEHAEUSE","ALUMINIUM",NA,            0.,            0.,            0.,            0.,  -1.88866E-15,   715.311E-18,       NoValue
D:/MoVerHu_Projekt/FE_Modell/FE-Abaqus-Model/Job-19.odb,Step-163,Increment      6: Step Time =    1.000,"LAGERSITZ_NEU-1",          4174,             4,          6900,      -118.984,       1.19475,       29.1231,"ASSEMBLY_LAGERSITZ_NEU-1_SET-GEHAEUSE","ALUMINIUM",NA,            0.,            0.,            0.,            0.,  -4.12295E-15,  -44.6396E-18,       NoValue
D:/MoVerHu_Projekt/FE_Modell/FE-Abaqus-Model/Job-19.odb,Step-163,Increment      6: Step Time =    1.000,"LAGERSITZ_NEU-1",          4178,             4,          6900,      -118.984,       1.19475,       29.1231,"ASSEMBLY_LAGERSITZ_NEU-1_SET-GEHAEUSE","ALUMINIUM",NA,            0.,            0.,            0.,            0.,  -4.12295E-15,  -44.6396E-18,       NoValue
D:/MoVerHu_Projekt/FE_Modell/FE-Abaqus-Model/Job-19.odb,Step-163,Increment      6: Step Time =    1.000,"LAGERSITZ_NEU-1",          4177,             4,          6900,      -118.984,       1.19475,       29.1231,"ASSEMBLY_LAGERSITZ_NEU-1_SET-GEHAEUSE","ALUMINIUM",NA,            0.,            0.,            0.,            0.,  -4.12295E-15,  -44.6396E-18,       NoValue
D:/MoVerHu_Projekt/FE_Modell/FE-Abaqus-Model/Job-19.odb,Step-163,Increment      6: Step Time =    1.000,"LAGERSITZ_NEU-1",          4175,             4,          6900,      -118.984,       1.19475,       29.1231,"ASSEMBLY_LAGERSITZ_NEU-1_SET-GEHAEUSE","ALUMINIUM",NA,            0.,            0.,            0.,            0.,  -4.12295E-15,  -44.6396E-18,       NoValue
D:/MoVerHu_Projekt/FE_Modell/FE-Abaqus-Model/Job-19.odb,Step-163,Increment      6: Step Time =    1.000,"LAGERSITZ_NEU-1",          4175,             4,          6901,      -115.584,       1.19475,       29.1231,"ASSEMBLY_LAGERSITZ_NEU-1_SET-GEHAEUSE","ALUMINIUM",NA,            0.,            0.,            0.,            0.,  -1.33747E-15,  -7.88517E-18,       NoValue
D:/MoVerHu_Projekt/FE_Modell/FE-Abaqus-Model/Job-19.odb,Step-163,Increment      6: Step Time =    1.000,"LAGERSITZ_NEU-1",          4178,             4,          6901,      -115.584,       1.19475,       29.1231,"ASSEMBLY_LAGERSITZ_NEU-1_SET-GEHAEUSE","ALUMINIUM",NA,            0.,            0.,            0.,            0.,  -1.33747E-15,  -7.88517E-18,       NoValue
D:/MoVerHu_Projekt/FE_Modell/FE-Abaqus-Model/Job-19.odb,Step-163,Increment      6: Step Time =    1.000,"LAGERSITZ_NEU-1",          4179,             4,          6901,      -115.584,       1.19475,       29.1231,"ASSEMBLY_LAGERSITZ_NEU-1_SET-GEHAEUSE","ALUMINIUM",NA,            0.,            0.,            0.,            0.,  -1.33747E-15,  -7.88517E-18,       NoValue
D:/MoVerHu_Projekt/FE_Modell/FE-Abaqus-Model/Job-19.odb,Step-163,Increment      6: Step Time =    1.000,"LAGERSITZ_NEU-1",          4176,             4,          6901,      -115.584,       1.19475,       29.1231,"ASSEMBLY_LAGERSITZ_NEU-1_SET-GEHAEUSE","ALUMINIUM",NA,            0.,            0.,            0.,            0.,  -1.33747E-15,  -7.88517E-18,       NoValue
D:/MoVerHu_Projekt/FE_Modell/FE-Abaqus-Model/Job-19.odb,Step-163,Increment      6: Step Time =    1.000,"LAGERSITZ_NEU-1",          4178,             4,          6902,      -118.984,      -1.81618,       29.3776,"ASSEMBLY_LAGERSITZ_NEU-1_SET-GEHAEUSE","ALUMINIUM",NA,            0.,            0.,            0.,            0.,   3.34940E-15,   135.236E-18,       NoValue
D:/MoVerHu_Projekt/FE_Modell/FE-Abaqus-Model/Job-19.odb,Step-163,Increment      6: Step Time =    1.000,"LAGERSITZ_NEU-1",          4177,             4,          6902,      -118.984,      -1.81618,       29.3776,"ASSEMBLY_LAGERSITZ_NEU-1_SET-GEHAEUSE","ALUMINIUM",NA,            0.,            0.,            0.,            0.,   3.34940E-15,   135.236E-18,       NoValue
D:/MoVerHu_Projekt/FE_Modell/FE-Abaqus-Model/Job-19.odb,Step-163,Increment      6: Step Time =    1.000,"LAGERSITZ_NEU-1",          4180,             4,          6902,      -118.984,      -1.81618,       29.3776,"ASSEMBLY_LAGERSITZ_NEU-1_SET-GEHAEUSE","ALUMINIUM",NA,            0.,            0.,            0.,            0.,   3.34940E-15,   135.236E-18,       NoValue
D:/MoVerHu_Projekt/FE_Modell/FE-Abaqus-Model/Job-19.odb,Step-163,Increment      6: Step Time =    1.000,"LAGERSITZ_NEU-1",          4181,             4,          6902,      -118.984,      -1.81618,       29.3776,"ASSEMBLY_LAGERSITZ_NEU-1_SET-GEHAEUSE","ALUMINIUM",NA,            0.,            0.,            0.,            0.,   3.34940E-15,   135.236E-18,       NoValue
D:/MoVerHu_Projekt/FE_Modell/FE-Abaqus-Model/Job-19.odb,Step-163,Increment      6: Step Time =    1.000,"LAGERSITZ_NEU-1",          4178,             4,          6903,      -115.584,      -1.81618,       29.3776,"ASSEMBLY_LAGERSITZ_NEU-1_SET-GEHAEUSE","ALUMINIUM",NA,            0.,            0.,            0.,            0.,   537.605E-18,   94.6656E-18,       NoValue
D:/MoVerHu_Projekt/FE_Modell/FE-Abaqus-Model/Job-19.odb,Step-163,Increment      6: Step Time =    1.000,"LAGERSITZ_NEU-1",          4182,             4,          6903,      -115.584,      -1.81618,       29.3776,"ASSEMBLY_LAGERSITZ_NEU-1_SET-GEHAEUSE","ALUMINIUM",NA,            0.,            0.,            0.,            0.,   537.605E-18,   94.6656E-18,       NoValue
D:/MoVerHu_Projekt/FE_Modell/FE-Abaqus-Model/Job-19.odb,Step-163,Increment      6: Step Time =    1.000,"LAGERSITZ_NEU-1",          4179,             4,          6903,      -115.584,      -1.81618,       29.3776,"ASSEMBLY_LAGERSITZ_NEU-1_SET-GEHAEUSE","ALUMINIUM",NA,            0.,            0.,            0.,            0.,   537.605E-18,   94.6656E-18,       NoValue
D:/MoVerHu_Projekt/FE_Modell/FE-Abaqus-Model/Job-19.odb,Step-163,Increment      6: Step Time =    1.000,"LAGERSITZ_NEU-1",          4181,             4,          6903,      -115.584,      -1.81618,       29.3776,"ASSEMBLY_LAGERSITZ_NEU-1_SET-GEHAEUSE","ALUMINIUM",NA,            0.,            0.,            0.,            0.,   537.605E-18,   94.6656E-18,       NoValue
D:/MoVerHu_Projekt/FE_Modell/FE-Abaqus-Model/Job-19.odb,Step-163,Increment      6: Step Time =    1.000,"LAGERSITZ_NEU-1",          4186,             4,          6924,      -118.984,      -7.60569,       29.4017,"ASSEMBLY_LAGERSITZ_NEU-1_SET-GEHAEUSE","ALUMINIUM",NA,            0.,            0.,            0.,            0.,   1.55733E-15,   602.827E-18,       NoValue
D:/MoVerHu_Projekt/FE_Modell/FE-Abaqus-Model/Job-19.odb,Step-163,Increment      6: Step Time =    1.000,"LAGERSITZ_NEU-1",          4187,             4,          6924,      -118.984,      -7.60569,       29.4017,"ASSEMBLY_LAGERSITZ_NEU-1_SET-GEHAEUSE","ALUMINIUM",NA,            0.,            0.,            0.,            0.,   1.55733E-15,   602.827E-18,       NoValue
D:/MoVerHu_Projekt/FE_Modell/FE-Abaqus-Model/Job-19.odb,Step-163,Increment      6: Step Time =    1.000,"LAGERSITZ_NEU-1",          4183,             4,          6924,      -118.984,      -7.60569,       29.4017,"ASSEMBLY_LAGERSITZ_NEU-1_SET-GEHAEUSE","ALUMINIUM",NA,            0.,            0.,            0.,            0.,   1.55733E-15,   602.827E-18,       NoValue
D:/MoVerHu_Projekt/FE_Modell/FE-Abaqus-Model/Job-19.odb,Step-163,Increment      6: Step Time =    1.000,"LAGERSITZ_NEU-1",          4184,             4,          6924,      -118.984,      -7.60569,       29.4017,"ASSEMBLY_LAGERSITZ_NEU-1_SET-GEHAEUSE","ALUMINIUM",NA,            0.,            0.,            0.,            0.,   1.55733E-15,   602.827E-18,       NoValue
D:/MoVerHu_Projekt/FE_Modell/FE-Abaqus-Model/Job-19.odb,Step-163,Increment      6: Step Time =    1.000,"LAGERSITZ_NEU-1",          4184,             4,          6925,      -115.584,      -7.60569,       29.4017,"ASSEMBLY_LAGERSITZ_NEU-1_SET-GEHAEUSE","ALUMINIUM",NA,            0.,            0.,            0.,            0.,   2.70205E-15,   674.214E-18,       NoValue
D:/MoVerHu_Projekt/FE_Modell/FE-Abaqus-Model/Job-19.odb,Step-163,Increment      6: Step Time =    1.000,"LAGERSITZ_NEU-1",          4185,             4,          6925,      -115.584,      -7.60569,       29.4017,"ASSEMBLY_LAGERSITZ_NEU-1_SET-GEHAEUSE","ALUMINIUM",NA,            0.,            0.,            0.,            0.,   2.70205E-15,   674.214E-18,       NoValue
D:/MoVerHu_Projekt/FE_Modell/FE-Abaqus-Model/Job-19.odb,Step-163,Increment      6: Step Time =    1.000,"LAGERSITZ_NEU-1",          4188,             4,          6925,      -115.584,      -7.60569,       29.4017,"ASSEMBLY_LAGERSITZ_NEU-1_SET-GEHAEUSE","ALUMINIUM",NA,            0.,            0.,            0.,            0.,   2.70205E-15,   674.214E-18,       NoValue
D:/MoVerHu_Projekt/FE_Modell/FE-Abaqus-Model/Job-19.odb,Step-163,Increment      6: Step Time =    1.000,"LAGERSITZ_NEU-1",          4187,             4,          6925,      -115.584,      -7.60569,       29.4017,"ASSEMBLY_LAGERSITZ_NEU-1_SET-GEHAEUSE","ALUMINIUM",NA,            0.,            0.,            0.,            0.,   2.70205E-15,   674.214E-18,       NoValue
D:/MoVerHu_Projekt/FE_Modell/FE-Abaqus-Model/Job-19.odb,Step-163,Increment      6: Step Time =    1.000,"LAGERSITZ_NEU-1",          4190,             4,          6926,      -118.984,      -10.3681,       29.1978,"ASSEMBLY_LAGERSITZ_NEU-1_SET-GEHAEUSE","ALUMINIUM",NA,            0.,            0.,            0.,            0.,  -2.04750E-15,   539.318E-18,       NoValue
D:/MoVerHu_Projekt/FE_Modell/FE-Abaqus-Model/Job-19.odb,Step-163,Increment      6: Step Time =    1.000,"LAGERSITZ_NEU-1",          4187,             4,          6926,      -118.984,      -10.3681,       29.1978,"ASSEMBLY_LAGERSITZ_NEU-1_SET-GEHAEUSE","ALUMINIUM",NA,            0.,            0.,            0.,            0.,  -2.04750E-15,   539.318E-18,       NoValue
D:/MoVerHu_Projekt/FE_Modell/FE-Abaqus-Model/Job-19.odb,Step-163,Increment      6: Step Time =    1.000,"LAGERSITZ_NEU-1",          4189,             4,          6926,      -118.984,      -10.3681,       29.1978,"ASSEMBLY_LAGERSITZ_NEU-1_SET-GEHAEUSE","ALUMINIUM",NA,            0.,            0.,            0.,            0.,  -2.04750E-15,   539.318E-18,       NoValue
D:/MoVerHu_Projekt/FE_Modell/FE-Abaqus-Model/Job-19.odb,Step-163,Increment      6: Step Time =    1.000,"LAGERSITZ_NEU-1",          4186,             4,          6926,      -118.984,      -10.3681,       29.1978,"ASSEMBLY_LAGERSITZ_NEU-1_SET-GEHAEUSE","ALUMINIUM",NA,            0.,            0.,            0.,            0.,  -2.04750E-15,   539.318E-18,       NoValue
D:/MoVerHu_Projekt/FE_Modell/FE-Abaqus-Model/Job-19.odb,Step-163,Increment      6: Step Time =    1.000,"LAGERSITZ_NEU-1",          4190,             4,          6927,      -115.584,      -10.3681,       29.1978,"ASSEMBLY_LAGERSITZ_NEU-1_SET-GEHAEUSE","ALUMINIUM",NA,            0.,            0.,            0.,            0.,  -1.49966E-15,   993.534E-18,       NoValue
D:/MoVerHu_Projekt/FE_Modell/FE-Abaqus-Model/Job-19.odb,Step-163,Increment      6: Step Time =    1.000,"LAGERSITZ_NEU-1",          4187,             4,          6927,      -115.584,      -10.3681,       29.1978,"ASSEMBLY_LAGERSITZ_NEU-1_SET-GEHAEUSE","ALUMINIUM",NA,            0.,            0.,            0.,            0.,  -1.49966E-15,   993.534E-18,       NoValue
D:/MoVerHu_Projekt/FE_Modell/FE-Abaqus-Model/Job-19.odb,Step-163,Increment      6: Step Time =    1.000,"LAGERSITZ_NEU-1",          4191,             4,          6927,      -115.584,      -10.3681,       29.1978,"ASSEMBLY_LAGERSITZ_NEU-1_SET-GEHAEUSE","ALUMINIUM",NA,            0.,            0.,            0.,            0.,  -1.49966E-15,   993.534E-18,       NoValue
D:/MoVerHu_Projekt/FE_Modell/FE-Abaqus-Model/Job-19.odb,Step-163,Increment      6: Step Time =    1.000,"LAGERSITZ_NEU-1",          4188,             4,          6927,      -115.584,      -10.3681,       29.1978,"ASSEMBLY_LAGERSITZ_NEU-1_SET-GEHAEUSE","ALUMINIUM",NA,            0.,            0.,            0.,            0.,  -1.49966E-15,   993.534E-18,       NoValue
D:/MoVerHu_Projekt/FE_Modell/FE-Abaqus-Model/Job-19.odb,Step-163,Increment      6: Step Time =    1.000,"LAGERSITZ_NEU-1",          4192,             4,          6928,      -118.984,      -13.1167,       28.8552,"ASSEMBLY_LAGERSITZ_NEU-1_SET-GEHAEUSE","ALUMINIUM",NA,            0.,            0.,            0.,            0.,  -1.61148E-15,   1.61623E-15,       NoValue
D:/MoVerHu_Projekt/FE_Modell/FE-Abaqus-Model/Job-19.odb,Step-163,Increment      6: Step Time =    1.000,"LAGERSITZ_NEU-1",          4189,             4,          6928,      -118.984,      -13.1167,       28.8552,"ASSEMBLY_LAGERSITZ_NEU-1_SET-GEHAEUSE","ALUMINIUM",NA,            0.,            0.,            0.,            0.,  -1.61148E-15,   1.61623E-15,       NoValue
D:/MoVerHu_Projekt/FE_Modell/FE-Abaqus-Model/Job-19.odb,Step-163,Increment      6: Step Time =    1.000,"LAGERSITZ_NEU-1",          4193,             4,          6928,      -118.984,      -13.1167,       28.8552,"ASSEMBLY_LAGERSITZ_NEU-1_SET-GEHAEUSE","ALUMINIUM",NA,            0.,            0.,            0.,            0.,  -1.61148E-15,   1.61623E-15,       NoValue
D:/MoVerHu_Projekt/FE_Modell/FE-Abaqus-Model/Job-19.odb,Step-163,Increment      6: Step Time =    1.000,"LAGERSITZ_NEU-1",          4190,             4,          6928,      -118.984,      -13.1167,       28.8552,"ASSEMBLY_LAGERSITZ_NEU-1_SET-GEHAEUSE","ALUMINIUM",NA,            0.,            0.,            0.,            0.,  -1.61148E-15,   1.61623E-15,       NoValue
D:/MoVerHu_Projekt/FE_Modell/FE-Abaqus-Model/Job-19.odb,Step-163,Increment      6: Step Time =    1.000,"LAGERSITZ_NEU-1",          4193,             4,          6929,      -115.584,      -13.1167,       28.8552,"ASSEMBLY_LAGERSITZ_NEU-1_SET-GEHAEUSE","ALUMINIUM",NA,            0.,            0.,            0.,            0.,   1.83229E-15,   1.71036E-15,       NoValue
D:/MoVerHu_Projekt/FE_Modell/FE-Abaqus-Model/Job-19.odb,Step-163,Increment      6: Step Time =    1.000,"LAGERSITZ_NEU-1",          4194,             4,          6929,      -115.584,      -13.1167,       28.8552,"ASSEMBLY_LAGERSITZ_NEU-1_SET-GEHAEUSE","ALUMINIUM",NA,            0.,            0.,            0.,            0.,   1.83229E-15,   1.71036E-15,       NoValue
D:/MoVerHu_Projekt/FE_Modell/FE-Abaqus-Model/Job-19.odb,Step-163,Increment      6: Step Time =    1.000,"LAGERSITZ_NEU-1",          4191,             4,          6929,      -115.584,      -13.1167,       28.8552,"ASSEMBLY_LAGERSITZ_NEU-1_SET-GEHAEUSE","ALUMINIUM",NA,            0.,            0.,            0.,            0.,   1.83229E-15,   1.71036E-15,       NoValue
D:/MoVerHu_Projekt/FE_Modell/FE-Abaqus-Model/Job-19.odb,Step-163,Increment      6: Step Time =    1.000,"LAGERSITZ_NEU-1",          4190,             4,          6929,      -115.584,      -13.1167,       28.8552,"ASSEMBLY_LAGERSITZ_NEU-1_SET-GEHAEUSE","ALUMINIUM",NA,            0.,            0.,            0.,            0.,   1.83229E-15,   1.71036E-15,       NoValue
D:/MoVerHu_Projekt/FE_Modell/FE-Abaqus-Model/Job-19.odb,Step-163,Increment      6: Step Time =    1.000,"LAGERSITZ_NEU-1",          4193,             4,          6930,      -118.984,      -15.8446,       28.3745,"ASSEMBLY_LAGERSITZ_NEU-1_SET-GEHAEUSE","ALUMINIUM",NA,            0.,            0.,            0.,            0.,   3.00045E-15,   45.7628E-18,       NoValue
D:/MoVerHu_Projekt/FE_Modell/FE-Abaqus-Model/Job-19.odb,Step-163,Increment      6: Step Time =    1.000,"LAGERSITZ_NEU-1",          4195,             4,          6930,      -118.984,      -15.8446,       28.3745,"ASSEMBLY_LAGERSITZ_NEU-1_SET-GEHAEUSE","ALUMINIUM",NA,            0.,            0.,            0.,            0.,   3.00045E-15,   45.7628E-18,       NoValue
D:/MoVerHu_Projekt/FE_Modell/FE-Abaqus-Model/Job-19.odb,Step-163,Increment      6: Step Time =    1.000,"LAGERSITZ_NEU-1",          4196,             4,          6930,      -118.984,      -15.8446,       28.3745,"ASSEMBLY_LAGERSITZ_NEU-1_SET-GEHAEUSE","ALUMINIUM",NA,            0.,            0.,            0.,            0.,   3.00045E-15,   45.7628E-18,       NoValue
D:/MoVerHu_Projekt/FE_Modell/FE-Abaqus-Model/Job-19.odb,Step-163,Increment      6: Step Time =    1.000,"LAGERSITZ_NEU-1",          4192,             4,          6930,      -118.984,      -15.8446,       28.3745,"ASSEMBLY_LAGERSITZ_NEU-1_SET-GEHAEUSE","ALUMINIUM",NA,            0.,            0.,            0.,            0.,   3.00045E-15,   45.7628E-18,       NoValue
D:/MoVerHu_Projekt/FE_Modell/FE-Abaqus-Model/Job-19.odb,Step-163,Increment      6: Step Time =    1.000,"LAGERSITZ_NEU-1",          4194,             4,          6931,      -115.584,      -15.8446,       28.3745,"ASSEMBLY_LAGERSITZ_NEU-1_SET-GEHAEUSE","ALUMINIUM",NA,            0.,            0.,            0.,            0.,  -2.51098E-15,  -590.137E-18,       NoValue
D:/MoVerHu_Projekt/FE_Modell/FE-Abaqus-Model/Job-19.odb,Step-163,Increment      6: Step Time =    1.000,"LAGERSITZ_NEU-1",          4193,             4,          6931,      -115.584,      -15.8446,       28.3745,"ASSEMBLY_LAGERSITZ_NEU-1_SET-GEHAEUSE","ALUMINIUM",NA,            0.,            0.,            0.,            0.,  -2.51098E-15,  -590.137E-18,       NoValue
D:/MoVerHu_Projekt/FE_Modell/FE-Abaqus-Model/Job-19.odb,Step-163,Increment      6: Step Time =    1.000,"LAGERSITZ_NEU-1",          4196,             4,          6931,      -115.584,      -15.8446,       28.3745,"ASSEMBLY_LAGERSITZ_NEU-1_SET-GEHAEUSE","ALUMINIUM",NA,            0.,            0.,            0.,            0.,  -2.51098E-15,  -590.137E-18,       NoValue
D:/MoVerHu_Projekt/FE_Modell/FE-Abaqus-Model/Job-19.odb,Step-163,Increment      6: Step Time =    1.000,"LAGERSITZ_NEU-1",          4197,             4,          6931,      -115.584,      -15.8446,       28.3745,"ASSEMBLY_LAGERSITZ_NEU-1_SET-GEHAEUSE","ALUMINIUM",NA,            0.,            0.,            0.,            0.,  -2.51098E-15,  -590.137E-18,       NoValue
D:/MoVerHu_Projekt/FE_Modell/FE-Abaqus-Model/Job-19.odb,Step-163,Increment      6: Step Time =    1.000,"LAGERSITZ_NEU-1",          4198,             4,          6932,      -118.984,      -18.5448,       27.7572,"ASSEMBLY_LAGERSITZ_NEU-1_SET-GEHAEUSE","ALUMINIUM",NA,            0.,            0.,            0.,            0.,   236.539E-03,   151.641E-03,       NoValue
D:/MoVerHu_Projekt/FE_Modell/FE-Abaqus-Model/Job-19.odb,Step-163,Increment      6: Step Time =    1.000,"LAGERSITZ_NEU-1",          4196,             4,          6932,      -118.984,      -18.5448,       27.7572,"ASSEMBLY_LAGERSITZ_NEU-1_SET-GEHAEUSE","ALUMINIUM",NA,            0.,            0.,            0.,            0.,   236.539E-03,   151.641E-03,       NoValue
D:/MoVerHu_Projekt/FE_Modell/FE-Abaqus-Model/Job-19.odb,Step-163,Increment      6: Step Time =    1.000,"LAGERSITZ_NEU-1",          4199,             4,          6932,      -118.984,      -18.5448,       27.7572,"ASSEMBLY_LAGERSITZ_NEU-1_SET-GEHAEUSE","ALUMINIUM",NA,            0.,            0.,            0.,            0.,   236.539E-03,   151.641E-03,       NoValue
D:/MoVerHu_Projekt/FE_Modell/FE-Abaqus-Model/Job-19.odb,Step-163,Increment      6: Step Time =    1.000,"LAGERSITZ_NEU-1",          4195,             4,          6932,      -118.984,      -18.5448,       27.7572,"ASSEMBLY_LAGERSITZ_NEU-1_SET-GEHAEUSE","ALUMINIUM",NA,            0.,            0.,            0.,            0.,   236.539E-03,   151.641E-03,       NoValue
D:/MoVerHu_Projekt/FE_Modell/FE-Abaqus-Model/Job-19.odb,Step-163,Increment      6: Step Time =    1.000,"LAGERSITZ_NEU-1",          4197,             4,          6933,      -115.584,      -18.5448,       27.7572,"ASSEMBLY_LAGERSITZ_NEU-1_SET-GEHAEUSE","ALUMINIUM",NA,            0.,            0.,            0.,            0.,   35.4993E-03,   22.7981E-03,       NoValue
D:/MoVerHu_Projekt/FE_Modell/FE-Abaqus-Model/Job-19.odb,Step-163,Increment      6: Step Time =    1.000,"LAGERSITZ_NEU-1",          4196,             4,          6933,      -115.584,      -18.5448,       27.7572,"ASSEMBLY_LAGERSITZ_NEU-1_SET-GEHAEUSE","ALUMINIUM",NA,            0.,            0.,            0.,            0.,   35.4993E-03,   22.7981E-03,       NoValue
D:/MoVerHu_Projekt/FE_Modell/FE-Abaqus-Model/Job-19.odb,Step-163,Increment      6: Step Time =    1.000,"LAGERSITZ_NEU-1",          4199,             4,          6933,      -115.584,      -18.5448,       27.7572,"ASSEMBLY_LAGERSITZ_NEU-1_SET-GEHAEUSE","ALUMINIUM",NA,            0.,            0.,            0.,            0.,   35.4993E-03,   22.7981E-03,       NoValue
D:/MoVerHu_Projekt/FE_Modell/FE-Abaqus-Model/Job-19.odb,Step-163,Increment      6: Step Time =    1.000,"LAGERSITZ_NEU-1",          4200,             4,          6933,      -115.584,      -18.5448,       27.7572,"ASSEMBLY_LAGERSITZ_NEU-1_SET-GEHAEUSE","ALUMINIUM",NA,            0.,            0.,            0.,            0.,   35.4993E-03,   22.7981E-03,       NoValue
D:/MoVerHu_Projekt/FE_Modell/FE-Abaqus-Model/Job-19.odb,Step-163,Increment      6: Step Time =    1.000,"LAGERSITZ_NEU-1",          4199,             4,          6934,      -118.984,      -21.2106,       27.0046,"ASSEMBLY_LAGERSITZ_NEU-1_SET-GEHAEUSE","ALUMINIUM",NA,            0.,            0.,            0.,            0.,  -2.09582E-15,  -221.395E-18,       NoValue
D:/MoVerHu_Projekt/FE_Modell/FE-Abaqus-Model/Job-19.odb,Step-163,Increment      6: Step Time =    1.000,"LAGERSITZ_NEU-1",          4201,             4,          6934,      -118.984,      -21.2106,       27.0046,"ASSEMBLY_LAGERSITZ_NEU-1_SET-GEHAEUSE","ALUMINIUM",NA,            0.,            0.,            0.,            0.,  -2.09582E-15,  -221.395E-18,       NoValue
D:/MoVerHu_Projekt/FE_Modell/FE-Abaqus-Model/Job-19.odb,Step-163,Increment      6: Step Time =    1.000,"LAGERSITZ_NEU-1",          4198,             4,          6934,      -118.984,      -21.2106,       27.0046,"ASSEMBLY_LAGERSITZ_NEU-1_SET-GEHAEUSE","ALUMINIUM",NA,            0.,            0.,            0.,            0.,  -2.09582E-15,  -221.395E-18,       NoValue
D:/MoVerHu_Projekt/FE_Modell/FE-Abaqus-Model/Job-19.odb,Step-163,Increment      6: Step Time =    1.000,"LAGERSITZ_NEU-1",          4202,             4,          6934,      -118.984,      -21.2106,       27.0046,"ASSEMBLY_LAGERSITZ_NEU-1_SET-GEHAEUSE","ALUMINIUM",NA,            0.,            0.,            0.,            0.,  -2.09582E-15,  -221.395E-18,       NoValue
D:/MoVerHu_Projekt/FE_Modell/FE-Abaqus-Model/Job-19.odb,Step-163,Increment      6: Step Time =    1.000,"LAGERSITZ_NEU-1",          4202,             4,          6935,      -115.584,      -21.2106,       27.0046,"ASSEMBLY_LAGERSITZ_NEU-1_SET-GEHAEUSE","ALUMINIUM",NA,            0.,            0.,            0.,            0.,  -1.83222E-15,  -760.416E-18,       NoValue
D:/MoVerHu_Projekt/FE_Modell/FE-Abaqus-Model/Job-19.odb,Step-163,Increment      6: Step Time =    1.000,"LAGERSITZ_NEU-1",          4203,             4,          6935,      -115.584,      -21.2106,       27.0046,"ASSEMBLY_LAGERSITZ_NEU-1_SET-GEHAEUSE","ALUMINIUM",NA,            0.,            0.,            0.,            0.,  -1.83222E-15,  -760.416E-18,       NoValue
D:/MoVerHu_Projekt/FE_Modell/FE-Abaqus-Model/Job-19.odb,Step-163,Increment      6: Step Time =    1.000,"LAGERSITZ_NEU-1",          4199,             4,          6935,      -115.584,      -21.2106,       27.0046,"ASSEMBLY_LAGERSITZ_NEU-1_SET-GEHAEUSE","ALUMINIUM",NA,            0.,            0.,            0.,            0.,  -1.83222E-15,  -760.416E-18,       NoValue
D:/MoVerHu_Projekt/FE_Modell/FE-Abaqus-Model/Job-19.odb,Step-163,Increment      6: Step Time =    1.000,"LAGERSITZ_NEU-1",          4200,             4,          6935,      -115.584,      -21.2106,       27.0046,"ASSEMBLY_LAGERSITZ_NEU-1_SET-GEHAEUSE","ALUMINIUM",NA,            0.,            0.,            0.,            0.,  -1.83222E-15,  -760.416E-18,       NoValue
D:/MoVerHu_Projekt/FE_Modell/FE-Abaqus-Model/Job-19.odb,Step-163,Increment      6: Step Time =    1.000,"LAGERSITZ_NEU-1",          4201,             4,          6936,      -118.984,      -23.8350,       26.1189,"ASSEMBLY_LAGERSITZ_NEU-1_SET-GEHAEUSE","ALUMINIUM",NA,            0.,            0.,            0.,            0.,   429.888E-18,  -1.94652E-15,       NoValue
D:/MoVerHu_Projekt/FE_Modell/FE-Abaqus-Model/Job-19.odb,Step-163,Increment      6: Step Time =    1.000,"LAGERSITZ_NEU-1",          4204,             4,          6936,      -118.984,      -23.8350,       26.1189,"ASSEMBLY_LAGERSITZ_NEU-1_SET-GEHAEUSE","ALUMINIUM",NA,            0.,            0.,            0.,            0.,   429.888E-18,  -1.94652E-15,       NoValue
D:/MoVerHu_Projekt/FE_Modell/FE-Abaqus-Model/Job-19.odb,Step-163,Increment      6: Step Time =    1.000,"LAGERSITZ_NEU-1",          4205,             4,          6936,      -118.984,      -23.8350,       26.1189,"ASSEMBLY_LAGERSITZ_NEU-1_SET-GEHAEUSE","ALUMINIUM",NA,            0.,            0.,            0.,            0.,   429.888E-18,  -1.94652E-15,       NoValue
D:/MoVerHu_Projekt/FE_Modell/FE-Abaqus-Model/Job-19.odb,Step-163,Increment      6: Step Time =    1.000,"LAGERSITZ_NEU-1",          4202,             4,          6936,      -118.984,      -23.8350,       26.1189,"ASSEMBLY_LAGERSITZ_NEU-1_SET-GEHAEUSE","ALUMINIUM",NA,            0.,            0.,            0.,            0.,   429.888E-18,  -1.94652E-15,       NoValue
D:/MoVerHu_Projekt/FE_Modell/FE-Abaqus-Model/Job-19.odb,Step-163,Increment      6: Step Time =    1.000,"LAGERSITZ_NEU-1",          4202,             4,          6937,      -115.584,      -23.8350,       26.1189,"ASSEMBLY_LAGERSITZ_NEU-1_SET-GEHAEUSE","ALUMINIUM",NA,            0.,            0.,            0.,            0.,  -2.39551E-15,  -1.89923E-15,       NoValue
D:/MoVerHu_Projekt/FE_Modell/FE-Abaqus-Model/Job-19.odb,Step-163,Increment      6: Step Time =    1.000,"LAGERSITZ_NEU-1",          4206,             4,          6937,      -115.584,      -23.8350,       26.1189,"ASSEMBLY_LAGERSITZ_NEU-1_SET-GEHAEUSE","ALUMINIUM",NA,            0.,            0.,            0.,            0.,  -2.39551E-15,  -1.89923E-15,       NoValue
D:/MoVerHu_Projekt/FE_Modell/FE-Abaqus-Model/Job-19.odb,Step-163,Increment      6: Step Time =    1.000,"LAGERSITZ_NEU-1",          4205,             4,          6937,      -115.584,      -23.8350,       26.1189,"ASSEMBLY_LAGERSITZ_NEU-1_SET-GEHAEUSE","ALUMINIUM",NA,            0.,            0.,            0.,            0.,  -2.39551E-15,  -1.89923E-15,       NoValue
D:/MoVerHu_Projekt/FE_Modell/FE-Abaqus-Model/Job-19.odb,Step-163,Increment      6: Step Time =    1.000,"LAGERSITZ_NEU-1",          4203,             4,          6937,      -115.584,      -23.8350,       26.1189,"ASSEMBLY_LAGERSITZ_NEU-1_SET-GEHAEUSE","ALUMINIUM",NA,            0.,            0.,            0.,            0.,  -2.39551E-15,  -1.89923E-15,       NoValue
D:/MoVerHu_Projekt/FE_Modell/FE-Abaqus-Model/Job-19.odb,Step-163,Increment      6: Step Time =    1.000,"LAGERSITZ_NEU-1",          4205,             4,          6938,      -118.984,      -26.4116,       25.1021,"ASSEMBLY_LAGERSITZ_NEU-1_SET-GEHAEUSE","ALUMINIUM",NA,            0.,            0.,            0.,            0.,  -852.976E-18,  -78.4083E-18,       NoValue
D:/MoVerHu_Projekt/FE_Modell/FE-Abaqus-Model/Job-19.odb,Step-163,Increment      6: Step Time =    1.000,"LAGERSITZ_NEU-1",          4204,             4,          6938,      -118.984,      -26.4116,       25.1021,"ASSEMBLY_LAGERSITZ_NEU-1_SET-GEHAEUSE","ALUMINIUM",NA,            0.,            0.,            0.,            0.,  -852.976E-18,  -78.4083E-18,       NoValue
D:/MoVerHu_Projekt/FE_Modell/FE-Abaqus-Model/Job-19.odb,Step-163,Increment      6: Step Time =    1.000,"LAGERSITZ_NEU-1",          4208,             4,          6938,      -118.984,      -26.4116,       25.1021,"ASSEMBLY_LAGERSITZ_NEU-1_SET-GEHAEUSE","ALUMINIUM",NA,            0.,            0.,            0.,            0.,  -852.976E-18,  -78.4083E-18,       NoValue
D:/MoVerHu_Projekt/FE_Modell/FE-Abaqus-Model/Job-19.odb,Step-163,Increment      6: Step Time =    1.000,"LAGERSITZ_NEU-1",          4207,             4,          6938,      -118.984,      -26.4116,       25.1021,"ASSEMBLY_LAGERSITZ_NEU-1_SET-GEHAEUSE","ALUMINIUM",NA,            0.,            0.,            0.,            0.,  -852.976E-18,  -78.4083E-18,       NoValue
D:/MoVerHu_Projekt/FE_Modell/FE-Abaqus-Model/Job-19.odb,Step-163,Increment      6: Step Time =    1.000,"LAGERSITZ_NEU-1",          4209,             4,          6939,      -115.584,      -26.4116,       25.1021,"ASSEMBLY_LAGERSITZ_NEU-1_SET-GEHAEUSE","ALUMINIUM",NA,            0.,            0.,            0.,            0.,  -1.10859E-15,   125.597E-18,       NoValue
D:/MoVerHu_Projekt/FE_Modell/FE-Abaqus-Model/Job-19.odb,Step-163,Increment      6: Step Time =    1.000,"LAGERSITZ_NEU-1",          4208,             4,          6939,      -115.584,      -26.4116,       25.1021,"ASSEMBLY_LAGERSITZ_NEU-1_SET-GEHAEUSE","ALUMINIUM",NA,            0.,            0.,            0.,            0.,  -1.10859E-15,   125.597E-18,       NoValue
D:/MoVerHu_Projekt/FE_Modell/FE-Abaqus-Model/Job-19.odb,Step-163,Increment      6: Step Time =    1.000,"LAGERSITZ_NEU-1",          4205,             4,          6939,      -115.584,      -26.4116,       25.1021,"ASSEMBLY_LAGERSITZ_NEU-1_SET-GEHAEUSE","ALUMINIUM",NA,            0.,            0.,            0.,            0.,  -1.10859E-15,   125.597E-18,       NoValue
D:/MoVerHu_Projekt/FE_Modell/FE-Abaqus-Model/Job-19.odb,Step-163,Increment      6: Step Time =    1.000,"LAGERSITZ_NEU-1",          4206,             4,          6939,      -115.584,      -26.4116,       25.1021,"ASSEMBLY_LAGERSITZ_NEU-1_SET-GEHAEUSE","ALUMINIUM",NA,            0.,            0.,            0.,            0.,  -1.10859E-15,   125.597E-18,       NoValue
D:/MoVerHu_Projekt/FE_Modell/FE-Abaqus-Model/Job-19.odb,Step-163,Increment      6: Step Time =    1.000,"LAGERSITZ_NEU-1",          4207,             4,          6940,      -118.984,      -28.9336,       23.9569,"ASSEMBLY_LAGERSITZ_NEU-1_SET-GEHAEUSE","ALUMINIUM",NA,            0.,            0.,            0.,            0.,  -869.042E-18,   831.778E-18,       NoValue
D:/MoVerHu_Projekt/FE_Modell/FE-Abaqus-Model/Job-19.odb,Step-163,Increment      6: Step Time =    1.000,"LAGERSITZ_NEU-1",          4210,             4,          6940,      -118.984,      -28.9336,       23.9569,"ASSEMBLY_LAGERSITZ_NEU-1_SET-GEHAEUSE","ALUMINIUM",NA,            0.,            0.,            0.,            0.,  -869.042E-18,   831.778E-18,       NoValue
D:/MoVerHu_Projekt/FE_Modell/FE-Abaqus-Model/Job-19.odb,Step-163,Increment      6: Step Time =    1.000,"LAGERSITZ_NEU-1",          4208,             4,          6940,      -118.984,      -28.9336,       23.9569,"ASSEMBLY_LAGERSITZ_NEU-1_SET-GEHAEUSE","ALUMINIUM",NA,            0.,            0.,            0.,            0.,  -869.042E-18,   831.778E-18,       NoValue
D:/MoVerHu_Projekt/FE_Modell/FE-Abaqus-Model/Job-19.odb,Step-163,Increment      6: Step Time =    1.000,"LAGERSITZ_NEU-1",          4211,             4,          6940,      -118.984,      -28.9336,       23.9569,"ASSEMBLY_LAGERSITZ_NEU-1_SET-GEHAEUSE","ALUMINIUM",NA,            0.,            0.,            0.,            0.,  -869.042E-18,   831.778E-18,       NoValue
D:/MoVerHu_Projekt/FE_Modell/FE-Abaqus-Model/Job-19.odb,Step-163,Increment      6: Step Time =    1.000,"LAGERSITZ_NEU-1",          4209,             4,          6941,      -115.584,      -28.9336,       23.9569,"ASSEMBLY_LAGERSITZ_NEU-1_SET-GEHAEUSE","ALUMINIUM",NA,            0.,            0.,            0.,            0.,  -187.081E-18,   1.16086E-15,       NoValue
D:/MoVerHu_Projekt/FE_Modell/FE-Abaqus-Model/Job-19.odb,Step-163,Increment      6: Step Time =    1.000,"LAGERSITZ_NEU-1",          4208,             4,          6941,      -115.584,      -28.9336,       23.9569,"ASSEMBLY_LAGERSITZ_NEU-1_SET-GEHAEUSE","ALUMINIUM",NA,            0.,            0.,            0.,            0.,  -187.081E-18,   1.16086E-15,       NoValue
D:/MoVerHu_Projekt/FE_Modell/FE-Abaqus-Model/Job-19.odb,Step-163,Increment      6: Step Time =    1.000,"LAGERSITZ_NEU-1",          4212,             4,          6941,      -115.584,      -28.9336,       23.9569,"ASSEMBLY_LAGERSITZ_NEU-1_SET-GEHAEUSE","ALUMINIUM",NA,            0.,            0.,            0.,            0.,  -187.081E-18,   1.16086E-15,       NoValue
D:/MoVerHu_Projekt/FE_Modell/FE-Abaqus-Model/Job-19.odb,Step-163,Increment      6: Step Time =    1.000,"LAGERSITZ_NEU-1",          4211,             4,          6941,      -115.584,      -28.9336,       23.9569,"ASSEMBLY_LAGERSITZ_NEU-1_SET-GEHAEUSE","ALUMINIUM",NA,            0.,            0.,            0.,            0.,  -187.081E-18,   1.16086E-15,       NoValue
D:/MoVerHu_Projekt/FE_Modell/FE-Abaqus-Model/Job-19.odb,Step-163,Increment      6: Step Time =    1.000,"LAGERSITZ_NEU-1",          4210,             4,          6942,      -118.984,      -31.3949,       22.6861,"ASSEMBLY_LAGERSITZ_NEU-1_SET-GEHAEUSE","ALUMINIUM",NA,            0.,            0.,            0.,            0.,  -829.784E-18,  -1.57009E-15,       NoValue
D:/MoVerHu_Projekt/FE_Modell/FE-Abaqus-Model/Job-19.odb,Step-163,Increment      6: Step Time =    1.000,"LAGERSITZ_NEU-1",          4213,             4,          6942,      -118.984,      -31.3949,       22.6861,"ASSEMBLY_LAGERSITZ_NEU-1_SET-GEHAEUSE","ALUMINIUM",NA,            0.,            0.,            0.,            0.,  -829.784E-18,  -1.57009E-15,       NoValue
D:/MoVerHu_Projekt/FE_Modell/FE-Abaqus-Model/Job-19.odb,Step-163,Increment      6: Step Time =    1.000,"LAGERSITZ_NEU-1",          4211,             4,          6942,      -118.984,      -31.3949,       22.6861,"ASSEMBLY_LAGERSITZ_NEU-1_SET-GEHAEUSE","ALUMINIUM",NA,            0.,            0.,            0.,            0.,  -829.784E-18,  -1.57009E-15,       NoValue
D:/MoVerHu_Projekt/FE_Modell/FE-Abaqus-Model/Job-19.odb,Step-163,Increment      6: Step Time =    1.000,"LAGERSITZ_NEU-1",          4214,             4,          6942,      -118.984,      -31.3949,       22.6861,"ASSEMBLY_LAGERSITZ_NEU-1_SET-GEHAEUSE","ALUMINIUM",NA,            0.,            0.,            0.,            0.,  -829.784E-18,  -1.57009E-15,       NoValue
D:/MoVerHu_Projekt/FE_Modell/FE-Abaqus-Model/Job-19.odb,Step-163,Increment      6: Step Time =    1.000,"LAGERSITZ_NEU-1",          4211,             4,          6943,      -115.584,      -31.3949,       22.6861,"ASSEMBLY_LAGERSITZ_NEU-1_SET-GEHAEUSE","ALUMINIUM",NA,            0.,            0.,            0.,            0.,   546.532E-18,  -1.38255E-15,       NoValue
D:/MoVerHu_Projekt/FE_Modell/FE-Abaqus-Model/Job-19.odb,Step-163,Increment      6: Step Time =    1.000,"LAGERSITZ_NEU-1",          4215,             4,          6943,      -115.584,      -31.3949,       22.6861,"ASSEMBLY_LAGERSITZ_NEU-1_SET-GEHAEUSE","ALUMINIUM",NA,            0.,            0.,            0.,            0.,   546.532E-18,  -1.38255E-15,       NoValue
D:/MoVerHu_Projekt/FE_Modell/FE-Abaqus-Model/Job-19.odb,Step-163,Increment      6: Step Time =    1.000,"LAGERSITZ_NEU-1",          4214,             4,          6943,      -115.584,      -31.3949,       22.6861,"ASSEMBLY_LAGERSITZ_NEU-1_SET-GEHAEUSE","ALUMINIUM",NA,            0.,            0.,            0.,            0.,   546.532E-18,  -1.38255E-15,       NoValue
D:/MoVerHu_Projekt/FE_Modell/FE-Abaqus-Model/Job-19.odb,Step-163,Increment      6: Step Time =    1.000,"LAGERSITZ_NEU-1",          4212,             4,          6943,      -115.584,      -31.3949,       22.6861,"ASSEMBLY_LAGERSITZ_NEU-1_SET-GEHAEUSE","ALUMINIUM",NA,            0.,            0.,            0.,            0.,   546.532E-18,  -1.38255E-15,       NoValue
D:/MoVerHu_Projekt/FE_Modell/FE-Abaqus-Model/Job-19.odb,Step-163,Increment      6: Step Time =    1.000,"LAGERSITZ_NEU-1",          4214,             4,          6944,      -118.984,      -33.7890,       21.2931,"ASSEMBLY_LAGERSITZ_NEU-1_SET-GEHAEUSE","ALUMINIUM",NA,            0.,            0.,            0.,            0.,   32.8460E-03,   24.5985E-03,       NoValue
D:/MoVerHu_Projekt/FE_Modell/FE-Abaqus-Model/Job-19.odb,Step-163,Increment      6: Step Time =    1.000,"LAGERSITZ_NEU-1",          4216,             4,          6944,      -118.984,      -33.7890,       21.2931,"ASSEMBLY_LAGERSITZ_NEU-1_SET-GEHAEUSE","ALUMINIUM",NA,            0.,            0.,            0.,            0.,   32.8460E-03,   24.5985E-03,       NoValue
D:/MoVerHu_Projekt/FE_Modell/FE-Abaqus-Model/Job-19.odb,Step-163,Increment      6: Step Time =    1.000,"LAGERSITZ_NEU-1",          4213,             4,          6944,      -118.984,      -33.7890,       21.2931,"ASSEMBLY_LAGERSITZ_NEU-1_SET-GEHAEUSE","ALUMINIUM",NA,            0.,            0.,            0.,            0.,   32.8460E-03,   24.5985E-03,       NoValue
D:/MoVerHu_Projekt/FE_Modell/FE-Abaqus-Model/Job-19.odb,Step-163,Increment      6: Step Time =    1.000,"LAGERSITZ_NEU-1",          4217,             4,          6944,      -118.984,      -33.7890,       21.2931,"ASSEMBLY_LAGERSITZ_NEU-1_SET-GEHAEUSE","ALUMINIUM",NA,            0.,            0.,            0.,            0.,   32.8460E-03,   24.5985E-03,       NoValue
D:/MoVerHu_Projekt/FE_Modell/FE-Abaqus-Model/Job-19.odb,Step-163,Increment      6: Step Time =    1.000,"LAGERSITZ_NEU-1",          4214,             4,          6945,      -115.584,      -33.7890,       21.2931,"ASSEMBLY_LAGERSITZ_NEU-1_SET-GEHAEUSE","ALUMINIUM",NA,            0.,            0.,            0.,            0.,   1.26815E-15,  -207.026E-18,       NoValue
D:/MoVerHu_Projekt/FE_Modell/FE-Abaqus-Model/Job-19.odb,Step-163,Increment      6: Step Time =    1.000,"LAGERSITZ_NEU-1",          4215,             4,          6945,      -115.584,      -33.7890,       21.2931,"ASSEMBLY_LAGERSITZ_NEU-1_SET-GEHAEUSE","ALUMINIUM",NA,            0.,            0.,            0.,            0.,   1.26815E-15,  -207.026E-18,       NoValue
D:/MoVerHu_Projekt/FE_Modell/FE-Abaqus-Model/Job-19.odb,Step-163,Increment      6: Step Time =    1.000,"LAGERSITZ_NEU-1",          4217,             4,          6945,      -115.584,      -33.7890,       21.2931,"ASSEMBLY_LAGERSITZ_NEU-1_SET-GEHAEUSE","ALUMINIUM",NA,            0.,            0.,            0.,            0.,   1.26815E-15,  -207.026E-18,       NoValue
D:/MoVerHu_Projekt/FE_Modell/FE-Abaqus-Model/Job-19.odb,Step-163,Increment      6: Step Time =    1.000,"LAGERSITZ_NEU-1",          4218,             4,          6945,      -115.584,      -33.7890,       21.2931,"ASSEMBLY_LAGERSITZ_NEU-1_SET-GEHAEUSE","ALUMINIUM",NA,            0.,            0.,            0.,            0.,   1.26815E-15,  -207.026E-18,       NoValue
D:/MoVerHu_Projekt/FE_Modell/FE-Abaqus-Model/Job-19.odb,Step-163,Increment      6: Step Time =    1.000,"LAGERSITZ_NEU-1",          4223,             4,          6968,      -118.984,      -38.2684,       18.2182,"ASSEMBLY_LAGERSITZ_NEU-1_SET-GEHAEUSE","ALUMINIUM",NA,            0.,            0.,            0.,            0.,   1.07901E-15,  -2.54087E-15,       NoValue
D:/MoVerHu_Projekt/FE_Modell/FE-Abaqus-Model/Job-19.odb,Step-163,Increment      6: Step Time =    1.000,"LAGERSITZ_NEU-1",          4220,             4,          6968,      -118.984,      -38.2684,       18.2182,"ASSEMBLY_LAGERSITZ_NEU-1_SET-GEHAEUSE","ALUMINIUM",NA,            0.,            0.,            0.,            0.,   1.07901E-15,  -2.54087E-15,       NoValue
D:/MoVerHu_Projekt/FE_Modell/FE-Abaqus-Model/Job-19.odb,Step-163,Increment      6: Step Time =    1.000,"LAGERSITZ_NEU-1",          4222,             4,          6968,      -118.984,      -38.2684,       18.2182,"ASSEMBLY_LAGERSITZ_NEU-1_SET-GEHAEUSE","ALUMINIUM",NA,            0.,            0.,            0.,            0.,   1.07901E-15,  -2.54087E-15,       NoValue
D:/MoVerHu_Projekt/FE_Modell/FE-Abaqus-Model/Job-19.odb,Step-163,Increment      6: Step Time =    1.000,"LAGERSITZ_NEU-1",          4219,             4,          6968,      -118.984,      -38.2684,       18.2182,"ASSEMBLY_LAGERSITZ_NEU-1_SET-GEHAEUSE","ALUMINIUM",NA,            0.,            0.,            0.,            0.,   1.07901E-15,  -2.54087E-15,       NoValue
D:/MoVerHu_Projekt/FE_Modell/FE-Abaqus-Model/Job-19.odb,Step-163,Increment      6: Step Time =    1.000,"LAGERSITZ_NEU-1",          4224,             4,          6969,      -115.584,      -38.2684,       18.2182,"ASSEMBLY_LAGERSITZ_NEU-1_SET-GEHAEUSE","ALUMINIUM",NA,            0.,            0.,            0.,            0.,   1.75233E-15,  -1.21560E-15,       NoValue
D:/MoVerHu_Projekt/FE_Modell/FE-Abaqus-Model/Job-19.odb,Step-163,Increment      6: Step Time =    1.000,"LAGERSITZ_NEU-1",          4221,             4,          6969,      -115.584,      -38.2684,       18.2182,"ASSEMBLY_LAGERSITZ_NEU-1_SET-GEHAEUSE","ALUMINIUM",NA,            0.,            0.,            0.,            0.,   1.75233E-15,  -1.21560E-15,       NoValue
D:/MoVerHu_Projekt/FE_Modell/FE-Abaqus-Model/Job-19.odb,Step-163,Increment      6: Step Time =    1.000,"LAGERSITZ_NEU-1",          4220,             4,          6969,      -115.584,      -38.2684,       18.2182,"ASSEMBLY_LAGERSITZ_NEU-1_SET-GEHAEUSE","ALUMINIUM",NA,            0.,            0.,            0.,            0.,   1.75233E-15,  -1.21560E-15,       NoValue
D:/MoVerHu_Projekt/FE_Modell/FE-Abaqus-Model/Job-19.odb,Step-163,Increment      6: Step Time =    1.000,"LAGERSITZ_NEU-1",          4223,             4,          6969,      -115.584,      -38.2684,       18.2182,"ASSEMBLY_LAGERSITZ_NEU-1_SET-GEHAEUSE","ALUMINIUM",NA,            0.,            0.,            0.,            0.,   1.75233E-15,  -1.21560E-15,       NoValue
D:/MoVerHu_Projekt/FE_Modell/FE-Abaqus-Model/Job-19.odb,Step-163,Increment      6: Step Time =    1.000,"LAGERSITZ_NEU-1",          4223,             4,          6970,      -118.984,      -40.3486,       16.5524,"ASSEMBLY_LAGERSITZ_NEU-1_SET-GEHAEUSE","ALUMINIUM",NA,            0.,            0.,            0.,            0.,  -1.57542E-15,   1.18380E-15,       NoValue
D:/MoVerHu_Projekt/FE_Modell/FE-Abaqus-Model/Job-19.odb,Step-163,Increment      6: Step Time =    1.000,"LAGERSITZ_NEU-1",          4222,             4,          6970,      -118.984,      -40.3486,       16.5524,"ASSEMBLY_LAGERSITZ_NEU-1_SET-GEHAEUSE","ALUMINIUM",NA,            0.,            0.,            0.,            0.,  -1.57542E-15,   1.18380E-15,       NoValue
D:/MoVerHu_Projekt/FE_Modell/FE-Abaqus-Model/Job-19.odb,Step-163,Increment      6: Step Time =    1.000,"LAGERSITZ_NEU-1",          4225,             4,          6970,      -118.984,      -40.3486,       16.5524,"ASSEMBLY_LAGERSITZ_NEU-1_SET-GEHAEUSE","ALUMINIUM",NA,            0.,            0.,            0.,            0.,  -1.57542E-15,   1.18380E-15,       NoValue
D:/MoVerHu_Projekt/FE_Modell/FE-Abaqus-Model/Job-19.odb,Step-163,Increment      6: Step Time =    1.000,"LAGERSITZ_NEU-1",          4226,             4,          6970,      -118.984,      -40.3486,       16.5524,"ASSEMBLY_LAGERSITZ_NEU-1_SET-GEHAEUSE","ALUMINIUM",NA,            0.,            0.,            0.,            0.,  -1.57542E-15,   1.18380E-15,       NoValue
D:/MoVerHu_Projekt/FE_Modell/FE-Abaqus-Model/Job-19.odb,Step-163,Increment      6: Step Time =    1.000,"LAGERSITZ_NEU-1",          4227,             4,          6971,      -115.584,      -40.3486,       16.5524,"ASSEMBLY_LAGERSITZ_NEU-1_SET-GEHAEUSE","ALUMINIUM",NA,            0.,            0.,            0.,            0.,  -687.363E-18,   1.51672E-15,       NoValue
D:/MoVerHu_Projekt/FE_Modell/FE-Abaqus-Model/Job-19.odb,Step-163,Increment      6: Step Time =    1.000,"LAGERSITZ_NEU-1",          4224,             4,          6971,      -115.584,      -40.3486,       16.5524,"ASSEMBLY_LAGERSITZ_NEU-1_SET-GEHAEUSE","ALUMINIUM",NA,            0.,            0.,            0.,            0.,  -687.363E-18,   1.51672E-15,       NoValue
D:/MoVerHu_Projekt/FE_Modell/FE-Abaqus-Model/Job-19.odb,Step-163,Increment      6: Step Time =    1.000,"LAGERSITZ_NEU-1",          4223,             4,          6971,      -115.584,      -40.3486,       16.5524,"ASSEMBLY_LAGERSITZ_NEU-1_SET-GEHAEUSE","ALUMINIUM",NA,            0.,            0.,            0.,            0.,  -687.363E-18,   1.51672E-15,       NoValue
D:/MoVerHu_Projekt/FE_Modell/FE-Abaqus-Model/Job-19.odb,Step-163,Increment      6: Step Time =    1.000,"LAGERSITZ_NEU-1",          4226,             4,          6971,      -115.584,      -40.3486,       16.5524,"ASSEMBLY_LAGERSITZ_NEU-1_SET-GEHAEUSE","ALUMINIUM",NA,            0.,            0.,            0.,            0.,  -687.363E-18,   1.51672E-15,       NoValue
D:/MoVerHu_Projekt/FE_Modell/FE-Abaqus-Model/Job-19.odb,Step-163,Increment      6: Step Time =    1.000,"LAGERSITZ_NEU-1",          4226,             4,          6972,      -118.984,      -42.3457,       14.7878,"ASSEMBLY_LAGERSITZ_NEU-1_SET-GEHAEUSE","ALUMINIUM",NA,            0.,            0.,            0.,            0.,   261.426E-18,  -356.903E-18,       NoValue
D:/MoVerHu_Projekt/FE_Modell/FE-Abaqus-Model/Job-19.odb,Step-163,Increment      6: Step Time =    1.000,"LAGERSITZ_NEU-1",          4225,             4,          6972,      -118.984,      -42.3457,       14.7878,"ASSEMBLY_LAGERSITZ_NEU-1_SET-GEHAEUSE","ALUMINIUM",NA,            0.,            0.,            0.,            0.,   261.426E-18,  -356.903E-18,       NoValue
D:/MoVerHu_Projekt/FE_Modell/FE-Abaqus-Model/Job-19.odb,Step-163,Increment      6: Step Time =    1.000,"LAGERSITZ_NEU-1",          4228,             4,          6972,      -118.984,      -42.3457,       14.7878,"ASSEMBLY_LAGERSITZ_NEU-1_SET-GEHAEUSE","ALUMINIUM",NA,            0.,            0.,            0.,            0.,   261.426E-18,  -356.903E-18,       NoValue
D:/MoVerHu_Projekt/FE_Modell/FE-Abaqus-Model/Job-19.odb,Step-163,Increment      6: Step Time =    1.000,"LAGERSITZ_NEU-1",          4229,             4,          6972,      -118.984,      -42.3457,       14.7878,"ASSEMBLY_LAGERSITZ_NEU-1_SET-GEHAEUSE","ALUMINIUM",NA,            0.,            0.,            0.,            0.,   261.426E-18,  -356.903E-18,       NoValue
D:/MoVerHu_Projekt/FE_Modell/FE-Abaqus-Model/Job-19.odb,Step-163,Increment      6: Step Time =    1.000,"LAGERSITZ_NEU-1",          4227,             4,          6973,      -115.584,      -42.3457,       14.7878,"ASSEMBLY_LAGERSITZ_NEU-1_SET-GEHAEUSE","ALUMINIUM",NA,            0.,            0.,            0.,            0.,   236.822E-18,   1.57174E-15,       NoValue
D:/MoVerHu_Projekt/FE_Modell/FE-Abaqus-Model/Job-19.odb,Step-163,Increment      6: Step Time =    1.000,"LAGERSITZ_NEU-1",          4229,             4,          6973,      -115.584,      -42.3457,       14.7878,"ASSEMBLY_LAGERSITZ_NEU-1_SET-GEHAEUSE","ALUMINIUM",NA,            0.,            0.,            0.,            0.,   236.822E-18,   1.57174E-15,       NoValue
D:/MoVerHu_Projekt/FE_Modell/FE-Abaqus-Model/Job-19.odb,Step-163,Increment      6: Step Time =    1.000,"LAGERSITZ_NEU-1",          4226,             4,          6973,      -115.584,      -42.3457,       14.7878,"ASSEMBLY_LAGERSITZ_NEU-1_SET-GEHAEUSE","ALUMINIUM",NA,            0.,            0.,            0.,            0.,   236.822E-18,   1.57174E-15,       NoValue
D:/MoVerHu_Projekt/FE_Modell/FE-Abaqus-Model/Job-19.odb,Step-163,Increment      6: Step Time =    1.000,"LAGERSITZ_NEU-1",          4230,             4,          6973,      -115.584,      -42.3457,       14.7878,"ASSEMBLY_LAGERSITZ_NEU-1_SET-GEHAEUSE","ALUMINIUM",NA,            0.,            0.,            0.,            0.,   236.822E-18,   1.57174E-15,       NoValue
D:/MoVerHu_Projekt/FE_Modell/FE-Abaqus-Model/Job-19.odb,Step-163,Increment      6: Step Time =    1.000,"LAGERSITZ_NEU-1",          4229,             4,          6974,      -118.984,      -44.2550,       12.9285,"ASSEMBLY_LAGERSITZ_NEU-1_SET-GEHAEUSE","ALUMINIUM",NA,            0.,            0.,            0.,            0.,  -1.97555E-15,   1.58435E-15,       NoValue
D:/MoVerHu_Projekt/FE_Modell/FE-Abaqus-Model/Job-19.odb,Step-163,Increment      6: Step Time =    1.000,"LAGERSITZ_NEU-1",          4231,             4,          6974,      -118.984,      -44.2550,       12.9285,"ASSEMBLY_LAGERSITZ_NEU-1_SET-GEHAEUSE","ALUMINIUM",NA,            0.,            0.,            0.,            0.,  -1.97555E-15,   1.58435E-15,       NoValue
D:/MoVerHu_Projekt/FE_Modell/FE-Abaqus-Model/Job-19.odb,Step-163,Increment      6: Step Time =    1.000,"LAGERSITZ_NEU-1",          4232,             4,          6974,      -118.984,      -44.2550,       12.9285,"ASSEMBLY_LAGERSITZ_NEU-1_SET-GEHAEUSE","ALUMINIUM",NA,            0.,            0.,            0.,            0.,  -1.97555E-15,   1.58435E-15,       NoValue
D:/MoVerHu_Projekt/FE_Modell/FE-Abaqus-Model/Job-19.odb,Step-163,Increment      6: Step Time =    1.000,"LAGERSITZ_NEU-1",          4228,             4,          6974,      -118.984,      -44.2550,       12.9285,"ASSEMBLY_LAGERSITZ_NEU-1_SET-GEHAEUSE","ALUMINIUM",NA,            0.,            0.,            0.,            0.,  -1.97555E-15,   1.58435E-15,       NoValue
D:/MoVerHu_Projekt/FE_Modell/FE-Abaqus-Model/Job-19.odb,Step-163,Increment      6: Step Time =    1.000,"LAGERSITZ_NEU-1",          4233,             4,          6975,      -115.584,      -44.2550,       12.9285,"ASSEMBLY_LAGERSITZ_NEU-1_SET-GEHAEUSE","ALUMINIUM",NA,            0.,            0.,            0.,            0.,  -429.967E-18,   2.39439E-15,       NoValue
D:/MoVerHu_Projekt/FE_Modell/FE-Abaqus-Model/Job-19.odb,Step-163,Increment      6: Step Time =    1.000,"LAGERSITZ_NEU-1",          4232,             4,          6975,      -115.584,      -44.2550,       12.9285,"ASSEMBLY_LAGERSITZ_NEU-1_SET-GEHAEUSE","ALUMINIUM",NA,            0.,            0.,            0.,            0.,  -429.967E-18,   2.39439E-15,       NoValue
D:/MoVerHu_Projekt/FE_Modell/FE-Abaqus-Model/Job-19.odb,Step-163,Increment      6: Step Time =    1.000,"LAGERSITZ_NEU-1",          4229,             4,          6975,      -115.584,      -44.2550,       12.9285,"ASSEMBLY_LAGERSITZ_NEU-1_SET-GEHAEUSE","ALUMINIUM",NA,            0.,            0.,            0.,            0.,  -429.967E-18,   2.39439E-15,       NoValue
D:/MoVerHu_Projekt/FE_Modell/FE-Abaqus-Model/Job-19.odb,Step-163,Increment      6: Step Time =    1.000,"LAGERSITZ_NEU-1",          4230,             4,          6975,      -115.584,      -44.2550,       12.9285,"ASSEMBLY_LAGERSITZ_NEU-1_SET-GEHAEUSE","ALUMINIUM",NA,            0.,            0.,            0.,            0.,  -429.967E-18,   2.39439E-15,       NoValue
D:/MoVerHu_Projekt/FE_Modell/FE-Abaqus-Model/Job-19.odb,Step-163,Increment      6: Step Time =    1.000,"LAGERSITZ_NEU-1",          4235,             4,          6976,      -118.984,      -46.0720,       10.9790,"ASSEMBLY_LAGERSITZ_NEU-1_SET-GEHAEUSE","ALUMINIUM",NA,            0.,            0.,            0.,            0.,  -249.439E-18,   2.63693E-15,       NoValue
D:/MoVerHu_Projekt/FE_Modell/FE-Abaqus-Model/Job-19.odb,Step-163,Increment      6: Step Time =    1.000,"LAGERSITZ_NEU-1",          4232,             4,          6976,      -118.984,      -46.0720,       10.9790,"ASSEMBLY_LAGERSITZ_NEU-1_SET-GEHAEUSE","ALUMINIUM",NA,            0.,            0.,            0.,            0.,  -249.439E-18,   2.63693E-15,       NoValue
D:/MoVerHu_Projekt/FE_Modell/FE-Abaqus-Model/Job-19.odb,Step-163,Increment      6: Step Time =    1.000,"LAGERSITZ_NEU-1",          4234,             4,          6976,      -118.984,      -46.0720,       10.9790,"ASSEMBLY_LAGERSITZ_NEU-1_SET-GEHAEUSE","ALUMINIUM",NA,            0.,            0.,            0.,            0.,  -249.439E-18,   2.63693E-15,       NoValue
D:/MoVerHu_Projekt/FE_Modell/FE-Abaqus-Model/Job-19.odb,Step-163,Increment      6: Step Time =    1.000,"LAGERSITZ_NEU-1",          4231,             4,          6976,      -118.984,      -46.0720,       10.9790,"ASSEMBLY_LAGERSITZ_NEU-1_SET-GEHAEUSE","ALUMINIUM",NA,            0.,            0.,            0.,            0.,  -249.439E-18,   2.63693E-15,       NoValue
D:/MoVerHu_Projekt/FE_Modell/FE-Abaqus-Model/Job-19.odb,Step-163,Increment      6: Step Time =    1.000,"LAGERSITZ_NEU-1",          4233,             4,          6977,      -115.584,      -46.0720,       10.9790,"ASSEMBLY_LAGERSITZ_NEU-1_SET-GEHAEUSE","ALUMINIUM",NA,            0.,            0.,            0.,            0.,   609.464E-18,   2.14498E-15,       NoValue
D:/MoVerHu_Projekt/FE_Modell/FE-Abaqus-Model/Job-19.odb,Step-163,Increment      6: Step Time =    1.000,"LAGERSITZ_NEU-1",          4236,             4,          6977,      -115.584,      -46.0720,       10.9790,"ASSEMBLY_LAGERSITZ_NEU-1_SET-GEHAEUSE","ALUMINIUM",NA,            0.,            0.,            0.,            0.,   609.464E-18,   2.14498E-15,       NoValue
D:/MoVerHu_Projekt/FE_Modell/FE-Abaqus-Model/Job-19.odb,Step-163,Increment      6: Step Time =    1.000,"LAGERSITZ_NEU-1",          4235,             4,          6977,      -115.584,      -46.0720,       10.9790,"ASSEMBLY_LAGERSITZ_NEU-1_SET-GEHAEUSE","ALUMINIUM",NA,            0.,            0.,            0.,            0.,   609.464E-18,   2.14498E-15,       NoValue
D:/MoVerHu_Projekt/FE_Modell/FE-Abaqus-Model/Job-19.odb,Step-163,Increment      6: Step Time =    1.000,"LAGERSITZ_NEU-1",          4232,             4,          6977,      -115.584,      -46.0720,       10.9790,"ASSEMBLY_LAGERSITZ_NEU-1_SET-GEHAEUSE","ALUMINIUM",NA,            0.,            0.,            0.,            0.,   609.464E-18,   2.14498E-15,       NoValue
D:/MoVerHu_Projekt/FE_Modell/FE-Abaqus-Model/Job-19.odb,Step-163,Increment      6: Step Time =    1.000,"LAGERSITZ_NEU-1",          4238,             4,          6978,      -118.984,      -47.7924,       8.94367,"ASSEMBLY_LAGERSITZ_NEU-1_SET-GEHAEUSE","ALUMINIUM",NA,            0.,            0.,            0.,            0.,   2.51349E-15,   94.0626E-18,       NoValue
D:/MoVerHu_Projekt/FE_Modell/FE-Abaqus-Model/Job-19.odb,Step-163,Increment      6: Step Time =    1.000,"LAGERSITZ_NEU-1",          4237,             4,          6978,      -118.984,      -47.7924,       8.94367,"ASSEMBLY_LAGERSITZ_NEU-1_SET-GEHAEUSE","ALUMINIUM",NA,            0.,            0.,            0.,            0.,   2.51349E-15,   94.0626E-18,       NoValue
D:/MoVerHu_Projekt/FE_Modell/FE-Abaqus-Model/Job-19.odb,Step-163,Increment      6: Step Time =    1.000,"LAGERSITZ_NEU-1",          4234,             4,          6978,      -118.984,      -47.7924,       8.94367,"ASSEMBLY_LAGERSITZ_NEU-1_SET-GEHAEUSE","ALUMINIUM",NA,            0.,            0.,            0.,            0.,   2.51349E-15,   94.0626E-18,       NoValue
D:/MoVerHu_Projekt/FE_Modell/FE-Abaqus-Model/Job-19.odb,Step-163,Increment      6: Step Time =    1.000,"LAGERSITZ_NEU-1",          4235,             4,          6978,      -118.984,      -47.7924,       8.94367,"ASSEMBLY_LAGERSITZ_NEU-1_SET-GEHAEUSE","ALUMINIUM",NA,            0.,            0.,            0.,            0.,   2.51349E-15,   94.0626E-18,       NoValue
D:/MoVerHu_Projekt/FE_Modell/FE-Abaqus-Model/Job-19.odb,Step-163,Increment      6: Step Time =    1.000,"LAGERSITZ_NEU-1",          4238,             4,          6979,      -115.584,      -47.7924,       8.94367,"ASSEMBLY_LAGERSITZ_NEU-1_SET-GEHAEUSE","ALUMINIUM",NA,            0.,            0.,            0.,            0.,   935.988E-18,   492.692E-18,       NoValue
D:/MoVerHu_Projekt/FE_Modell/FE-Abaqus-Model/Job-19.odb,Step-163,Increment      6: Step Time =    1.000,"LAGERSITZ_NEU-1",          4239,             4,          6979,      -115.584,      -47.7924,       8.94367,"ASSEMBLY_LAGERSITZ_NEU-1_SET-GEHAEUSE","ALUMINIUM",NA,            0.,            0.,            0.,            0.,   935.988E-18,   492.692E-18,       NoValue
D:/MoVerHu_Projekt/FE_Modell/FE-Abaqus-Model/Job-19.odb,Step-163,Increment      6: Step Time =    1.000,"LAGERSITZ_NEU-1",          4236,             4,          6979,      -115.584,      -47.7924,       8.94367,"ASSEMBLY_LAGERSITZ_NEU-1_SET-GEHAEUSE","ALUMINIUM",NA,            0.,            0.,            0.,            0.,   935.988E-18,   492.692E-18,       NoValue
D:/MoVerHu_Projekt/FE_Modell/FE-Abaqus-Model/Job-19.odb,Step-163,Increment      6: Step Time =    1.000,"LAGERSITZ_NEU-1",          4235,             4,          6979,      -115.584,      -47.7924,       8.94367,"ASSEMBLY_LAGERSITZ_NEU-1_SET-GEHAEUSE","ALUMINIUM",NA,            0.,            0.,            0.,            0.,   935.988E-18,   492.692E-18,       NoValue
D:/MoVerHu_Projekt/FE_Modell/FE-Abaqus-Model/Job-19.odb,Step-163,Increment      6: Step Time =    1.000,"LAGERSITZ_NEU-1",          4238,             4,          6980,      -118.984,      -49.4121,       6.82743,"ASSEMBLY_LAGERSITZ_NEU-1_SET-GEHAEUSE","ALUMINIUM",NA,            0.,            0.,            0.,            0.,   107.959E-18,   400.510E-18,       NoValue
D:/MoVerHu_Projekt/FE_Modell/FE-Abaqus-Model/Job-19.odb,Step-163,Increment      6: Step Time =    1.000,"LAGERSITZ_NEU-1",          4240,             4,          6980,      -118.984,      -49.4121,       6.82743,"ASSEMBLY_LAGERSITZ_NEU-1_SET-GEHAEUSE","ALUMINIUM",NA,            0.,            0.,            0.,            0.,   107.959E-18,   400.510E-18,       NoValue
D:/MoVerHu_Projekt/FE_Modell/FE-Abaqus-Model/Job-19.odb,Step-163,Increment      6: Step Time =    1.000,"LAGERSITZ_NEU-1",          4237,             4,          6980,      -118.984,      -49.4121,       6.82743,"ASSEMBLY_LAGERSITZ_NEU-1_SET-GEHAEUSE","ALUMINIUM",NA,            0.,            0.,            0.,            0.,   107.959E-18,   400.510E-18,       NoValue
D:/MoVerHu_Projekt/FE_Modell/FE-Abaqus-Model/Job-19.odb,Step-163,Increment      6: Step Time =    1.000,"LAGERSITZ_NEU-1",          4241,             4,          6980,      -118.984,      -49.4121,       6.82743,"ASSEMBLY_LAGERSITZ_NEU-1_SET-GEHAEUSE","ALUMINIUM",NA,            0.,            0.,            0.,            0.,   107.959E-18,   400.510E-18,       NoValue
D:/MoVerHu_Projekt/FE_Modell/FE-Abaqus-Model/Job-19.odb,Step-163,Increment      6: Step Time =    1.000,"LAGERSITZ_NEU-1",          4239,             4,          6981,      -115.584,      -49.4121,       6.82743,"ASSEMBLY_LAGERSITZ_NEU-1_SET-GEHAEUSE","ALUMINIUM",NA,            0.,            0.,            0.,            0.,   2.57257E-15,   492.972E-18,       NoValue
D:/MoVerHu_Projekt/FE_Modell/FE-Abaqus-Model/Job-19.odb,Step-163,Increment      6: Step Time =    1.000,"LAGERSITZ_NEU-1",          4242,             4,          6981,      -115.584,      -49.4121,       6.82743,"ASSEMBLY_LAGERSITZ_NEU-1_SET-GEHAEUSE","ALUMINIUM",NA,            0.,            0.,            0.,            0.,   2.57257E-15,   492.972E-18,       NoValue
D:/MoVerHu_Projekt/FE_Modell/FE-Abaqus-Model/Job-19.odb,Step-163,Increment      6: Step Time =    1.000,"LAGERSITZ_NEU-1",          4241,             4,          6981,      -115.584,      -49.4121,       6.82743,"ASSEMBLY_LAGERSITZ_NEU-1_SET-GEHAEUSE","ALUMINIUM",NA,            0.,            0.,            0.,            0.,   2.57257E-15,   492.972E-18,       NoValue
D:/MoVerHu_Projekt/FE_Modell/FE-Abaqus-Model/Job-19.odb,Step-163,Increment      6: Step Time =    1.000,"LAGERSITZ_NEU-1",          4238,             4,          6981,      -115.584,      -49.4121,       6.82743,"ASSEMBLY_LAGERSITZ_NEU-1_SET-GEHAEUSE","ALUMINIUM",NA,            0.,            0.,            0.,            0.,   2.57257E-15,   492.972E-18,       NoValue
D:/MoVerHu_Projekt/FE_Modell/FE-Abaqus-Model/Job-19.odb,Step-163,Increment      6: Step Time =    1.000,"LAGERSITZ_NEU-1",          4241,             4,          6982,      -118.984,      -50.9275,       4.63521,"ASSEMBLY_LAGERSITZ_NEU-1_SET-GEHAEUSE","ALUMINIUM",NA,            0.,            0.,            0.,            0.,  -747.303E-18,  -196.441E-18,       NoValue
D:/MoVerHu_Projekt/FE_Modell/FE-Abaqus-Model/Job-19.odb,Step-163,Increment      6: Step Time =    1.000,"LAGERSITZ_NEU-1",          4243,             4,          6982,      -118.984,      -50.9275,       4.63521,"ASSEMBLY_LAGERSITZ_NEU-1_SET-GEHAEUSE","ALUMINIUM",NA,            0.,            0.,            0.,            0.,  -747.303E-18,  -196.441E-18,       NoValue
D:/MoVerHu_Projekt/FE_Modell/FE-Abaqus-Model/Job-19.odb,Step-163,Increment      6: Step Time =    1.000,"LAGERSITZ_NEU-1",          4244,             4,          6982,      -118.984,      -50.9275,       4.63521,"ASSEMBLY_LAGERSITZ_NEU-1_SET-GEHAEUSE","ALUMINIUM",NA,            0.,            0.,            0.,            0.,  -747.303E-18,  -196.441E-18,       NoValue
D:/MoVerHu_Projekt/FE_Modell/FE-Abaqus-Model/Job-19.odb,Step-163,Increment      6: Step Time =    1.000,"LAGERSITZ_NEU-1",          4240,             4,          6982,      -118.984,      -50.9275,       4.63521,"ASSEMBLY_LAGERSITZ_NEU-1_SET-GEHAEUSE","ALUMINIUM",NA,            0.,            0.,            0.,            0.,  -747.303E-18,  -196.441E-18,       NoValue
D:/MoVerHu_Projekt/FE_Modell/FE-Abaqus-Model/Job-19.odb,Step-163,Increment      6: Step Time =    1.000,"LAGERSITZ_NEU-1",          4244,             4,          6983,      -115.584,      -50.9275,       4.63521,"ASSEMBLY_LAGERSITZ_NEU-1_SET-GEHAEUSE","ALUMINIUM",NA,            0.,            0.,            0.,            0.,  -541.063E-18,   238.453E-18,       NoValue
D:/MoVerHu_Projekt/FE_Modell/FE-Abaqus-Model/Job-19.odb,Step-163,Increment      6: Step Time =    1.000,"LAGERSITZ_NEU-1",          4245,             4,          6983,      -115.584,      -50.9275,       4.63521,"ASSEMBLY_LAGERSITZ_NEU-1_SET-GEHAEUSE","ALUMINIUM",NA,            0.,            0.,            0.,            0.,  -541.063E-18,   238.453E-18,       NoValue
D:/MoVerHu_Projekt/FE_Modell/FE-Abaqus-Model/Job-19.odb,Step-163,Increment      6: Step Time =    1.000,"LAGERSITZ_NEU-1",          4242,             4,          6983,      -115.584,      -50.9275,       4.63521,"ASSEMBLY_LAGERSITZ_NEU-1_SET-GEHAEUSE","ALUMINIUM",NA,            0.,            0.,            0.,            0.,  -541.063E-18,   238.453E-18,       NoValue
D:/MoVerHu_Projekt/FE_Modell/FE-Abaqus-Model/Job-19.odb,Step-163,Increment      6: Step Time =    1.000,"LAGERSITZ_NEU-1",          4241,             4,          6983,      -115.584,      -50.9275,       4.63521,"ASSEMBLY_LAGERSITZ_NEU-1_SET-GEHAEUSE","ALUMINIUM",NA,            0.,            0.,            0.,            0.,  -541.063E-18,   238.453E-18,       NoValue
D:/MoVerHu_Projekt/FE_Modell/FE-Abaqus-Model/Job-19.odb,Step-163,Increment      6: Step Time =    1.000,"LAGERSITZ_NEU-1",          4243,             4,          6984,      -118.984,      -52.3349,       2.37215,"ASSEMBLY_LAGERSITZ_NEU-1_SET-GEHAEUSE","ALUMINIUM",NA,            0.,            0.,            0.,            0.,  -617.877E-18,  -1.40972E-15,       NoValue
D:/MoVerHu_Projekt/FE_Modell/FE-Abaqus-Model/Job-19.odb,Step-163,Increment      6: Step Time =    1.000,"LAGERSITZ_NEU-1",          4246,             4,          6984,      -118.984,      -52.3349,       2.37215,"ASSEMBLY_LAGERSITZ_NEU-1_SET-GEHAEUSE","ALUMINIUM",NA,            0.,            0.,            0.,            0.,  -617.877E-18,  -1.40972E-15,       NoValue
D:/MoVerHu_Projekt/FE_Modell/FE-Abaqus-Model/Job-19.odb,Step-163,Increment      6: Step Time =    1.000,"LAGERSITZ_NEU-1",          4247,             4,          6984,      -118.984,      -52.3349,       2.37215,"ASSEMBLY_LAGERSITZ_NEU-1_SET-GEHAEUSE","ALUMINIUM",NA,            0.,            0.,            0.,            0.,  -617.877E-18,  -1.40972E-15,       NoValue
D:/MoVerHu_Projekt/FE_Modell/FE-Abaqus-Model/Job-19.odb,Step-163,Increment      6: Step Time =    1.000,"LAGERSITZ_NEU-1",          4244,             4,          6984,      -118.984,      -52.3349,       2.37215,"ASSEMBLY_LAGERSITZ_NEU-1_SET-GEHAEUSE","ALUMINIUM",NA,            0.,            0.,            0.,            0.,  -617.877E-18,  -1.40972E-15,       NoValue
D:/MoVerHu_Projekt/FE_Modell/FE-Abaqus-Model/Job-19.odb,Step-163,Increment      6: Step Time =    1.000,"LAGERSITZ_NEU-1",          4247,             4,          6985,      -115.584,      -52.3349,       2.37215,"ASSEMBLY_LAGERSITZ_NEU-1_SET-GEHAEUSE","ALUMINIUM",NA,            0.,            0.,            0.,            0.,  -1.69947E-15,  -366.310E-18,       NoValue
D:/MoVerHu_Projekt/FE_Modell/FE-Abaqus-Model/Job-19.odb,Step-163,Increment      6: Step Time =    1.000,"LAGERSITZ_NEU-1",          4244,             4,          6985,      -115.584,      -52.3349,       2.37215,"ASSEMBLY_LAGERSITZ_NEU-1_SET-GEHAEUSE","ALUMINIUM",NA,            0.,            0.,            0.,            0.,  -1.69947E-15,  -366.310E-18,       NoValue
D:/MoVerHu_Projekt/FE_Modell/FE-Abaqus-Model/Job-19.odb,Step-163,Increment      6: Step Time =    1.000,"LAGERSITZ_NEU-1",          4248,             4,          6985,      -115.584,      -52.3349,       2.37215,"ASSEMBLY_LAGERSITZ_NEU-1_SET-GEHAEUSE","ALUMINIUM",NA,            0.,            0.,            0.,            0.,  -1.69947E-15,  -366.310E-18,       NoValue
D:/MoVerHu_Projekt/FE_Modell/FE-Abaqus-Model/Job-19.odb,Step-163,Increment      6: Step Time =    1.000,"LAGERSITZ_NEU-1",          4245,             4,          6985,      -115.584,      -52.3349,       2.37215,"ASSEMBLY_LAGERSITZ_NEU-1_SET-GEHAEUSE","ALUMINIUM",NA,            0.,            0.,            0.,            0.,  -1.69947E-15,  -366.310E-18,       NoValue
D:/MoVerHu_Projekt/FE_Modell/FE-Abaqus-Model/Job-19.odb,Step-163,Increment      6: Step Time =    1.000,"LAGERSITZ_NEU-1",          4247,             4,          6986,      -118.984,      -53.6310,   43.5776E-03,"ASSEMBLY_LAGERSITZ_NEU-1_SET-GEHAEUSE","ALUMINIUM",NA,            0.,            0.,            0.,            0.,  -1.32242E-15,  -678.350E-18,       NoValue
D:/MoVerHu_Projekt/FE_Modell/FE-Abaqus-Model/Job-19.odb,Step-163,Increment      6: Step Time =    1.000,"LAGERSITZ_NEU-1",          4246,             4,          6986,      -118.984,      -53.6310,   43.5776E-03,"ASSEMBLY_LAGERSITZ_NEU-1_SET-GEHAEUSE","ALUMINIUM",NA,            0.,            0.,            0.,            0.,  -1.32242E-15,  -678.350E-18,       NoValue
D:/MoVerHu_Projekt/FE_Modell/FE-Abaqus-Model/Job-19.odb,Step-163,Increment      6: Step Time =    1.000,"LAGERSITZ_NEU-1",          4249,             4,          6986,      -118.984,      -53.6310,   43.5776E-03,"ASSEMBLY_LAGERSITZ_NEU-1_SET-GEHAEUSE","ALUMINIUM",NA,            0.,            0.,            0.,            0.,  -1.32242E-15,  -678.350E-18,       NoValue
D:/MoVerHu_Projekt/FE_Modell/FE-Abaqus-Model/Job-19.odb,Step-163,Increment      6: Step Time =    1.000,"LAGERSITZ_NEU-1",          4250,             4,          6986,      -118.984,      -53.6310,   43.5776E-03,"ASSEMBLY_LAGERSITZ_NEU-1_SET-GEHAEUSE","ALUMINIUM",NA,            0.,            0.,            0.,            0.,  -1.32242E-15,  -678.350E-18,       NoValue
D:/MoVerHu_Projekt/FE_Modell/FE-Abaqus-Model/Job-19.odb,Step-163,Increment      6: Step Time =    1.000,"LAGERSITZ_NEU-1",          4248,             4,          6987,      -115.584,      -53.6310,   43.5776E-03,"ASSEMBLY_LAGERSITZ_NEU-1_SET-GEHAEUSE","ALUMINIUM",NA,            0.,            0.,            0.,            0.,  -2.21732E-15,  -1.15052E-15,       NoValue
D:/MoVerHu_Projekt/FE_Modell/FE-Abaqus-Model/Job-19.odb,Step-163,Increment      6: Step Time =    1.000,"LAGERSITZ_NEU-1",          4247,             4,          6987,      -115.584,      -53.6310,   43.5776E-03,"ASSEMBLY_LAGERSITZ_NEU-1_SET-GEHAEUSE","ALUMINIUM",NA,            0.,            0.,            0.,            0.,  -2.21732E-15,  -1.15052E-15,       NoValue
D:/MoVerHu_Projekt/FE_Modell/FE-Abaqus-Model/Job-19.odb,Step-163,Increment      6: Step Time =    1.000,"LAGERSITZ_NEU-1",          4250,             4,          6987,      -115.584,      -53.6310,   43.5776E-03,"ASSEMBLY_LAGERSITZ_NEU-1_SET-GEHAEUSE","ALUMINIUM",NA,            0.,            0.,            0.,            0.,  -2.21732E-15,  -1.15052E-15,       NoValue
D:/MoVerHu_Projekt/FE_Modell/FE-Abaqus-Model/Job-19.odb,Step-163,Increment      6: Step Time =    1.000,"LAGERSITZ_NEU-1",          4251,             4,          6987,      -115.584,      -53.6310,   43.5776E-03,"ASSEMBLY_LAGERSITZ_NEU-1_SET-GEHAEUSE","ALUMINIUM",NA,            0.,            0.,            0.,            0.,  -2.21732E-15,  -1.15052E-15,       NoValue
D:/MoVerHu_Projekt/FE_Modell/FE-Abaqus-Model/Job-19.odb,Step-163,Increment      6: Step Time =    1.000,"LAGERSITZ_NEU-1",          4250,             4,          6988,      -118.984,      -54.8129,      -2.34505,"ASSEMBLY_LAGERSITZ_NEU-1_SET-GEHAEUSE","ALUMINIUM",NA,            0.,            0.,            0.,            0.,   1.23130E-15,   1.66645E-15,       NoValue
D:/MoVerHu_Projekt/FE_Modell/FE-Abaqus-Model/Job-19.odb,Step-163,Increment      6: Step Time =    1.000,"LAGERSITZ_NEU-1",          4252,             4,          6988,      -118.984,      -54.8129,      -2.34505,"ASSEMBLY_LAGERSITZ_NEU-1_SET-GEHAEUSE","ALUMINIUM",NA,            0.,            0.,            0.,            0.,   1.23130E-15,   1.66645E-15,       NoValue
D:/MoVerHu_Projekt/FE_Modell/FE-Abaqus-Model/Job-19.odb,Step-163,Increment      6: Step Time =    1.000,"LAGERSITZ_NEU-1",          4253,             4,          6988,      -118.984,      -54.8129,      -2.34505,"ASSEMBLY_LAGERSITZ_NEU-1_SET-GEHAEUSE","ALUMINIUM",NA,            0.,            0.,            0.,            0.,   1.23130E-15,   1.66645E-15,       NoValue
D:/MoVerHu_Projekt/FE_Modell/FE-Abaqus-Model/Job-19.odb,Step-163,Increment      6: Step Time =    1.000,"LAGERSITZ_NEU-1",          4249,             4,          6988,      -118.984,      -54.8129,      -2.34505,"ASSEMBLY_LAGERSITZ_NEU-1_SET-GEHAEUSE","ALUMINIUM",NA,            0.,            0.,            0.,            0.,   1.23130E-15,   1.66645E-15,       NoValue
D:/MoVerHu_Projekt/FE_Modell/FE-Abaqus-Model/Job-19.odb,Step-163,Increment      6: Step Time =    1.000,"LAGERSITZ_NEU-1",          4250,             4,          6989,      -115.584,      -54.8129,      -2.34505,"ASSEMBLY_LAGERSITZ_NEU-1_SET-GEHAEUSE","ALUMINIUM",NA,            0.,            0.,            0.,            0.,  -1.31090E-15,   1.19626E-15,       NoValue
D:/MoVerHu_Projekt/FE_Modell/FE-Abaqus-Model/Job-19.odb,Step-163,Increment      6: Step Time =    1.000,"LAGERSITZ_NEU-1",          4254,             4,          6989,      -115.584,      -54.8129,      -2.34505,"ASSEMBLY_LAGERSITZ_NEU-1_SET-GEHAEUSE","ALUMINIUM",NA,            0.,            0.,            0.,            0.,  -1.31090E-15,   1.19626E-15,       NoValue
D:/MoVerHu_Projekt/FE_Modell/FE-Abaqus-Model/Job-19.odb,Step-163,Increment      6: Step Time =    1.000,"LAGERSITZ_NEU-1",          4253,             4,          6989,      -115.584,      -54.8129,      -2.34505,"ASSEMBLY_LAGERSITZ_NEU-1_SET-GEHAEUSE","ALUMINIUM",NA,            0.,            0.,            0.,            0.,  -1.31090E-15,   1.19626E-15,       NoValue
D:/MoVerHu_Projekt/FE_Modell/FE-Abaqus-Model/Job-19.odb,Step-163,Increment      6: Step Time =    1.000,"LAGERSITZ_NEU-1",          4251,             4,          6989,      -115.584,      -54.8129,      -2.34505,"ASSEMBLY_LAGERSITZ_NEU-1_SET-GEHAEUSE","ALUMINIUM",NA,            0.,            0.,            0.,            0.,  -1.31090E-15,   1.19626E-15,       NoValue
D:/MoVerHu_Projekt/FE_Modell/FE-Abaqus-Model/Job-19.odb,Step-163,Increment      6: Step Time =    1.000,"LAGERSITZ_NEU-1",          4256,             4,          6990,      -118.984,      -55.8776,      -4.78811,"ASSEMBLY_LAGERSITZ_NEU-1_SET-GEHAEUSE","ALUMINIUM",NA,            0.,            0.,            0.,            0.,  -629.974E-18,  -444.047E-18,       NoValue
D:/MoVerHu_Projekt/FE_Modell/FE-Abaqus-Model/Job-19.odb,Step-163,Increment      6: Step Time =    1.000,"LAGERSITZ_NEU-1",          4252,             4,          6990,      -118.984,      -55.8776,      -4.78811,"ASSEMBLY_LAGERSITZ_NEU-1_SET-GEHAEUSE","ALUMINIUM",NA,            0.,            0.,            0.,            0.,  -629.974E-18,  -444.047E-18,       NoValue
D:/MoVerHu_Projekt/FE_Modell/FE-Abaqus-Model/Job-19.odb,Step-163,Increment      6: Step Time =    1.000,"LAGERSITZ_NEU-1",          4253,             4,          6990,      -118.984,      -55.8776,      -4.78811,"ASSEMBLY_LAGERSITZ_NEU-1_SET-GEHAEUSE","ALUMINIUM",NA,            0.,            0.,            0.,            0.,  -629.974E-18,  -444.047E-18,       NoValue
D:/MoVerHu_Projekt/FE_Modell/FE-Abaqus-Model/Job-19.odb,Step-163,Increment      6: Step Time =    1.000,"LAGERSITZ_NEU-1",          4255,             4,          6990,      -118.984,      -55.8776,      -4.78811,"ASSEMBLY_LAGERSITZ_NEU-1_SET-GEHAEUSE","ALUMINIUM",NA,            0.,            0.,            0.,            0.,  -629.974E-18,  -444.047E-18,       NoValue
D:/MoVerHu_Projekt/FE_Modell/FE-Abaqus-Model/Job-19.odb,Step-163,Increment      6: Step Time =    1.000,"LAGERSITZ_NEU-1",          4256,             4,          6991,      -115.584,      -55.8776,      -4.78811,"ASSEMBLY_LAGERSITZ_NEU-1_SET-GEHAEUSE","ALUMINIUM",NA,            0.,            0.,            0.,            0.,   1.43231E-15,   308.619E-18,       NoValue
D:/MoVerHu_Projekt/FE_Modell/FE-Abaqus-Model/Job-19.odb,Step-163,Increment      6: Step Time =    1.000,"LAGERSITZ_NEU-1",          4257,             4,          6991,      -115.584,      -55.8776,      -4.78811,"ASSEMBLY_LAGERSITZ_NEU-1_SET-GEHAEUSE","ALUMINIUM",NA,            0.,            0.,            0.,            0.,   1.43231E-15,   308.619E-18,       NoValue
D:/MoVerHu_Projekt/FE_Modell/FE-Abaqus-Model/Job-19.odb,Step-163,Increment      6: Step Time =    1.000,"LAGERSITZ_NEU-1",          4253,             4,          6991,      -115.584,      -55.8776,      -4.78811,"ASSEMBLY_LAGERSITZ_NEU-1_SET-GEHAEUSE","ALUMINIUM",NA,            0.,            0.,            0.,            0.,   1.43231E-15,   308.619E-18,       NoValue
D:/MoVerHu_Projekt/FE_Modell/FE-Abaqus-Model/Job-19.odb,Step-163,Increment      6: Step Time =    1.000,"LAGERSITZ_NEU-1",          4254,             4,          6991,      -115.584,      -55.8776,      -4.78811,"ASSEMBLY_LAGERSITZ_NEU-1_SET-GEHAEUSE","ALUMINIUM",NA,            0.,            0.,            0.,            0.,   1.43231E-15,   308.619E-18,       NoValue
D:/MoVerHu_Projekt/FE_Modell/FE-Abaqus-Model/Job-19.odb,Step-163,Increment      6: Step Time =    1.000,"LAGERSITZ_NEU-1",          4259,             4,          6992,      -118.984,      -56.8227,      -7.27989,"ASSEMBLY_LAGERSITZ_NEU-1_SET-GEHAEUSE","ALUMINIUM",NA,            0.,            0.,            0.,            0.,   3.00227E-15,   14.7621E-18,       NoValue
D:/MoVerHu_Projekt/FE_Modell/FE-Abaqus-Model/Job-19.odb,Step-163,Increment      6: Step Time =    1.000,"LAGERSITZ_NEU-1",          4256,             4,          6992,      -118.984,      -56.8227,      -7.27989,"ASSEMBLY_LAGERSITZ_NEU-1_SET-GEHAEUSE","ALUMINIUM",NA,            0.,            0.,            0.,            0.,   3.00227E-15,   14.7621E-18,       NoValue
D:/MoVerHu_Projekt/FE_Modell/FE-Abaqus-Model/Job-19.odb,Step-163,Increment      6: Step Time =    1.000,"LAGERSITZ_NEU-1",          4255,             4,          6992,      -118.984,      -56.8227,      -7.27989,"ASSEMBLY_LAGERSITZ_NEU-1_SET-GEHAEUSE","ALUMINIUM",NA,            0.,            0.,            0.,            0.,   3.00227E-15,   14.7621E-18,       NoValue
D:/MoVerHu_Projekt/FE_Modell/FE-Abaqus-Model/Job-19.odb,Step-163,Increment      6: Step Time =    1.000,"LAGERSITZ_NEU-1",          4258,             4,          6992,      -118.984,      -56.8227,      -7.27989,"ASSEMBLY_LAGERSITZ_NEU-1_SET-GEHAEUSE","ALUMINIUM",NA,            0.,            0.,            0.,            0.,   3.00227E-15,   14.7621E-18,       NoValue
D:/MoVerHu_Projekt/FE_Modell/FE-Abaqus-Model/Job-19.odb,Step-163,Increment      6: Step Time =    1.000,"LAGERSITZ_NEU-1",          4260,             4,          6993,      -115.584,      -56.8227,      -7.27989,"ASSEMBLY_LAGERSITZ_NEU-1_SET-GEHAEUSE","ALUMINIUM",NA,            0.,            0.,            0.,            0.,   192.964E-18,  -111.792E-18,       NoValue
D:/MoVerHu_Projekt/FE_Modell/FE-Abaqus-Model/Job-19.odb,Step-163,Increment      6: Step Time =    1.000,"LAGERSITZ_NEU-1",          4256,             4,          6993,      -115.584,      -56.8227,      -7.27989,"ASSEMBLY_LAGERSITZ_NEU-1_SET-GEHAEUSE","ALUMINIUM",NA,            0.,            0.,            0.,            0.,   192.964E-18,  -111.792E-18,       NoValue
D:/MoVerHu_Projekt/FE_Modell/FE-Abaqus-Model/Job-19.odb,Step-163,Increment      6: Step Time =    1.000,"LAGERSITZ_NEU-1",          4259,             4,          6993,      -115.584,      -56.8227,      -7.27989,"ASSEMBLY_LAGERSITZ_NEU-1_SET-GEHAEUSE","ALUMINIUM",NA,            0.,            0.,            0.,            0.,   192.964E-18,  -111.792E-18,       NoValue
D:/MoVerHu_Projekt/FE_Modell/FE-Abaqus-Model/Job-19.odb,Step-163,Increment      6: Step Time =    1.000,"LAGERSITZ_NEU-1",          4257,             4,          6993,      -115.584,      -56.8227,      -7.27989,"ASSEMBLY_LAGERSITZ_NEU-1_SET-GEHAEUSE","ALUMINIUM",NA,            0.,            0.,            0.,            0.,   192.964E-18,  -111.792E-18,       NoValue
D:/MoVerHu_Projekt/FE_Modell/FE-Abaqus-Model/Job-19.odb,Step-163,Increment      6: Step Time =    1.000,"LAGERSITZ_NEU-1",          4259,             4,          6994,      -118.984,      -57.6460,      -9.81452,"ASSEMBLY_LAGERSITZ_NEU-1_SET-GEHAEUSE","ALUMINIUM",NA,            0.,            0.,            0.,            0.,   1.22719E-15,  -1.02307E-15,       NoValue
D:/MoVerHu_Projekt/FE_Modell/FE-Abaqus-Model/Job-19.odb,Step-163,Increment      6: Step Time =    1.000,"LAGERSITZ_NEU-1",          4262,             4,          6994,      -118.984,      -57.6460,      -9.81452,"ASSEMBLY_LAGERSITZ_NEU-1_SET-GEHAEUSE","ALUMINIUM",NA,            0.,            0.,            0.,            0.,   1.22719E-15,  -1.02307E-15,       NoValue
D:/MoVerHu_Projekt/FE_Modell/FE-Abaqus-Model/Job-19.odb,Step-163,Increment      6: Step Time =    1.000,"LAGERSITZ_NEU-1",          4258,             4,          6994,      -118.984,      -57.6460,      -9.81452,"ASSEMBLY_LAGERSITZ_NEU-1_SET-GEHAEUSE","ALUMINIUM",NA,            0.,            0.,            0.,            0.,   1.22719E-15,  -1.02307E-15,       NoValue
D:/MoVerHu_Projekt/FE_Modell/FE-Abaqus-Model/Job-19.odb,Step-163,Increment      6: Step Time =    1.000,"LAGERSITZ_NEU-1",          4261,             4,          6994,      -118.984,      -57.6460,      -9.81452,"ASSEMBLY_LAGERSITZ_NEU-1_SET-GEHAEUSE","ALUMINIUM",NA,            0.,            0.,            0.,            0.,   1.22719E-15,  -1.02307E-15,       NoValue
D:/MoVerHu_Projekt/FE_Modell/FE-Abaqus-Model/Job-19.odb,Step-163,Increment      6: Step Time =    1.000,"LAGERSITZ_NEU-1",          4263,             4,          6995,      -115.584,      -57.6460,      -9.81452,"ASSEMBLY_LAGERSITZ_NEU-1_SET-GEHAEUSE","ALUMINIUM",NA,            0.,            0.,            0.,            0.,   1.04679E-15,   39.4604E-18,       NoValue
D:/MoVerHu_Projekt/FE_Modell/FE-Abaqus-Model/Job-19.odb,Step-163,Increment      6: Step Time =    1.000,"LAGERSITZ_NEU-1",          4262,             4,          6995,      -115.584,      -57.6460,      -9.81452,"ASSEMBLY_LAGERSITZ_NEU-1_SET-GEHAEUSE","ALUMINIUM",NA,            0.,            0.,            0.,            0.,   1.04679E-15,   39.4604E-18,       NoValue
D:/MoVerHu_Projekt/FE_Modell/FE-Abaqus-Model/Job-19.odb,Step-163,Increment      6: Step Time =    1.000,"LAGERSITZ_NEU-1",          4260,             4,          6995,      -115.584,      -57.6460,      -9.81452,"ASSEMBLY_LAGERSITZ_NEU-1_SET-GEHAEUSE","ALUMINIUM",NA,            0.,            0.,            0.,            0.,   1.04679E-15,   39.4604E-18,       NoValue
D:/MoVerHu_Projekt/FE_Modell/FE-Abaqus-Model/Job-19.odb,Step-163,Increment      6: Step Time =    1.000,"LAGERSITZ_NEU-1",          4259,             4,          6995,      -115.584,      -57.6460,      -9.81452,"ASSEMBLY_LAGERSITZ_NEU-1_SET-GEHAEUSE","ALUMINIUM",NA,            0.,            0.,            0.,            0.,   1.04679E-15,   39.4604E-18,       NoValue
D:/MoVerHu_Projekt/FE_Modell/FE-Abaqus-Model/Job-19.odb,Step-163,Increment      6: Step Time =    1.000,"LAGERSITZ_NEU-1",          4265,             4,          7024,      -118.984,      -58.9138,      -14.9583,"ASSEMBLY_LAGERSITZ_NEU-1_SET-GEHAEUSE","ALUMINIUM",NA,            0.,            0.,            0.,            0.,   7.17902E-18,  -789.908E-18,       NoValue
D:/MoVerHu_Projekt/FE_Modell/FE-Abaqus-Model/Job-19.odb,Step-163,Increment      6: Step Time =    1.000,"LAGERSITZ_NEU-1",          4264,             4,          7024,      -118.984,      -58.9138,      -14.9583,"ASSEMBLY_LAGERSITZ_NEU-1_SET-GEHAEUSE","ALUMINIUM",NA,            0.,            0.,            0.,            0.,   7.17902E-18,  -789.908E-18,       NoValue
D:/MoVerHu_Projekt/FE_Modell/FE-Abaqus-Model/Job-19.odb,Step-163,Increment      6: Step Time =    1.000,"LAGERSITZ_NEU-1",          4268,             4,          7024,      -118.984,      -58.9138,      -14.9583,"ASSEMBLY_LAGERSITZ_NEU-1_SET-GEHAEUSE","ALUMINIUM",NA,            0.,            0.,            0.,            0.,   7.17902E-18,  -789.908E-18,       NoValue
D:/MoVerHu_Projekt/FE_Modell/FE-Abaqus-Model/Job-19.odb,Step-163,Increment      6: Step Time =    1.000,"LAGERSITZ_NEU-1",          4267,             4,          7024,      -118.984,      -58.9138,      -14.9583,"ASSEMBLY_LAGERSITZ_NEU-1_SET-GEHAEUSE","ALUMINIUM",NA,            0.,            0.,            0.,            0.,   7.17902E-18,  -789.908E-18,       NoValue
D:/MoVerHu_Projekt/FE_Modell/FE-Abaqus-Model/Job-19.odb,Step-163,Increment      6: Step Time =    1.000,"LAGERSITZ_NEU-1",          4269,             4,          7025,      -115.584,      -58.9138,      -14.9583,"ASSEMBLY_LAGERSITZ_NEU-1_SET-GEHAEUSE","ALUMINIUM",NA,            0.,            0.,            0.,            0.,  -789.489E-18,  -498.344E-18,       NoValue
D:/MoVerHu_Projekt/FE_Modell/FE-Abaqus-Model/Job-19.odb,Step-163,Increment      6: Step Time =    1.000,"LAGERSITZ_NEU-1",          4266,             4,          7025,      -115.584,      -58.9138,      -14.9583,"ASSEMBLY_LAGERSITZ_NEU-1_SET-GEHAEUSE","ALUMINIUM",NA,            0.,            0.,            0.,            0.,  -789.489E-18,  -498.344E-18,       NoValue
D:/MoVerHu_Projekt/FE_Modell/FE-Abaqus-Model/Job-19.odb,Step-163,Increment      6: Step Time =    1.000,"LAGERSITZ_NEU-1",          4268,             4,          7025,      -115.584,      -58.9138,      -14.9583,"ASSEMBLY_LAGERSITZ_NEU-1_SET-GEHAEUSE","ALUMINIUM",NA,            0.,            0.,            0.,            0.,  -789.489E-18,  -498.344E-18,       NoValue
D:/MoVerHu_Projekt/FE_Modell/FE-Abaqus-Model/Job-19.odb,Step-163,Increment      6: Step Time =    1.000,"LAGERSITZ_NEU-1",          4265,             4,          7025,      -115.584,      -58.9138,      -14.9583,"ASSEMBLY_LAGERSITZ_NEU-1_SET-GEHAEUSE","ALUMINIUM",NA,            0.,            0.,            0.,            0.,  -789.489E-18,  -498.344E-18,       NoValue
D:/MoVerHu_Projekt/FE_Modell/FE-Abaqus-Model/Job-19.odb,Step-163,Increment      6: Step Time =    1.000,"LAGERSITZ_NEU-1",          4267,             4,          7026,      -118.984,      -59.3583,      -17.5548,"ASSEMBLY_LAGERSITZ_NEU-1_SET-GEHAEUSE","ALUMINIUM",NA,            0.,            0.,            0.,            0.,   767.962E-18,   80.7421E-18,       NoValue
D:/MoVerHu_Projekt/FE_Modell/FE-Abaqus-Model/Job-19.odb,Step-163,Increment      6: Step Time =    1.000,"LAGERSITZ_NEU-1",          4271,             4,          7026,      -118.984,      -59.3583,      -17.5548,"ASSEMBLY_LAGERSITZ_NEU-1_SET-GEHAEUSE","ALUMINIUM",NA,            0.,            0.,            0.,            0.,   767.962E-18,   80.7421E-18,       NoValue
D:/MoVerHu_Projekt/FE_Modell/FE-Abaqus-Model/Job-19.odb,Step-163,Increment      6: Step Time =    1.000,"LAGERSITZ_NEU-1",          4268,             4,          7026,      -118.984,      -59.3583,      -17.5548,"ASSEMBLY_LAGERSITZ_NEU-1_SET-GEHAEUSE","ALUMINIUM",NA,            0.,            0.,            0.,            0.,   767.962E-18,   80.7421E-18,       NoValue
D:/MoVerHu_Projekt/FE_Modell/FE-Abaqus-Model/Job-19.odb,Step-163,Increment      6: Step Time =    1.000,"LAGERSITZ_NEU-1",          4270,             4,          7026,      -118.984,      -59.3583,      -17.5548,"ASSEMBLY_LAGERSITZ_NEU-1_SET-GEHAEUSE","ALUMINIUM",NA,            0.,            0.,            0.,            0.,   767.962E-18,   80.7421E-18,       NoValue
D:/MoVerHu_Projekt/FE_Modell/FE-Abaqus-Model/Job-19.odb,Step-163,Increment      6: Step Time =    1.000,"LAGERSITZ_NEU-1",          4271,             4,          7027,      -115.584,      -59.3583,      -17.5548,"ASSEMBLY_LAGERSITZ_NEU-1_SET-GEHAEUSE","ALUMINIUM",NA,            0.,            0.,            0.,            0.,  -645.442E-18,   640.249E-18,       NoValue
D:/MoVerHu_Projekt/FE_Modell/FE-Abaqus-Model/Job-19.odb,Step-163,Increment      6: Step Time =    1.000,"LAGERSITZ_NEU-1",          4269,             4,          7027,      -115.584,      -59.3583,      -17.5548,"ASSEMBLY_LAGERSITZ_NEU-1_SET-GEHAEUSE","ALUMINIUM",NA,            0.,            0.,            0.,            0.,  -645.442E-18,   640.249E-18,       NoValue
D:/MoVerHu_Projekt/FE_Modell/FE-Abaqus-Model/Job-19.odb,Step-163,Increment      6: Step Time =    1.000,"LAGERSITZ_NEU-1",          4268,             4,          7027,      -115.584,      -59.3583,      -17.5548,"ASSEMBLY_LAGERSITZ_NEU-1_SET-GEHAEUSE","ALUMINIUM",NA,            0.,            0.,            0.,            0.,  -645.442E-18,   640.249E-18,       NoValue
D:/MoVerHu_Projekt/FE_Modell/FE-Abaqus-Model/Job-19.odb,Step-163,Increment      6: Step Time =    1.000,"LAGERSITZ_NEU-1",          4272,             4,          7027,      -115.584,      -59.3583,      -17.5548,"ASSEMBLY_LAGERSITZ_NEU-1_SET-GEHAEUSE","ALUMINIUM",NA,            0.,            0.,            0.,            0.,  -645.442E-18,   640.249E-18,       NoValue
D:/MoVerHu_Projekt/FE_Modell/FE-Abaqus-Model/Job-19.odb,Step-163,Increment      6: Step Time =    1.000,"LAGERSITZ_NEU-1",          4274,             4,          7028,      -118.984,      -59.6779,      -20.1696,"ASSEMBLY_LAGERSITZ_NEU-1_SET-GEHAEUSE","ALUMINIUM",NA,            0.,            0.,            0.,            0.,  -2.74169E-15,   1.88293E-15,       NoValue
D:/MoVerHu_Projekt/FE_Modell/FE-Abaqus-Model/Job-19.odb,Step-163,Increment      6: Step Time =    1.000,"LAGERSITZ_NEU-1",          4273,             4,          7028,      -118.984,      -59.6779,      -20.1696,"ASSEMBLY_LAGERSITZ_NEU-1_SET-GEHAEUSE","ALUMINIUM",NA,            0.,            0.,            0.,            0.,  -2.74169E-15,   1.88293E-15,       NoValue
D:/MoVerHu_Projekt/FE_Modell/FE-Abaqus-Model/Job-19.odb,Step-163,Increment      6: Step Time =    1.000,"LAGERSITZ_NEU-1",          4270,             4,          7028,      -118.984,      -59.6779,      -20.1696,"ASSEMBLY_LAGERSITZ_NEU-1_SET-GEHAEUSE","ALUMINIUM",NA,            0.,            0.,            0.,            0.,  -2.74169E-15,   1.88293E-15,       NoValue
D:/MoVerHu_Projekt/FE_Modell/FE-Abaqus-Model/Job-19.odb,Step-163,Increment      6: Step Time =    1.000,"LAGERSITZ_NEU-1",          4271,             4,          7028,      -118.984,      -59.6779,      -20.1696,"ASSEMBLY_LAGERSITZ_NEU-1_SET-GEHAEUSE","ALUMINIUM",NA,            0.,            0.,            0.,            0.,  -2.74169E-15,   1.88293E-15,       NoValue
D:/MoVerHu_Projekt/FE_Modell/FE-Abaqus-Model/Job-19.odb,Step-163,Increment      6: Step Time =    1.000,"LAGERSITZ_NEU-1",          4274,             4,          7029,      -115.584,      -59.6779,      -20.1696,"ASSEMBLY_LAGERSITZ_NEU-1_SET-GEHAEUSE","ALUMINIUM",NA,            0.,            0.,            0.,            0.,   933.538E-18,   2.01264E-15,       NoValue
D:/MoVerHu_Projekt/FE_Modell/FE-Abaqus-Model/Job-19.odb,Step-163,Increment      6: Step Time =    1.000,"LAGERSITZ_NEU-1",          4275,             4,          7029,      -115.584,      -59.6779,      -20.1696,"ASSEMBLY_LAGERSITZ_NEU-1_SET-GEHAEUSE","ALUMINIUM",NA,            0.,            0.,            0.,            0.,   933.538E-18,   2.01264E-15,       NoValue
D:/MoVerHu_Projekt/FE_Modell/FE-Abaqus-Model/Job-19.odb,Step-163,Increment      6: Step Time =    1.000,"LAGERSITZ_NEU-1",          4272,             4,          7029,      -115.584,      -59.6779,      -20.1696,"ASSEMBLY_LAGERSITZ_NEU-1_SET-GEHAEUSE","ALUMINIUM",NA,            0.,            0.,            0.,            0.,   933.538E-18,   2.01264E-15,       NoValue
D:/MoVerHu_Projekt/FE_Modell/FE-Abaqus-Model/Job-19.odb,Step-163,Increment      6: Step Time =    1.000,"LAGERSITZ_NEU-1",          4271,             4,          7029,      -115.584,      -59.6779,      -20.1696,"ASSEMBLY_LAGERSITZ_NEU-1_SET-GEHAEUSE","ALUMINIUM",NA,            0.,            0.,            0.,            0.,   933.538E-18,   2.01264E-15,       NoValue
D:/MoVerHu_Projekt/FE_Modell/FE-Abaqus-Model/Job-19.odb,Step-163,Increment      6: Step Time =    1.000,"LAGERSITZ_NEU-1",          4277,             4,          7030,      -118.984,      -59.8720,      -22.7967,"ASSEMBLY_LAGERSITZ_NEU-1_SET-GEHAEUSE","ALUMINIUM",NA,            0.,            0.,            0.,            0.,  -775.134E-18,   1.13085E-15,       NoValue
D:/MoVerHu_Projekt/FE_Modell/FE-Abaqus-Model/Job-19.odb,Step-163,Increment      6: Step Time =    1.000,"LAGERSITZ_NEU-1",          4274,             4,          7030,      -118.984,      -59.8720,      -22.7967,"ASSEMBLY_LAGERSITZ_NEU-1_SET-GEHAEUSE","ALUMINIUM",NA,            0.,            0.,            0.,            0.,  -775.134E-18,   1.13085E-15,       NoValue
D:/MoVerHu_Projekt/FE_Modell/FE-Abaqus-Model/Job-19.odb,Step-163,Increment      6: Step Time =    1.000,"LAGERSITZ_NEU-1",          4273,             4,          7030,      -118.984,      -59.8720,      -22.7967,"ASSEMBLY_LAGERSITZ_NEU-1_SET-GEHAEUSE","ALUMINIUM",NA,            0.,            0.,            0.,            0.,  -775.134E-18,   1.13085E-15,       NoValue
D:/MoVerHu_Projekt/FE_Modell/FE-Abaqus-Model/Job-19.odb,Step-163,Increment      6: Step Time =    1.000,"LAGERSITZ_NEU-1",          4276,             4,          7030,      -118.984,      -59.8720,      -22.7967,"ASSEMBLY_LAGERSITZ_NEU-1_SET-GEHAEUSE","ALUMINIUM",NA,            0.,            0.,            0.,            0.,  -775.134E-18,   1.13085E-15,       NoValue
D:/MoVerHu_Projekt/FE_Modell/FE-Abaqus-Model/Job-19.odb,Step-163,Increment      6: Step Time =    1.000,"LAGERSITZ_NEU-1",          4277,             4,          7031,      -115.584,      -59.8720,      -22.7967,"ASSEMBLY_LAGERSITZ_NEU-1_SET-GEHAEUSE","ALUMINIUM",NA,            0.,            0.,            0.,            0.,   610.818E-18,   750.096E-18,       NoValue
D:/MoVerHu_Projekt/FE_Modell/FE-Abaqus-Model/Job-19.odb,Step-163,Increment      6: Step Time =    1.000,"LAGERSITZ_NEU-1",          4275,             4,          7031,      -115.584,      -59.8720,      -22.7967,"ASSEMBLY_LAGERSITZ_NEU-1_SET-GEHAEUSE","ALUMINIUM",NA,            0.,            0.,            0.,            0.,   610.818E-18,   750.096E-18,       NoValue
D:/MoVerHu_Projekt/FE_Modell/FE-Abaqus-Model/Job-19.odb,Step-163,Increment      6: Step Time =    1.000,"LAGERSITZ_NEU-1",          4274,             4,          7031,      -115.584,      -59.8720,      -22.7967,"ASSEMBLY_LAGERSITZ_NEU-1_SET-GEHAEUSE","ALUMINIUM",NA,            0.,            0.,            0.,            0.,   610.818E-18,   750.096E-18,       NoValue
D:/MoVerHu_Projekt/FE_Modell/FE-Abaqus-Model/Job-19.odb,Step-163,Increment      6: Step Time =    1.000,"LAGERSITZ_NEU-1",          4278,             4,          7031,      -115.584,      -59.8720,      -22.7967,"ASSEMBLY_LAGERSITZ_NEU-1_SET-GEHAEUSE","ALUMINIUM",NA,            0.,            0.,            0.,            0.,   610.818E-18,   750.096E-18,       NoValue
D:/MoVerHu_Projekt/FE_Modell/FE-Abaqus-Model/Job-19.odb,Step-163,Increment      6: Step Time =    1.000,"LAGERSITZ_NEU-1",          4282,             4,          7046,      -118.984,      -59.8477,      -28.7214,"ASSEMBLY_LAGERSITZ_NEU-1_SET-GEHAEUSE","ALUMINIUM",NA,            0.,            0.,            0.,            0.,  -1.20157E-15,  -1.46659E-15,       NoValue
D:/MoVerHu_Projekt/FE_Modell/FE-Abaqus-Model/Job-19.odb,Step-163,Increment      6: Step Time =    1.000,"LAGERSITZ_NEU-1",          4283,             4,          7046,      -118.984,      -59.8477,      -28.7214,"ASSEMBLY_LAGERSITZ_NEU-1_SET-GEHAEUSE","ALUMINIUM",NA,            0.,            0.,            0.,            0.,  -1.20157E-15,  -1.46659E-15,       NoValue
D:/MoVerHu_Projekt/FE_Modell/FE-Abaqus-Model/Job-19.odb,Step-163,Increment      6: Step Time =    1.000,"LAGERSITZ_NEU-1",          4279,             4,          7046,      -118.984,      -59.8477,      -28.7214,"ASSEMBLY_LAGERSITZ_NEU-1_SET-GEHAEUSE","ALUMINIUM",NA,            0.,            0.,            0.,            0.,  -1.20157E-15,  -1.46659E-15,       NoValue
D:/MoVerHu_Projekt/FE_Modell/FE-Abaqus-Model/Job-19.odb,Step-163,Increment      6: Step Time =    1.000,"LAGERSITZ_NEU-1",          4280,             4,          7046,      -118.984,      -59.8477,      -28.7214,"ASSEMBLY_LAGERSITZ_NEU-1_SET-GEHAEUSE","ALUMINIUM",NA,            0.,            0.,            0.,            0.,  -1.20157E-15,  -1.46659E-15,       NoValue
D:/MoVerHu_Projekt/FE_Modell/FE-Abaqus-Model/Job-19.odb,Step-163,Increment      6: Step Time =    1.000,"LAGERSITZ_NEU-1",          4281,             4,          7047,      -115.584,      -59.8477,      -28.7214,"ASSEMBLY_LAGERSITZ_NEU-1_SET-GEHAEUSE","ALUMINIUM",NA,            0.,            0.,            0.,            0.,  -3.23943E-15,  -2.12440E-15,       NoValue
D:/MoVerHu_Projekt/FE_Modell/FE-Abaqus-Model/Job-19.odb,Step-163,Increment      6: Step Time =    1.000,"LAGERSITZ_NEU-1",          4280,             4,          7047,      -115.584,      -59.8477,      -28.7214,"ASSEMBLY_LAGERSITZ_NEU-1_SET-GEHAEUSE","ALUMINIUM",NA,            0.,            0.,            0.,            0.,  -3.23943E-15,  -2.12440E-15,       NoValue
D:/MoVerHu_Projekt/FE_Modell/FE-Abaqus-Model/Job-19.odb,Step-163,Increment      6: Step Time =    1.000,"LAGERSITZ_NEU-1",          4284,             4,          7047,      -115.584,      -59.8477,      -28.7214,"ASSEMBLY_LAGERSITZ_NEU-1_SET-GEHAEUSE","ALUMINIUM",NA,            0.,            0.,            0.,            0.,  -3.23943E-15,  -2.12440E-15,       NoValue
D:/MoVerHu_Projekt/FE_Modell/FE-Abaqus-Model/Job-19.odb,Step-163,Increment      6: Step Time =    1.000,"LAGERSITZ_NEU-1",          4283,             4,          7047,      -115.584,      -59.8477,      -28.7214,"ASSEMBLY_LAGERSITZ_NEU-1_SET-GEHAEUSE","ALUMINIUM",NA,            0.,            0.,            0.,            0.,  -3.23943E-15,  -2.12440E-15,       NoValue
D:/MoVerHu_Projekt/FE_Modell/FE-Abaqus-Model/Job-19.odb,Step-163,Increment      6: Step Time =    1.000,"LAGERSITZ_NEU-1",          4285,             4,          7048,      -118.984,      -59.5585,      -32.0013,"ASSEMBLY_LAGERSITZ_NEU-1_SET-GEHAEUSE","ALUMINIUM",NA,            0.,            0.,            0.,            0.,  -2.00176E-15,   352.285E-18,       NoValue
D:/MoVerHu_Projekt/FE_Modell/FE-Abaqus-Model/Job-19.odb,Step-163,Increment      6: Step Time =    1.000,"LAGERSITZ_NEU-1",          4283,             4,          7048,      -118.984,      -59.5585,      -32.0013,"ASSEMBLY_LAGERSITZ_NEU-1_SET-GEHAEUSE","ALUMINIUM",NA,            0.,            0.,            0.,            0.,  -2.00176E-15,   352.285E-18,       NoValue
D:/MoVerHu_Projekt/FE_Modell/FE-Abaqus-Model/Job-19.odb,Step-163,Increment      6: Step Time =    1.000,"LAGERSITZ_NEU-1",          4282,             4,          7048,      -118.984,      -59.5585,      -32.0013,"ASSEMBLY_LAGERSITZ_NEU-1_SET-GEHAEUSE","ALUMINIUM",NA,            0.,            0.,            0.,            0.,  -2.00176E-15,   352.285E-18,       NoValue
D:/MoVerHu_Projekt/FE_Modell/FE-Abaqus-Model/Job-19.odb,Step-163,Increment      6: Step Time =    1.000,"LAGERSITZ_NEU-1",          4286,             4,          7048,      -118.984,      -59.5585,      -32.0013,"ASSEMBLY_LAGERSITZ_NEU-1_SET-GEHAEUSE","ALUMINIUM",NA,            0.,            0.,            0.,            0.,  -2.00176E-15,   352.285E-18,       NoValue
D:/MoVerHu_Projekt/FE_Modell/FE-Abaqus-Model/Job-19.odb,Step-163,Increment      6: Step Time =    1.000,"LAGERSITZ_NEU-1",          4286,             4,          7049,      -115.584,      -59.5585,      -32.0013,"ASSEMBLY_LAGERSITZ_NEU-1_SET-GEHAEUSE","ALUMINIUM",NA,            0.,            0.,            0.,            0.,  -4.22320E-15,  -401.153E-18,       NoValue
D:/MoVerHu_Projekt/FE_Modell/FE-Abaqus-Model/Job-19.odb,Step-163,Increment      6: Step Time =    1.000,"LAGERSITZ_NEU-1",          4284,             4,          7049,      -115.584,      -59.5585,      -32.0013,"ASSEMBLY_LAGERSITZ_NEU-1_SET-GEHAEUSE","ALUMINIUM",NA,            0.,            0.,            0.,            0.,  -4.22320E-15,  -401.153E-18,       NoValue
D:/MoVerHu_Projekt/FE_Modell/FE-Abaqus-Model/Job-19.odb,Step-163,Increment      6: Step Time =    1.000,"LAGERSITZ_NEU-1",          4283,             4,          7049,      -115.584,      -59.5585,      -32.0013,"ASSEMBLY_LAGERSITZ_NEU-1_SET-GEHAEUSE","ALUMINIUM",NA,            0.,            0.,            0.,            0.,  -4.22320E-15,  -401.153E-18,       NoValue
D:/MoVerHu_Projekt/FE_Modell/FE-Abaqus-Model/Job-19.odb,Step-163,Increment      6: Step Time =    1.000,"LAGERSITZ_NEU-1",          4287,             4,          7049,      -115.584,      -59.5585,      -32.0013,"ASSEMBLY_LAGERSITZ_NEU-1_SET-GEHAEUSE","ALUMINIUM",NA,            0.,            0.,            0.,            0.,  -4.22320E-15,  -401.153E-18,       NoValue
D:/MoVerHu_Projekt/FE_Modell/FE-Abaqus-Model/Job-19.odb,Step-163,Increment      6: Step Time =    1.000,"LAGERSITZ_NEU-1",          4285,             4,          7050,      -118.984,      -59.0736,      -35.2581,"ASSEMBLY_LAGERSITZ_NEU-1_SET-GEHAEUSE","ALUMINIUM",NA,            0.,            0.,            0.,            0.,  -2.56404E-15,   1.28256E-15,       NoValue
D:/MoVerHu_Projekt/FE_Modell/FE-Abaqus-Model/Job-19.odb,Step-163,Increment      6: Step Time =    1.000,"LAGERSITZ_NEU-1",          4288,             4,          7050,      -118.984,      -59.0736,      -35.2581,"ASSEMBLY_LAGERSITZ_NEU-1_SET-GEHAEUSE","ALUMINIUM",NA,            0.,            0.,            0.,            0.,  -2.56404E-15,   1.28256E-15,       NoValue
D:/MoVerHu_Projekt/FE_Modell/FE-Abaqus-Model/Job-19.odb,Step-163,Increment      6: Step Time =    1.000,"LAGERSITZ_NEU-1",          4289,             4,          7050,      -118.984,      -59.0736,      -35.2581,"ASSEMBLY_LAGERSITZ_NEU-1_SET-GEHAEUSE","ALUMINIUM",NA,            0.,            0.,            0.,            0.,  -2.56404E-15,   1.28256E-15,       NoValue
D:/MoVerHu_Projekt/FE_Modell/FE-Abaqus-Model/Job-19.odb,Step-163,Increment      6: Step Time =    1.000,"LAGERSITZ_NEU-1",          4286,             4,          7050,      -118.984,      -59.0736,      -35.2581,"ASSEMBLY_LAGERSITZ_NEU-1_SET-GEHAEUSE","ALUMINIUM",NA,            0.,            0.,            0.,            0.,  -2.56404E-15,   1.28256E-15,       NoValue
D:/MoVerHu_Projekt/FE_Modell/FE-Abaqus-Model/Job-19.odb,Step-163,Increment      6: Step Time =    1.000,"LAGERSITZ_NEU-1",          4287,             4,          7051,      -115.584,      -59.0736,      -35.2581,"ASSEMBLY_LAGERSITZ_NEU-1_SET-GEHAEUSE","ALUMINIUM",NA,            0.,            0.,            0.,            0.,   393.754E-18,   1.02966E-15,       NoValue
D:/MoVerHu_Projekt/FE_Modell/FE-Abaqus-Model/Job-19.odb,Step-163,Increment      6: Step Time =    1.000,"LAGERSITZ_NEU-1",          4289,             4,          7051,      -115.584,      -59.0736,      -35.2581,"ASSEMBLY_LAGERSITZ_NEU-1_SET-GEHAEUSE","ALUMINIUM",NA,            0.,            0.,            0.,            0.,   393.754E-18,   1.02966E-15,       NoValue
D:/MoVerHu_Projekt/FE_Modell/FE-Abaqus-Model/Job-19.odb,Step-163,Increment      6: Step Time =    1.000,"LAGERSITZ_NEU-1",          4290,             4,          7051,      -115.584,      -59.0736,      -35.2581,"ASSEMBLY_LAGERSITZ_NEU-1_SET-GEHAEUSE","ALUMINIUM",NA,            0.,            0.,            0.,            0.,   393.754E-18,   1.02966E-15,       NoValue
D:/MoVerHu_Projekt/FE_Modell/FE-Abaqus-Model/Job-19.odb,Step-163,Increment      6: Step Time =    1.000,"LAGERSITZ_NEU-1",          4286,             4,          7051,      -115.584,      -59.0736,      -35.2581,"ASSEMBLY_LAGERSITZ_NEU-1_SET-GEHAEUSE","ALUMINIUM",NA,            0.,            0.,            0.,            0.,   393.754E-18,   1.02966E-15,       NoValue
D:/MoVerHu_Projekt/FE_Modell/FE-Abaqus-Model/Job-19.odb,Step-163,Increment      6: Step Time =    1.000,"LAGERSITZ_NEU-1",          4292,             4,          7052,      -118.984,      -57.7048,      -41.0541,"ASSEMBLY_LAGERSITZ_NEU-1_SET-GEHAEUSE","ALUMINIUM",NA,            0.,            0.,            0.,            0.,  -1.88240E-15,  -1.50023E-15,       NoValue
D:/MoVerHu_Projekt/FE_Modell/FE-Abaqus-Model/Job-19.odb,Step-163,Increment      6: Step Time =    1.000,"LAGERSITZ_NEU-1",          4295,             4,          7052,      -118.984,      -57.7048,      -41.0541,"ASSEMBLY_LAGERSITZ_NEU-1_SET-GEHAEUSE","ALUMINIUM",NA,            0.,            0.,            0.,            0.,  -1.88240E-15,  -1.50023E-15,       NoValue
D:/MoVerHu_Projekt/FE_Modell/FE-Abaqus-Model/Job-19.odb,Step-163,Increment      6: Step Time =    1.000,"LAGERSITZ_NEU-1",          4294,             4,          7052,      -118.984,      -57.7048,      -41.0541,"ASSEMBLY_LAGERSITZ_NEU-1_SET-GEHAEUSE","ALUMINIUM",NA,            0.,            0.,            0.,            0.,  -1.88240E-15,  -1.50023E-15,       NoValue
D:/MoVerHu_Projekt/FE_Modell/FE-Abaqus-Model/Job-19.odb,Step-163,Increment      6: Step Time =    1.000,"LAGERSITZ_NEU-1",          4291,             4,          7052,      -118.984,      -57.7048,      -41.0541,"ASSEMBLY_LAGERSITZ_NEU-1_SET-GEHAEUSE","ALUMINIUM",NA,            0.,            0.,            0.,            0.,  -1.88240E-15,  -1.50023E-15,       NoValue
D:/MoVerHu_Projekt/FE_Modell/FE-Abaqus-Model/Job-19.odb,Step-163,Increment      6: Step Time =    1.000,"LAGERSITZ_NEU-1",          4296,             4,          7053,      -115.584,      -57.7048,      -41.0541,"ASSEMBLY_LAGERSITZ_NEU-1_SET-GEHAEUSE","ALUMINIUM",NA,            0.,            0.,            0.,            0.,   2.09500E-15,  -388.709E-18,       NoValue
D:/MoVerHu_Projekt/FE_Modell/FE-Abaqus-Model/Job-19.odb,Step-163,Increment      6: Step Time =    1.000,"LAGERSITZ_NEU-1",          4295,             4,          7053,      -115.584,      -57.7048,      -41.0541,"ASSEMBLY_LAGERSITZ_NEU-1_SET-GEHAEUSE","ALUMINIUM",NA,            0.,            0.,            0.,            0.,   2.09500E-15,  -388.709E-18,       NoValue
D:/MoVerHu_Projekt/FE_Modell/FE-Abaqus-Model/Job-19.odb,Step-163,Increment      6: Step Time =    1.000,"LAGERSITZ_NEU-1",          4292,             4,          7053,      -115.584,      -57.7048,      -41.0541,"ASSEMBLY_LAGERSITZ_NEU-1_SET-GEHAEUSE","ALUMINIUM",NA,            0.,            0.,            0.,            0.,   2.09500E-15,  -388.709E-18,       NoValue
D:/MoVerHu_Projekt/FE_Modell/FE-Abaqus-Model/Job-19.odb,Step-163,Increment      6: Step Time =    1.000,"LAGERSITZ_NEU-1",          4293,             4,          7053,      -115.584,      -57.7048,      -41.0541,"ASSEMBLY_LAGERSITZ_NEU-1_SET-GEHAEUSE","ALUMINIUM",NA,            0.,            0.,            0.,            0.,   2.09500E-15,  -388.709E-18,       NoValue
D:/MoVerHu_Projekt/FE_Modell/FE-Abaqus-Model/Job-19.odb,Step-163,Increment      6: Step Time =    1.000,"LAGERSITZ_NEU-1",          4298,             4,          7054,      -118.984,      -56.8911,      -43.5919,"ASSEMBLY_LAGERSITZ_NEU-1_SET-GEHAEUSE","ALUMINIUM",NA,            0.,            0.,            0.,            0.,  -409.644E-18,  -1.54829E-15,       NoValue
D:/MoVerHu_Projekt/FE_Modell/FE-Abaqus-Model/Job-19.odb,Step-163,Increment      6: Step Time =    1.000,"LAGERSITZ_NEU-1",          4297,             4,          7054,      -118.984,      -56.8911,      -43.5919,"ASSEMBLY_LAGERSITZ_NEU-1_SET-GEHAEUSE","ALUMINIUM",NA,            0.,            0.,            0.,            0.,  -409.644E-18,  -1.54829E-15,       NoValue
D:/MoVerHu_Projekt/FE_Modell/FE-Abaqus-Model/Job-19.odb,Step-163,Increment      6: Step Time =    1.000,"LAGERSITZ_NEU-1",          4295,             4,          7054,      -118.984,      -56.8911,      -43.5919,"ASSEMBLY_LAGERSITZ_NEU-1_SET-GEHAEUSE","ALUMINIUM",NA,            0.,            0.,            0.,            0.,  -409.644E-18,  -1.54829E-15,       NoValue
D:/MoVerHu_Projekt/FE_Modell/FE-Abaqus-Model/Job-19.odb,Step-163,Increment      6: Step Time =    1.000,"LAGERSITZ_NEU-1",          4294,             4,          7054,      -118.984,      -56.8911,      -43.5919,"ASSEMBLY_LAGERSITZ_NEU-1_SET-GEHAEUSE","ALUMINIUM",NA,            0.,            0.,            0.,            0.,  -409.644E-18,  -1.54829E-15,       NoValue
D:/MoVerHu_Projekt/FE_Modell/FE-Abaqus-Model/Job-19.odb,Step-163,Increment      6: Step Time =    1.000,"LAGERSITZ_NEU-1",          4296,             4,          7055,      -115.584,      -56.8911,      -43.5919,"ASSEMBLY_LAGERSITZ_NEU-1_SET-GEHAEUSE","ALUMINIUM",NA,            0.,            0.,            0.,            0.,  -141.073E-18,  -1.13895E-15,       NoValue
D:/MoVerHu_Projekt/FE_Modell/FE-Abaqus-Model/Job-19.odb,Step-163,Increment      6: Step Time =    1.000,"LAGERSITZ_NEU-1",          4299,             4,          7055,      -115.584,      -56.8911,      -43.5919,"ASSEMBLY_LAGERSITZ_NEU-1_SET-GEHAEUSE","ALUMINIUM",NA,            0.,            0.,            0.,            0.,  -141.073E-18,  -1.13895E-15,       NoValue
D:/MoVerHu_Projekt/FE_Modell/FE-Abaqus-Model/Job-19.odb,Step-163,Increment      6: Step Time =    1.000,"LAGERSITZ_NEU-1",          4298,             4,          7055,      -115.584,      -56.8911,      -43.5919,"ASSEMBLY_LAGERSITZ_NEU-1_SET-GEHAEUSE","ALUMINIUM",NA,            0.,            0.,            0.,            0.,  -141.073E-18,  -1.13895E-15,       NoValue
D:/MoVerHu_Projekt/FE_Modell/FE-Abaqus-Model/Job-19.odb,Step-163,Increment      6: Step Time =    1.000,"LAGERSITZ_NEU-1",          4295,             4,          7055,      -115.584,      -56.8911,      -43.5919,"ASSEMBLY_LAGERSITZ_NEU-1_SET-GEHAEUSE","ALUMINIUM",NA,            0.,            0.,            0.,            0.,  -141.073E-18,  -1.13895E-15,       NoValue
D:/MoVerHu_Projekt/FE_Modell/FE-Abaqus-Model/Job-19.odb,Step-163,Increment      6: Step Time =    1.000,"LAGERSITZ_NEU-1",          4298,             4,          7056,      -118.984,      -55.9554,      -46.0872,"ASSEMBLY_LAGERSITZ_NEU-1_SET-GEHAEUSE","ALUMINIUM",NA,            0.,            0.,            0.,            0.,  -796.525E-18,   3.29817E-15,       NoValue
D:/MoVerHu_Projekt/FE_Modell/FE-Abaqus-Model/Job-19.odb,Step-163,Increment      6: Step Time =    1.000,"LAGERSITZ_NEU-1",          4301,             4,          7056,      -118.984,      -55.9554,      -46.0872,"ASSEMBLY_LAGERSITZ_NEU-1_SET-GEHAEUSE","ALUMINIUM",NA,            0.,            0.,            0.,            0.,  -796.525E-18,   3.29817E-15,       NoValue
D:/MoVerHu_Projekt/FE_Modell/FE-Abaqus-Model/Job-19.odb,Step-163,Increment      6: Step Time =    1.000,"LAGERSITZ_NEU-1",          4297,             4,          7056,      -118.984,      -55.9554,      -46.0872,"ASSEMBLY_LAGERSITZ_NEU-1_SET-GEHAEUSE","ALUMINIUM",NA,            0.,            0.,            0.,            0.,  -796.525E-18,   3.29817E-15,       NoValue
D:/MoVerHu_Projekt/FE_Modell/FE-Abaqus-Model/Job-19.odb,Step-163,Increment      6: Step Time =    1.000,"LAGERSITZ_NEU-1",          4300,             4,          7056,      -118.984,      -55.9554,      -46.0872,"ASSEMBLY_LAGERSITZ_NEU-1_SET-GEHAEUSE","ALUMINIUM",NA,            0.,            0.,            0.,            0.,  -796.525E-18,   3.29817E-15,       NoValue
D:/MoVerHu_Projekt/FE_Modell/FE-Abaqus-Model/Job-19.odb,Step-163,Increment      6: Step Time =    1.000,"LAGERSITZ_NEU-1",          4299,             4,          7057,      -115.584,      -55.9554,      -46.0872,"ASSEMBLY_LAGERSITZ_NEU-1_SET-GEHAEUSE","ALUMINIUM",NA,            0.,            0.,            0.,            0.,   29.7262E-18,   3.25036E-15,       NoValue
D:/MoVerHu_Projekt/FE_Modell/FE-Abaqus-Model/Job-19.odb,Step-163,Increment      6: Step Time =    1.000,"LAGERSITZ_NEU-1",          4298,             4,          7057,      -115.584,      -55.9554,      -46.0872,"ASSEMBLY_LAGERSITZ_NEU-1_SET-GEHAEUSE","ALUMINIUM",NA,            0.,            0.,            0.,            0.,   29.7262E-18,   3.25036E-15,       NoValue
D:/MoVerHu_Projekt/FE_Modell/FE-Abaqus-Model/Job-19.odb,Step-163,Increment      6: Step Time =    1.000,"LAGERSITZ_NEU-1",          4301,             4,          7057,      -115.584,      -55.9554,      -46.0872,"ASSEMBLY_LAGERSITZ_NEU-1_SET-GEHAEUSE","ALUMINIUM",NA,            0.,            0.,            0.,            0.,   29.7262E-18,   3.25036E-15,       NoValue
D:/MoVerHu_Projekt/FE_Modell/FE-Abaqus-Model/Job-19.odb,Step-163,Increment      6: Step Time =    1.000,"LAGERSITZ_NEU-1",          4302,             4,          7057,      -115.584,      -55.9554,      -46.0872,"ASSEMBLY_LAGERSITZ_NEU-1_SET-GEHAEUSE","ALUMINIUM",NA,            0.,            0.,            0.,            0.,   29.7262E-18,   3.25036E-15,       NoValue
D:/MoVerHu_Projekt/FE_Modell/FE-Abaqus-Model/Job-19.odb,Step-163,Increment      6: Step Time =    1.000,"LAGERSITZ_NEU-1",          4303,             4,          7058,      -118.984,      -54.8998,      -48.5342,"ASSEMBLY_LAGERSITZ_NEU-1_SET-GEHAEUSE","ALUMINIUM",NA,            0.,            0.,            0.,            0.,   1.16764E-15,   232.002E-18,       NoValue
D:/MoVerHu_Projekt/FE_Modell/FE-Abaqus-Model/Job-19.odb,Step-163,Increment      6: Step Time =    1.000,"LAGERSITZ_NEU-1",          4301,             4,          7058,      -118.984,      -54.8998,      -48.5342,"ASSEMBLY_LAGERSITZ_NEU-1_SET-GEHAEUSE","ALUMINIUM",NA,            0.,            0.,            0.,            0.,   1.16764E-15,   232.002E-18,       NoValue
D:/MoVerHu_Projekt/FE_Modell/FE-Abaqus-Model/Job-19.odb,Step-163,Increment      6: Step Time =    1.000,"LAGERSITZ_NEU-1",          4300,             4,          7058,      -118.984,      -54.8998,      -48.5342,"ASSEMBLY_LAGERSITZ_NEU-1_SET-GEHAEUSE","ALUMINIUM",NA,            0.,            0.,            0.,            0.,   1.16764E-15,   232.002E-18,       NoValue
D:/MoVerHu_Projekt/FE_Modell/FE-Abaqus-Model/Job-19.odb,Step-163,Increment      6: Step Time =    1.000,"LAGERSITZ_NEU-1",          4304,             4,          7058,      -118.984,      -54.8998,      -48.5342,"ASSEMBLY_LAGERSITZ_NEU-1_SET-GEHAEUSE","ALUMINIUM",NA,            0.,            0.,            0.,            0.,   1.16764E-15,   232.002E-18,       NoValue
D:/MoVerHu_Projekt/FE_Modell/FE-Abaqus-Model/Job-19.odb,Step-163,Increment      6: Step Time =    1.000,"LAGERSITZ_NEU-1",          4305,             4,          7059,      -115.584,      -54.8998,      -48.5342,"ASSEMBLY_LAGERSITZ_NEU-1_SET-GEHAEUSE","ALUMINIUM",NA,            0.,            0.,            0.,            0.,   1.64943E-15,   525.278E-18,       NoValue
D:/MoVerHu_Projekt/FE_Modell/FE-Abaqus-Model/Job-19.odb,Step-163,Increment      6: Step Time =    1.000,"LAGERSITZ_NEU-1",          4304,             4,          7059,      -115.584,      -54.8998,      -48.5342,"ASSEMBLY_LAGERSITZ_NEU-1_SET-GEHAEUSE","ALUMINIUM",NA,            0.,            0.,            0.,            0.,   1.64943E-15,   525.278E-18,       NoValue
D:/MoVerHu_Projekt/FE_Modell/FE-Abaqus-Model/Job-19.odb,Step-163,Increment      6: Step Time =    1.000,"LAGERSITZ_NEU-1",          4301,             4,          7059,      -115.584,      -54.8998,      -48.5342,"ASSEMBLY_LAGERSITZ_NEU-1_SET-GEHAEUSE","ALUMINIUM",NA,            0.,            0.,            0.,            0.,   1.64943E-15,   525.278E-18,       NoValue
D:/MoVerHu_Projekt/FE_Modell/FE-Abaqus-Model/Job-19.odb,Step-163,Increment      6: Step Time =    1.000,"LAGERSITZ_NEU-1",          4302,             4,          7059,      -115.584,      -54.8998,      -48.5342,"ASSEMBLY_LAGERSITZ_NEU-1_SET-GEHAEUSE","ALUMINIUM",NA,            0.,            0.,            0.,            0.,   1.64943E-15,   525.278E-18,       NoValue
D:/MoVerHu_Projekt/FE_Modell/FE-Abaqus-Model/Job-19.odb,Step-163,Increment      6: Step Time =    1.000,"LAGERSITZ_NEU-1",          4303,             4,          7060,      -118.984,      -53.7271,      -50.9273,"ASSEMBLY_LAGERSITZ_NEU-1_SET-GEHAEUSE","ALUMINIUM",NA,            0.,            0.,            0.,            0.,   147.724E-18,   2.74476E-15,       NoValue
D:/MoVerHu_Projekt/FE_Modell/FE-Abaqus-Model/Job-19.odb,Step-163,Increment      6: Step Time =    1.000,"LAGERSITZ_NEU-1",          4307,             4,          7060,      -118.984,      -53.7271,      -50.9273,"ASSEMBLY_LAGERSITZ_NEU-1_SET-GEHAEUSE","ALUMINIUM",NA,            0.,            0.,            0.,            0.,   147.724E-18,   2.74476E-15,       NoValue
D:/MoVerHu_Projekt/FE_Modell/FE-Abaqus-Model/Job-19.odb,Step-163,Increment      6: Step Time =    1.000,"LAGERSITZ_NEU-1",          4306,             4,          7060,      -118.984,      -53.7271,      -50.9273,"ASSEMBLY_LAGERSITZ_NEU-1_SET-GEHAEUSE","ALUMINIUM",NA,            0.,            0.,            0.,            0.,   147.724E-18,   2.74476E-15,       NoValue
D:/MoVerHu_Projekt/FE_Modell/FE-Abaqus-Model/Job-19.odb,Step-163,Increment      6: Step Time =    1.000,"LAGERSITZ_NEU-1",          4304,             4,          7060,      -118.984,      -53.7271,      -50.9273,"ASSEMBLY_LAGERSITZ_NEU-1_SET-GEHAEUSE","ALUMINIUM",NA,            0.,            0.,            0.,            0.,   147.724E-18,   2.74476E-15,       NoValue
D:/MoVerHu_Projekt/FE_Modell/FE-Abaqus-Model/Job-19.odb,Step-163,Increment      6: Step Time =    1.000,"LAGERSITZ_NEU-1",          4307,             4,          7061,      -115.584,      -53.7271,      -50.9273,"ASSEMBLY_LAGERSITZ_NEU-1_SET-GEHAEUSE","ALUMINIUM",NA,            0.,            0.,            0.,            0.,  -1.70749E-15,   2.94292E-15,       NoValue
D:/MoVerHu_Projekt/FE_Modell/FE-Abaqus-Model/Job-19.odb,Step-163,Increment      6: Step Time =    1.000,"LAGERSITZ_NEU-1",          4305,             4,          7061,      -115.584,      -53.7271,      -50.9273,"ASSEMBLY_LAGERSITZ_NEU-1_SET-GEHAEUSE","ALUMINIUM",NA,            0.,            0.,            0.,            0.,  -1.70749E-15,   2.94292E-15,       NoValue
D:/MoVerHu_Projekt/FE_Modell/FE-Abaqus-Model/Job-19.odb,Step-163,Increment      6: Step Time =    1.000,"LAGERSITZ_NEU-1",          4308,             4,          7061,      -115.584,      -53.7271,      -50.9273,"ASSEMBLY_LAGERSITZ_NEU-1_SET-GEHAEUSE","ALUMINIUM",NA,            0.,            0.,            0.,            0.,  -1.70749E-15,   2.94292E-15,       NoValue
D:/MoVerHu_Projekt/FE_Modell/FE-Abaqus-Model/Job-19.odb,Step-163,Increment      6: Step Time =    1.000,"LAGERSITZ_NEU-1",          4304,             4,          7061,      -115.584,      -53.7271,      -50.9273,"ASSEMBLY_LAGERSITZ_NEU-1_SET-GEHAEUSE","ALUMINIUM",NA,            0.,            0.,            0.,            0.,  -1.70749E-15,   2.94292E-15,       NoValue
D:/MoVerHu_Projekt/FE_Modell/FE-Abaqus-Model/Job-19.odb,Step-163,Increment      6: Step Time =    1.000,"LAGERSITZ_NEU-1",          4307,             4,          7062,      -118.984,      -52.4397,      -53.2607,"ASSEMBLY_LAGERSITZ_NEU-1_SET-GEHAEUSE","ALUMINIUM",NA,            0.,            0.,            0.,            0.,   428.605E-18,   2.96684E-15,       NoValue
D:/MoVerHu_Projekt/FE_Modell/FE-Abaqus-Model/Job-19.odb,Step-163,Increment      6: Step Time =    1.000,"LAGERSITZ_NEU-1",          4306,             4,          7062,      -118.984,      -52.4397,      -53.2607,"ASSEMBLY_LAGERSITZ_NEU-1_SET-GEHAEUSE","ALUMINIUM",NA,            0.,            0.,            0.,            0.,   428.605E-18,   2.96684E-15,       NoValue
D:/MoVerHu_Projekt/FE_Modell/FE-Abaqus-Model/Job-19.odb,Step-163,Increment      6: Step Time =    1.000,"LAGERSITZ_NEU-1",          4310,             4,          7062,      -118.984,      -52.4397,      -53.2607,"ASSEMBLY_LAGERSITZ_NEU-1_SET-GEHAEUSE","ALUMINIUM",NA,            0.,            0.,            0.,            0.,   428.605E-18,   2.96684E-15,       NoValue
D:/MoVerHu_Projekt/FE_Modell/FE-Abaqus-Model/Job-19.odb,Step-163,Increment      6: Step Time =    1.000,"LAGERSITZ_NEU-1",          4309,             4,          7062,      -118.984,      -52.4397,      -53.2607,"ASSEMBLY_LAGERSITZ_NEU-1_SET-GEHAEUSE","ALUMINIUM",NA,            0.,            0.,            0.,            0.,   428.605E-18,   2.96684E-15,       NoValue
D:/MoVerHu_Projekt/FE_Modell/FE-Abaqus-Model/Job-19.odb,Step-163,Increment      6: Step Time =    1.000,"LAGERSITZ_NEU-1",          4311,             4,          7063,      -115.584,      -52.4397,      -53.2607,"ASSEMBLY_LAGERSITZ_NEU-1_SET-GEHAEUSE","ALUMINIUM",NA,            0.,            0.,            0.,            0.,   1.39226E-15,   1.89574E-15,       NoValue
D:/MoVerHu_Projekt/FE_Modell/FE-Abaqus-Model/Job-19.odb,Step-163,Increment      6: Step Time =    1.000,"LAGERSITZ_NEU-1",          4307,             4,          7063,      -115.584,      -52.4397,      -53.2607,"ASSEMBLY_LAGERSITZ_NEU-1_SET-GEHAEUSE","ALUMINIUM",NA,            0.,            0.,            0.,            0.,   1.39226E-15,   1.89574E-15,       NoValue
D:/MoVerHu_Projekt/FE_Modell/FE-Abaqus-Model/Job-19.odb,Step-163,Increment      6: Step Time =    1.000,"LAGERSITZ_NEU-1",          4308,             4,          7063,      -115.584,      -52.4397,      -53.2607,"ASSEMBLY_LAGERSITZ_NEU-1_SET-GEHAEUSE","ALUMINIUM",NA,            0.,            0.,            0.,            0.,   1.39226E-15,   1.89574E-15,       NoValue
D:/MoVerHu_Projekt/FE_Modell/FE-Abaqus-Model/Job-19.odb,Step-163,Increment      6: Step Time =    1.000,"LAGERSITZ_NEU-1",          4310,             4,          7063,      -115.584,      -52.4397,      -53.2607,"ASSEMBLY_LAGERSITZ_NEU-1_SET-GEHAEUSE","ALUMINIUM",NA,            0.,            0.,            0.,            0.,   1.39226E-15,   1.89574E-15,       NoValue
D:/MoVerHu_Projekt/FE_Modell/FE-Abaqus-Model/Job-19.odb,Step-163,Increment      6: Step Time =    1.000,"LAGERSITZ_NEU-1",          4313,             4,          7064,      -118.984,      -51.0408,      -55.5291,"ASSEMBLY_LAGERSITZ_NEU-1_SET-GEHAEUSE","ALUMINIUM",NA,            0.,            0.,            0.,            0.,   463.558E-18,  -593.697E-18,       NoValue
D:/MoVerHu_Projekt/FE_Modell/FE-Abaqus-Model/Job-19.odb,Step-163,Increment      6: Step Time =    1.000,"LAGERSITZ_NEU-1",          4312,             4,          7064,      -118.984,      -51.0408,      -55.5291,"ASSEMBLY_LAGERSITZ_NEU-1_SET-GEHAEUSE","ALUMINIUM",NA,            0.,            0.,            0.,            0.,   463.558E-18,  -593.697E-18,       NoValue
D:/MoVerHu_Projekt/FE_Modell/FE-Abaqus-Model/Job-19.odb,Step-163,Increment      6: Step Time =    1.000,"LAGERSITZ_NEU-1",          4310,             4,          7064,      -118.984,      -51.0408,      -55.5291,"ASSEMBLY_LAGERSITZ_NEU-1_SET-GEHAEUSE","ALUMINIUM",NA,            0.,            0.,            0.,            0.,   463.558E-18,  -593.697E-18,       NoValue
D:/MoVerHu_Projekt/FE_Modell/FE-Abaqus-Model/Job-19.odb,Step-163,Increment      6: Step Time =    1.000,"LAGERSITZ_NEU-1",          4309,             4,          7064,      -118.984,      -51.0408,      -55.5291,"ASSEMBLY_LAGERSITZ_NEU-1_SET-GEHAEUSE","ALUMINIUM",NA,            0.,            0.,            0.,            0.,   463.558E-18,  -593.697E-18,       NoValue
D:/MoVerHu_Projekt/FE_Modell/FE-Abaqus-Model/Job-19.odb,Step-163,Increment      6: Step Time =    1.000,"LAGERSITZ_NEU-1",          4314,             4,          7065,      -115.584,      -51.0408,      -55.5291,"ASSEMBLY_LAGERSITZ_NEU-1_SET-GEHAEUSE","ALUMINIUM",NA,            0.,            0.,            0.,            0.,   362.765E-18,   238.689E-18,       NoValue
D:/MoVerHu_Projekt/FE_Modell/FE-Abaqus-Model/Job-19.odb,Step-163,Increment      6: Step Time =    1.000,"LAGERSITZ_NEU-1",          4311,             4,          7065,      -115.584,      -51.0408,      -55.5291,"ASSEMBLY_LAGERSITZ_NEU-1_SET-GEHAEUSE","ALUMINIUM",NA,            0.,            0.,            0.,            0.,   362.765E-18,   238.689E-18,       NoValue
D:/MoVerHu_Projekt/FE_Modell/FE-Abaqus-Model/Job-19.odb,Step-163,Increment      6: Step Time =    1.000,"LAGERSITZ_NEU-1",          4313,             4,          7065,      -115.584,      -51.0408,      -55.5291,"ASSEMBLY_LAGERSITZ_NEU-1_SET-GEHAEUSE","ALUMINIUM",NA,            0.,            0.,            0.,            0.,   362.765E-18,   238.689E-18,       NoValue
D:/MoVerHu_Projekt/FE_Modell/FE-Abaqus-Model/Job-19.odb,Step-163,Increment      6: Step Time =    1.000,"LAGERSITZ_NEU-1",          4310,             4,          7065,      -115.584,      -51.0408,      -55.5291,"ASSEMBLY_LAGERSITZ_NEU-1_SET-GEHAEUSE","ALUMINIUM",NA,            0.,            0.,            0.,            0.,   362.765E-18,   238.689E-18,       NoValue
D:/MoVerHu_Projekt/FE_Modell/FE-Abaqus-Model/Job-19.odb,Step-163,Increment      6: Step Time =    1.000,"LAGERSITZ_NEU-1",          4312,             4,          7066,      -118.984,      -49.5337,      -57.7270,"ASSEMBLY_LAGERSITZ_NEU-1_SET-GEHAEUSE","ALUMINIUM",NA,            0.,            0.,            0.,            0.,  -574.093E-18,  -6.47309E-15,       NoValue
D:/MoVerHu_Projekt/FE_Modell/FE-Abaqus-Model/Job-19.odb,Step-163,Increment      6: Step Time =    1.000,"LAGERSITZ_NEU-1",          4316,             4,          7066,      -118.984,      -49.5337,      -57.7270,"ASSEMBLY_LAGERSITZ_NEU-1_SET-GEHAEUSE","ALUMINIUM",NA,            0.,            0.,            0.,            0.,  -574.093E-18,  -6.47309E-15,       NoValue
D:/MoVerHu_Projekt/FE_Modell/FE-Abaqus-Model/Job-19.odb,Step-163,Increment      6: Step Time =    1.000,"LAGERSITZ_NEU-1",          4315,             4,          7066,      -118.984,      -49.5337,      -57.7270,"ASSEMBLY_LAGERSITZ_NEU-1_SET-GEHAEUSE","ALUMINIUM",NA,            0.,            0.,            0.,            0.,  -574.093E-18,  -6.47309E-15,       NoValue
D:/MoVerHu_Projekt/FE_Modell/FE-Abaqus-Model/Job-19.odb,Step-163,Increment      6: Step Time =    1.000,"LAGERSITZ_NEU-1",          4313,             4,          7066,      -118.984,      -49.5337,      -57.7270,"ASSEMBLY_LAGERSITZ_NEU-1_SET-GEHAEUSE","ALUMINIUM",NA,            0.,            0.,            0.,            0.,  -574.093E-18,  -6.47309E-15,       NoValue
D:/MoVerHu_Projekt/FE_Modell/FE-Abaqus-Model/Job-19.odb,Step-163,Increment      6: Step Time =    1.000,"LAGERSITZ_NEU-1",          4313,             4,          7067,      -115.584,      -49.5337,      -57.7270,"ASSEMBLY_LAGERSITZ_NEU-1_SET-GEHAEUSE","ALUMINIUM",NA,            0.,            0.,            0.,            0.,   1.57594E-15,  -6.47079E-15,       NoValue
D:/MoVerHu_Projekt/FE_Modell/FE-Abaqus-Model/Job-19.odb,Step-163,Increment      6: Step Time =    1.000,"LAGERSITZ_NEU-1",          4317,             4,          7067,      -115.584,      -49.5337,      -57.7270,"ASSEMBLY_LAGERSITZ_NEU-1_SET-GEHAEUSE","ALUMINIUM",NA,            0.,            0.,            0.,            0.,   1.57594E-15,  -6.47079E-15,       NoValue
D:/MoVerHu_Projekt/FE_Modell/FE-Abaqus-Model/Job-19.odb,Step-163,Increment      6: Step Time =    1.000,"LAGERSITZ_NEU-1",          4316,             4,          7067,      -115.584,      -49.5337,      -57.7270,"ASSEMBLY_LAGERSITZ_NEU-1_SET-GEHAEUSE","ALUMINIUM",NA,            0.,            0.,            0.,            0.,   1.57594E-15,  -6.47079E-15,       NoValue
D:/MoVerHu_Projekt/FE_Modell/FE-Abaqus-Model/Job-19.odb,Step-163,Increment      6: Step Time =    1.000,"LAGERSITZ_NEU-1",          4314,             4,          7067,      -115.584,      -49.5337,      -57.7270,"ASSEMBLY_LAGERSITZ_NEU-1_SET-GEHAEUSE","ALUMINIUM",NA,            0.,            0.,            0.,            0.,   1.57594E-15,  -6.47079E-15,       NoValue
D:/MoVerHu_Projekt/FE_Modell/FE-Abaqus-Model/Job-19.odb,Step-163,Increment      6: Step Time =    1.000,"LAGERSITZ_NEU-1",          4318,             4,          7068,      -118.984,      -47.9219,      -59.8493,"ASSEMBLY_LAGERSITZ_NEU-1_SET-GEHAEUSE","ALUMINIUM",NA,            0.,            0.,            0.,            0.,  -2.97975E-15,  -1.14030E-15,       NoValue
D:/MoVerHu_Projekt/FE_Modell/FE-Abaqus-Model/Job-19.odb,Step-163,Increment      6: Step Time =    1.000,"LAGERSITZ_NEU-1",          4316,             4,          7068,      -118.984,      -47.9219,      -59.8493,"ASSEMBLY_LAGERSITZ_NEU-1_SET-GEHAEUSE","ALUMINIUM",NA,            0.,            0.,            0.,            0.,  -2.97975E-15,  -1.14030E-15,       NoValue
D:/MoVerHu_Projekt/FE_Modell/FE-Abaqus-Model/Job-19.odb,Step-163,Increment      6: Step Time =    1.000,"LAGERSITZ_NEU-1",          4319,             4,          7068,      -118.984,      -47.9219,      -59.8493,"ASSEMBLY_LAGERSITZ_NEU-1_SET-GEHAEUSE","ALUMINIUM",NA,            0.,            0.,            0.,            0.,  -2.97975E-15,  -1.14030E-15,       NoValue
D:/MoVerHu_Projekt/FE_Modell/FE-Abaqus-Model/Job-19.odb,Step-163,Increment      6: Step Time =    1.000,"LAGERSITZ_NEU-1",          4315,             4,          7068,      -118.984,      -47.9219,      -59.8493,"ASSEMBLY_LAGERSITZ_NEU-1_SET-GEHAEUSE","ALUMINIUM",NA,            0.,            0.,            0.,            0.,  -2.97975E-15,  -1.14030E-15,       NoValue
D:/MoVerHu_Projekt/FE_Modell/FE-Abaqus-Model/Job-19.odb,Step-163,Increment      6: Step Time =    1.000,"LAGERSITZ_NEU-1",          4317,             4,          7069,      -115.584,      -47.9219,      -59.8493,"ASSEMBLY_LAGERSITZ_NEU-1_SET-GEHAEUSE","ALUMINIUM",NA,            0.,            0.,            0.,            0.,  -2.55117E-15,   189.216E-18,       NoValue
D:/MoVerHu_Projekt/FE_Modell/FE-Abaqus-Model/Job-19.odb,Step-163,Increment      6: Step Time =    1.000,"LAGERSITZ_NEU-1",          4316,             4,          7069,      -115.584,      -47.9219,      -59.8493,"ASSEMBLY_LAGERSITZ_NEU-1_SET-GEHAEUSE","ALUMINIUM",NA,            0.,            0.,            0.,            0.,  -2.55117E-15,   189.216E-18,       NoValue
D:/MoVerHu_Projekt/FE_Modell/FE-Abaqus-Model/Job-19.odb,Step-163,Increment      6: Step Time =    1.000,"LAGERSITZ_NEU-1",          4320,             4,          7069,      -115.584,      -47.9219,      -59.8493,"ASSEMBLY_LAGERSITZ_NEU-1_SET-GEHAEUSE","ALUMINIUM",NA,            0.,            0.,            0.,            0.,  -2.55117E-15,   189.216E-18,       NoValue
D:/MoVerHu_Projekt/FE_Modell/FE-Abaqus-Model/Job-19.odb,Step-163,Increment      6: Step Time =    1.000,"LAGERSITZ_NEU-1",          4319,             4,          7069,      -115.584,      -47.9219,      -59.8493,"ASSEMBLY_LAGERSITZ_NEU-1_SET-GEHAEUSE","ALUMINIUM",NA,            0.,            0.,            0.,            0.,  -2.55117E-15,   189.216E-18,       NoValue
D:/MoVerHu_Projekt/FE_Modell/FE-Abaqus-Model/Job-19.odb,Step-163,Increment      6: Step Time =    1.000,"LAGERSITZ_NEU-1",          4321,             4,          7070,      -118.984,      -46.2092,      -61.8911,"ASSEMBLY_LAGERSITZ_NEU-1_SET-GEHAEUSE","ALUMINIUM",NA,            0.,            0.,            0.,            0.,   602.572E-18,   2.72226E-15,       NoValue
D:/MoVerHu_Projekt/FE_Modell/FE-Abaqus-Model/Job-19.odb,Step-163,Increment      6: Step Time =    1.000,"LAGERSITZ_NEU-1",          4318,             4,          7070,      -118.984,      -46.2092,      -61.8911,"ASSEMBLY_LAGERSITZ_NEU-1_SET-GEHAEUSE","ALUMINIUM",NA,            0.,            0.,            0.,            0.,   602.572E-18,   2.72226E-15,       NoValue
D:/MoVerHu_Projekt/FE_Modell/FE-Abaqus-Model/Job-19.odb,Step-163,Increment      6: Step Time =    1.000,"LAGERSITZ_NEU-1",          4322,             4,          7070,      -118.984,      -46.2092,      -61.8911,"ASSEMBLY_LAGERSITZ_NEU-1_SET-GEHAEUSE","ALUMINIUM",NA,            0.,            0.,            0.,            0.,   602.572E-18,   2.72226E-15,       NoValue
D:/MoVerHu_Projekt/FE_Modell/FE-Abaqus-Model/Job-19.odb,Step-163,Increment      6: Step Time =    1.000,"LAGERSITZ_NEU-1",          4319,             4,          7070,      -118.984,      -46.2092,      -61.8911,"ASSEMBLY_LAGERSITZ_NEU-1_SET-GEHAEUSE","ALUMINIUM",NA,            0.,            0.,            0.,            0.,   602.572E-18,   2.72226E-15,       NoValue
D:/MoVerHu_Projekt/FE_Modell/FE-Abaqus-Model/Job-19.odb,Step-163,Increment      6: Step Time =    1.000,"LAGERSITZ_NEU-1",          4323,             4,          7071,      -115.584,      -46.2092,      -61.8911,"ASSEMBLY_LAGERSITZ_NEU-1_SET-GEHAEUSE","ALUMINIUM",NA,            0.,            0.,            0.,            0.,  -702.537E-18,   782.743E-18,       NoValue
D:/MoVerHu_Projekt/FE_Modell/FE-Abaqus-Model/Job-19.odb,Step-163,Increment      6: Step Time =    1.000,"LAGERSITZ_NEU-1",          4320,             4,          7071,      -115.584,      -46.2092,      -61.8911,"ASSEMBLY_LAGERSITZ_NEU-1_SET-GEHAEUSE","ALUMINIUM",NA,            0.,            0.,            0.,            0.,  -702.537E-18,   782.743E-18,       NoValue
D:/MoVerHu_Projekt/FE_Modell/FE-Abaqus-Model/Job-19.odb,Step-163,Increment      6: Step Time =    1.000,"LAGERSITZ_NEU-1",          4322,             4,          7071,      -115.584,      -46.2092,      -61.8911,"ASSEMBLY_LAGERSITZ_NEU-1_SET-GEHAEUSE","ALUMINIUM",NA,            0.,            0.,            0.,            0.,  -702.537E-18,   782.743E-18,       NoValue
D:/MoVerHu_Projekt/FE_Modell/FE-Abaqus-Model/Job-19.odb,Step-163,Increment      6: Step Time =    1.000,"LAGERSITZ_NEU-1",          4319,             4,          7071,      -115.584,      -46.2092,      -61.8911,"ASSEMBLY_LAGERSITZ_NEU-1_SET-GEHAEUSE","ALUMINIUM",NA,            0.,            0.,            0.,            0.,  -702.537E-18,   782.743E-18,       NoValue
D:/MoVerHu_Projekt/FE_Modell/FE-Abaqus-Model/Job-19.odb,Step-163,Increment      6: Step Time =    1.000,"LAGERSITZ_NEU-1",          4325,             4,          7072,      -118.984,      -44.3996,      -63.8475,"ASSEMBLY_LAGERSITZ_NEU-1_SET-GEHAEUSE","ALUMINIUM",NA,            0.,            0.,            0.,            0.,  -283.803E-18,   1.71304E-15,       NoValue
D:/MoVerHu_Projekt/FE_Modell/FE-Abaqus-Model/Job-19.odb,Step-163,Increment      6: Step Time =    1.000,"LAGERSITZ_NEU-1",          4324,             4,          7072,      -118.984,      -44.3996,      -63.8475,"ASSEMBLY_LAGERSITZ_NEU-1_SET-GEHAEUSE","ALUMINIUM",NA,            0.,            0.,            0.,            0.,  -283.803E-18,   1.71304E-15,       NoValue
D:/MoVerHu_Projekt/FE_Modell/FE-Abaqus-Model/Job-19.odb,Step-163,Increment      6: Step Time =    1.000,"LAGERSITZ_NEU-1",          4322,             4,          7072,      -118.984,      -44.3996,      -63.8475,"ASSEMBLY_LAGERSITZ_NEU-1_SET-GEHAEUSE","ALUMINIUM",NA,            0.,            0.,            0.,            0.,  -283.803E-18,   1.71304E-15,       NoValue
D:/MoVerHu_Projekt/FE_Modell/FE-Abaqus-Model/Job-19.odb,Step-163,Increment      6: Step Time =    1.000,"LAGERSITZ_NEU-1",          4321,             4,          7072,      -118.984,      -44.3996,      -63.8475,"ASSEMBLY_LAGERSITZ_NEU-1_SET-GEHAEUSE","ALUMINIUM",NA,            0.,            0.,            0.,            0.,  -283.803E-18,   1.71304E-15,       NoValue
D:/MoVerHu_Projekt/FE_Modell/FE-Abaqus-Model/Job-19.odb,Step-163,Increment      6: Step Time =    1.000,"LAGERSITZ_NEU-1",          4322,             4,          7073,      -115.584,      -44.3996,      -63.8475,"ASSEMBLY_LAGERSITZ_NEU-1_SET-GEHAEUSE","ALUMINIUM",NA,            0.,            0.,            0.,            0.,  -111.342E-18,   988.931E-18,       NoValue
D:/MoVerHu_Projekt/FE_Modell/FE-Abaqus-Model/Job-19.odb,Step-163,Increment      6: Step Time =    1.000,"LAGERSITZ_NEU-1",          4326,             4,          7073,      -115.584,      -44.3996,      -63.8475,"ASSEMBLY_LAGERSITZ_NEU-1_SET-GEHAEUSE","ALUMINIUM",NA,            0.,            0.,            0.,            0.,  -111.342E-18,   988.931E-18,       NoValue
D:/MoVerHu_Projekt/FE_Modell/FE-Abaqus-Model/Job-19.odb,Step-163,Increment      6: Step Time =    1.000,"LAGERSITZ_NEU-1",          4323,             4,          7073,      -115.584,      -44.3996,      -63.8475,"ASSEMBLY_LAGERSITZ_NEU-1_SET-GEHAEUSE","ALUMINIUM",NA,            0.,            0.,            0.,            0.,  -111.342E-18,   988.931E-18,       NoValue
D:/MoVerHu_Projekt/FE_Modell/FE-Abaqus-Model/Job-19.odb,Step-163,Increment      6: Step Time =    1.000,"LAGERSITZ_NEU-1",          4325,             4,          7073,      -115.584,      -44.3996,      -63.8475,"ASSEMBLY_LAGERSITZ_NEU-1_SET-GEHAEUSE","ALUMINIUM",NA,            0.,            0.,            0.,            0.,  -111.342E-18,   988.931E-18,       NoValue
D:/MoVerHu_Projekt/FE_Modell/FE-Abaqus-Model/Job-19.odb,Step-163,Increment      6: Step Time =    1.000,"LAGERSITZ_NEU-1",          4325,             4,          7074,      -118.984,      -42.4974,      -65.7139,"ASSEMBLY_LAGERSITZ_NEU-1_SET-GEHAEUSE","ALUMINIUM",NA,            0.,            0.,            0.,            0.,  -1.37493E-15,  -2.84485E-15,       NoValue
D:/MoVerHu_Projekt/FE_Modell/FE-Abaqus-Model/Job-19.odb,Step-163,Increment      6: Step Time =    1.000,"LAGERSITZ_NEU-1",          4327,             4,          7074,      -118.984,      -42.4974,      -65.7139,"ASSEMBLY_LAGERSITZ_NEU-1_SET-GEHAEUSE","ALUMINIUM",NA,            0.,            0.,            0.,            0.,  -1.37493E-15,  -2.84485E-15,       NoValue
D:/MoVerHu_Projekt/FE_Modell/FE-Abaqus-Model/Job-19.odb,Step-163,Increment      6: Step Time =    1.000,"LAGERSITZ_NEU-1",          4324,             4,          7074,      -118.984,      -42.4974,      -65.7139,"ASSEMBLY_LAGERSITZ_NEU-1_SET-GEHAEUSE","ALUMINIUM",NA,            0.,            0.,            0.,            0.,  -1.37493E-15,  -2.84485E-15,       NoValue
D:/MoVerHu_Projekt/FE_Modell/FE-Abaqus-Model/Job-19.odb,Step-163,Increment      6: Step Time =    1.000,"LAGERSITZ_NEU-1",          4328,             4,          7074,      -118.984,      -42.4974,      -65.7139,"ASSEMBLY_LAGERSITZ_NEU-1_SET-GEHAEUSE","ALUMINIUM",NA,            0.,            0.,            0.,            0.,  -1.37493E-15,  -2.84485E-15,       NoValue
D:/MoVerHu_Projekt/FE_Modell/FE-Abaqus-Model/Job-19.odb,Step-163,Increment      6: Step Time =    1.000,"LAGERSITZ_NEU-1",          4329,             4,          7075,      -115.584,      -42.4974,      -65.7139,"ASSEMBLY_LAGERSITZ_NEU-1_SET-GEHAEUSE","ALUMINIUM",NA,            0.,            0.,            0.,            0.,  -2.81081E-15,  -2.11236E-15,       NoValue
D:/MoVerHu_Projekt/FE_Modell/FE-Abaqus-Model/Job-19.odb,Step-163,Increment      6: Step Time =    1.000,"LAGERSITZ_NEU-1",          4326,             4,          7075,      -115.584,      -42.4974,      -65.7139,"ASSEMBLY_LAGERSITZ_NEU-1_SET-GEHAEUSE","ALUMINIUM",NA,            0.,            0.,            0.,            0.,  -2.81081E-15,  -2.11236E-15,       NoValue
D:/MoVerHu_Projekt/FE_Modell/FE-Abaqus-Model/Job-19.odb,Step-163,Increment      6: Step Time =    1.000,"LAGERSITZ_NEU-1",          4328,             4,          7075,      -115.584,      -42.4974,      -65.7139,"ASSEMBLY_LAGERSITZ_NEU-1_SET-GEHAEUSE","ALUMINIUM",NA,            0.,            0.,            0.,            0.,  -2.81081E-15,  -2.11236E-15,       NoValue
D:/MoVerHu_Projekt/FE_Modell/FE-Abaqus-Model/Job-19.odb,Step-163,Increment      6: Step Time =    1.000,"LAGERSITZ_NEU-1",          4325,             4,          7075,      -115.584,      -42.4974,      -65.7139,"ASSEMBLY_LAGERSITZ_NEU-1_SET-GEHAEUSE","ALUMINIUM",NA,            0.,            0.,            0.,            0.,  -2.81081E-15,  -2.11236E-15,       NoValue
D:/MoVerHu_Projekt/FE_Modell/FE-Abaqus-Model/Job-19.odb,Step-163,Increment      6: Step Time =    1.000,"LAGERSITZ_NEU-1",          4331,             4,          7076,      -118.984,      -40.5069,      -67.4860,"ASSEMBLY_LAGERSITZ_NEU-1_SET-GEHAEUSE","ALUMINIUM",NA,            0.,            0.,            0.,            0.,  -2.80747E-15,  -4.83475E-15,       NoValue
D:/MoVerHu_Projekt/FE_Modell/FE-Abaqus-Model/Job-19.odb,Step-163,Increment      6: Step Time =    1.000,"LAGERSITZ_NEU-1",          4327,             4,          7076,      -118.984,      -40.5069,      -67.4860,"ASSEMBLY_LAGERSITZ_NEU-1_SET-GEHAEUSE","ALUMINIUM",NA,            0.,            0.,            0.,            0.,  -2.80747E-15,  -4.83475E-15,       NoValue
D:/MoVerHu_Projekt/FE_Modell/FE-Abaqus-Model/Job-19.odb,Step-163,Increment      6: Step Time =    1.000,"LAGERSITZ_NEU-1",          4330,             4,          7076,      -118.984,      -40.5069,      -67.4860,"ASSEMBLY_LAGERSITZ_NEU-1_SET-GEHAEUSE","ALUMINIUM",NA,            0.,            0.,            0.,            0.,  -2.80747E-15,  -4.83475E-15,       NoValue
D:/MoVerHu_Projekt/FE_Modell/FE-Abaqus-Model/Job-19.odb,Step-163,Increment      6: Step Time =    1.000,"LAGERSITZ_NEU-1",          4328,             4,          7076,      -118.984,      -40.5069,      -67.4860,"ASSEMBLY_LAGERSITZ_NEU-1_SET-GEHAEUSE","ALUMINIUM",NA,            0.,            0.,            0.,            0.,  -2.80747E-15,  -4.83475E-15,       NoValue
D:/MoVerHu_Projekt/FE_Modell/FE-Abaqus-Model/Job-19.odb,Step-163,Increment      6: Step Time =    1.000,"LAGERSITZ_NEU-1",          4332,             4,          7077,      -115.584,      -40.5069,      -67.4860,"ASSEMBLY_LAGERSITZ_NEU-1_SET-GEHAEUSE","ALUMINIUM",NA,            0.,            0.,            0.,            0.,   713.600E-18,  -3.53489E-15,       NoValue
D:/MoVerHu_Projekt/FE_Modell/FE-Abaqus-Model/Job-19.odb,Step-163,Increment      6: Step Time =    1.000,"LAGERSITZ_NEU-1",          4331,             4,          7077,      -115.584,      -40.5069,      -67.4860,"ASSEMBLY_LAGERSITZ_NEU-1_SET-GEHAEUSE","ALUMINIUM",NA,            0.,            0.,            0.,            0.,   713.600E-18,  -3.53489E-15,       NoValue
D:/MoVerHu_Projekt/FE_Modell/FE-Abaqus-Model/Job-19.odb,Step-163,Increment      6: Step Time =    1.000,"LAGERSITZ_NEU-1",          4328,             4,          7077,      -115.584,      -40.5069,      -67.4860,"ASSEMBLY_LAGERSITZ_NEU-1_SET-GEHAEUSE","ALUMINIUM",NA,            0.,            0.,            0.,            0.,   713.600E-18,  -3.53489E-15,       NoValue
D:/MoVerHu_Projekt/FE_Modell/FE-Abaqus-Model/Job-19.odb,Step-163,Increment      6: Step Time =    1.000,"LAGERSITZ_NEU-1",          4329,             4,          7077,      -115.584,      -40.5069,      -67.4860,"ASSEMBLY_LAGERSITZ_NEU-1_SET-GEHAEUSE","ALUMINIUM",NA,            0.,            0.,            0.,            0.,   713.600E-18,  -3.53489E-15,       NoValue
D:/MoVerHu_Projekt/FE_Modell/FE-Abaqus-Model/Job-19.odb,Step-163,Increment      6: Step Time =    1.000,"LAGERSITZ_NEU-1",          4334,             4,          7078,      -118.984,      -38.4330,      -69.1597,"ASSEMBLY_LAGERSITZ_NEU-1_SET-GEHAEUSE","ALUMINIUM",NA,            0.,            0.,            0.,            0.,  -813.828E-18,   1.65970E-15,       NoValue
D:/MoVerHu_Projekt/FE_Modell/FE-Abaqus-Model/Job-19.odb,Step-163,Increment      6: Step Time =    1.000,"LAGERSITZ_NEU-1",          4330,             4,          7078,      -118.984,      -38.4330,      -69.1597,"ASSEMBLY_LAGERSITZ_NEU-1_SET-GEHAEUSE","ALUMINIUM",NA,            0.,            0.,            0.,            0.,  -813.828E-18,   1.65970E-15,       NoValue
D:/MoVerHu_Projekt/FE_Modell/FE-Abaqus-Model/Job-19.odb,Step-163,Increment      6: Step Time =    1.000,"LAGERSITZ_NEU-1",          4331,             4,          7078,      -118.984,      -38.4330,      -69.1597,"ASSEMBLY_LAGERSITZ_NEU-1_SET-GEHAEUSE","ALUMINIUM",NA,            0.,            0.,            0.,            0.,  -813.828E-18,   1.65970E-15,       NoValue
D:/MoVerHu_Projekt/FE_Modell/FE-Abaqus-Model/Job-19.odb,Step-163,Increment      6: Step Time =    1.000,"LAGERSITZ_NEU-1",          4333,             4,          7078,      -118.984,      -38.4330,      -69.1597,"ASSEMBLY_LAGERSITZ_NEU-1_SET-GEHAEUSE","ALUMINIUM",NA,            0.,            0.,            0.,            0.,  -813.828E-18,   1.65970E-15,       NoValue
D:/MoVerHu_Projekt/FE_Modell/FE-Abaqus-Model/Job-19.odb,Step-163,Increment      6: Step Time =    1.000,"LAGERSITZ_NEU-1",          4334,             4,          7079,      -115.584,      -38.4330,      -69.1597,"ASSEMBLY_LAGERSITZ_NEU-1_SET-GEHAEUSE","ALUMINIUM",NA,            0.,            0.,            0.,            0.,   3.59144E-15,   3.37430E-15,       NoValue
D:/MoVerHu_Projekt/FE_Modell/FE-Abaqus-Model/Job-19.odb,Step-163,Increment      6: Step Time =    1.000,"LAGERSITZ_NEU-1",          4335,             4,          7079,      -115.584,      -38.4330,      -69.1597,"ASSEMBLY_LAGERSITZ_NEU-1_SET-GEHAEUSE","ALUMINIUM",NA,            0.,            0.,            0.,            0.,   3.59144E-15,   3.37430E-15,       NoValue
D:/MoVerHu_Projekt/FE_Modell/FE-Abaqus-Model/Job-19.odb,Step-163,Increment      6: Step Time =    1.000,"LAGERSITZ_NEU-1",          4331,             4,          7079,      -115.584,      -38.4330,      -69.1597,"ASSEMBLY_LAGERSITZ_NEU-1_SET-GEHAEUSE","ALUMINIUM",NA,            0.,            0.,            0.,            0.,   3.59144E-15,   3.37430E-15,       NoValue
D:/MoVerHu_Projekt/FE_Modell/FE-Abaqus-Model/Job-19.odb,Step-163,Increment      6: Step Time =    1.000,"LAGERSITZ_NEU-1",          4332,             4,          7079,      -115.584,      -38.4330,      -69.1597,"ASSEMBLY_LAGERSITZ_NEU-1_SET-GEHAEUSE","ALUMINIUM",NA,            0.,            0.,            0.,            0.,   3.59144E-15,   3.37430E-15,       NoValue
D:/MoVerHu_Projekt/FE_Modell/FE-Abaqus-Model/Job-19.odb,Step-163,Increment      6: Step Time =    1.000,"LAGERSITZ_NEU-1",          4337,             4,          7108,      -118.984,      -33.9652,      -72.2514,"ASSEMBLY_LAGERSITZ_NEU-1_SET-GEHAEUSE","ALUMINIUM",NA,            0.,            0.,            0.,            0.,  -2.71979E-15,   2.33494E-15,       NoValue
D:/MoVerHu_Projekt/FE_Modell/FE-Abaqus-Model/Job-19.odb,Step-163,Increment      6: Step Time =    1.000,"LAGERSITZ_NEU-1",          4336,             4,          7108,      -118.984,      -33.9652,      -72.2514,"ASSEMBLY_LAGERSITZ_NEU-1_SET-GEHAEUSE","ALUMINIUM",NA,            0.,            0.,            0.,            0.,  -2.71979E-15,   2.33494E-15,       NoValue
D:/MoVerHu_Projekt/FE_Modell/FE-Abaqus-Model/Job-19.odb,Step-163,Increment      6: Step Time =    1.000,"LAGERSITZ_NEU-1",          4340,             4,          7108,      -118.984,      -33.9652,      -72.2514,"ASSEMBLY_LAGERSITZ_NEU-1_SET-GEHAEUSE","ALUMINIUM",NA,            0.,            0.,            0.,            0.,  -2.71979E-15,   2.33494E-15,       NoValue
D:/MoVerHu_Projekt/FE_Modell/FE-Abaqus-Model/Job-19.odb,Step-163,Increment      6: Step Time =    1.000,"LAGERSITZ_NEU-1",          4339,             4,          7108,      -118.984,      -33.9652,      -72.2514,"ASSEMBLY_LAGERSITZ_NEU-1_SET-GEHAEUSE","ALUMINIUM",NA,            0.,            0.,            0.,            0.,  -2.71979E-15,   2.33494E-15,       NoValue
D:/MoVerHu_Projekt/FE_Modell/FE-Abaqus-Model/Job-19.odb,Step-163,Increment      6: Step Time =    1.000,"LAGERSITZ_NEU-1",          4338,             4,          7109,      -115.584,      -33.9652,      -72.2514,"ASSEMBLY_LAGERSITZ_NEU-1_SET-GEHAEUSE","ALUMINIUM",NA,            0.,            0.,            0.,            0.,   76.2505E-18,   1.59331E-15,       NoValue
D:/MoVerHu_Projekt/FE_Modell/FE-Abaqus-Model/Job-19.odb,Step-163,Increment      6: Step Time =    1.000,"LAGERSITZ_NEU-1",          4337,             4,          7109,      -115.584,      -33.9652,      -72.2514,"ASSEMBLY_LAGERSITZ_NEU-1_SET-GEHAEUSE","ALUMINIUM",NA,            0.,            0.,            0.,            0.,   76.2505E-18,   1.59331E-15,       NoValue
D:/MoVerHu_Projekt/FE_Modell/FE-Abaqus-Model/Job-19.odb,Step-163,Increment      6: Step Time =    1.000,"LAGERSITZ_NEU-1",          4340,             4,          7109,      -115.584,      -33.9652,      -72.2514,"ASSEMBLY_LAGERSITZ_NEU-1_SET-GEHAEUSE","ALUMINIUM",NA,            0.,            0.,            0.,            0.,   76.2505E-18,   1.59331E-15,       NoValue
D:/MoVerHu_Projekt/FE_Modell/FE-Abaqus-Model/Job-19.odb,Step-163,Increment      6: Step Time =    1.000,"LAGERSITZ_NEU-1",          4341,             4,          7109,      -115.584,      -33.9652,      -72.2514,"ASSEMBLY_LAGERSITZ_NEU-1_SET-GEHAEUSE","ALUMINIUM",NA,            0.,            0.,            0.,            0.,   76.2505E-18,   1.59331E-15,       NoValue
D:/MoVerHu_Projekt/FE_Modell/FE-Abaqus-Model/Job-19.odb,Step-163,Increment      6: Step Time =    1.000,"LAGERSITZ_NEU-1",          4339,             4,          7110,      -118.984,      -31.5763,      -73.6534,"ASSEMBLY_LAGERSITZ_NEU-1_SET-GEHAEUSE","ALUMINIUM",NA,            0.,            0.,            0.,            0.,  -3.09602E-15,  -1.67441E-15,       NoValue
D:/MoVerHu_Projekt/FE_Modell/FE-Abaqus-Model/Job-19.odb,Step-163,Increment      6: Step Time =    1.000,"LAGERSITZ_NEU-1",          4340,             4,          7110,      -118.984,      -31.5763,      -73.6534,"ASSEMBLY_LAGERSITZ_NEU-1_SET-GEHAEUSE","ALUMINIUM",NA,            0.,            0.,            0.,            0.,  -3.09602E-15,  -1.67441E-15,       NoValue
D:/MoVerHu_Projekt/FE_Modell/FE-Abaqus-Model/Job-19.odb,Step-163,Increment      6: Step Time =    1.000,"LAGERSITZ_NEU-1",          4343,             4,          7110,      -118.984,      -31.5763,      -73.6534,"ASSEMBLY_LAGERSITZ_NEU-1_SET-GEHAEUSE","ALUMINIUM",NA,            0.,            0.,            0.,            0.,  -3.09602E-15,  -1.67441E-15,       NoValue
D:/MoVerHu_Projekt/FE_Modell/FE-Abaqus-Model/Job-19.odb,Step-163,Increment      6: Step Time =    1.000,"LAGERSITZ_NEU-1",          4342,             4,          7110,      -118.984,      -31.5763,      -73.6534,"ASSEMBLY_LAGERSITZ_NEU-1_SET-GEHAEUSE","ALUMINIUM",NA,            0.,            0.,            0.,            0.,  -3.09602E-15,  -1.67441E-15,       NoValue
D:/MoVerHu_Projekt/FE_Modell/FE-Abaqus-Model/Job-19.odb,Step-163,Increment      6: Step Time =    1.000,"LAGERSITZ_NEU-1",          4341,             4,          7111,      -115.584,      -31.5763,      -73.6534,"ASSEMBLY_LAGERSITZ_NEU-1_SET-GEHAEUSE","ALUMINIUM",NA,            0.,            0.,            0.,            0.,  -877.368E-18,  -1.99458E-15,       NoValue
D:/MoVerHu_Projekt/FE_Modell/FE-Abaqus-Model/Job-19.odb,Step-163,Increment      6: Step Time =    1.000,"LAGERSITZ_NEU-1",          4343,             4,          7111,      -115.584,      -31.5763,      -73.6534,"ASSEMBLY_LAGERSITZ_NEU-1_SET-GEHAEUSE","ALUMINIUM",NA,            0.,            0.,            0.,            0.,  -877.368E-18,  -1.99458E-15,       NoValue
D:/MoVerHu_Projekt/FE_Modell/FE-Abaqus-Model/Job-19.odb,Step-163,Increment      6: Step Time =    1.000,"LAGERSITZ_NEU-1",          4340,             4,          7111,      -115.584,      -31.5763,      -73.6534,"ASSEMBLY_LAGERSITZ_NEU-1_SET-GEHAEUSE","ALUMINIUM",NA,            0.,            0.,            0.,            0.,  -877.368E-18,  -1.99458E-15,       NoValue
D:/MoVerHu_Projekt/FE_Modell/FE-Abaqus-Model/Job-19.odb,Step-163,Increment      6: Step Time =    1.000,"LAGERSITZ_NEU-1",          4344,             4,          7111,      -115.584,      -31.5763,      -73.6534,"ASSEMBLY_LAGERSITZ_NEU-1_SET-GEHAEUSE","ALUMINIUM",NA,            0.,            0.,            0.,            0.,  -877.368E-18,  -1.99458E-15,       NoValue
D:/MoVerHu_Projekt/FE_Modell/FE-Abaqus-Model/Job-19.odb,Step-163,Increment      6: Step Time =    1.000,"LAGERSITZ_NEU-1",          4345,             4,          7112,      -118.984,      -29.1199,      -74.9334,"ASSEMBLY_LAGERSITZ_NEU-1_SET-GEHAEUSE","ALUMINIUM",NA,            0.,            0.,            0.,            0.,   86.0103E-18,   2.09840E-15,       NoValue
D:/MoVerHu_Projekt/FE_Modell/FE-Abaqus-Model/Job-19.odb,Step-163,Increment      6: Step Time =    1.000,"LAGERSITZ_NEU-1",          4342,             4,          7112,      -118.984,      -29.1199,      -74.9334,"ASSEMBLY_LAGERSITZ_NEU-1_SET-GEHAEUSE","ALUMINIUM",NA,            0.,            0.,            0.,            0.,   86.0103E-18,   2.09840E-15,       NoValue
D:/MoVerHu_Projekt/FE_Modell/FE-Abaqus-Model/Job-19.odb,Step-163,Increment      6: Step Time =    1.000,"LAGERSITZ_NEU-1",          4343,             4,          7112,      -118.984,      -29.1199,      -74.9334,"ASSEMBLY_LAGERSITZ_NEU-1_SET-GEHAEUSE","ALUMINIUM",NA,            0.,            0.,            0.,            0.,   86.0103E-18,   2.09840E-15,       NoValue
D:/MoVerHu_Projekt/FE_Modell/FE-Abaqus-Model/Job-19.odb,Step-163,Increment      6: Step Time =    1.000,"LAGERSITZ_NEU-1",          4346,             4,          7112,      -118.984,      -29.1199,      -74.9334,"ASSEMBLY_LAGERSITZ_NEU-1_SET-GEHAEUSE","ALUMINIUM",NA,            0.,            0.,            0.,            0.,   86.0103E-18,   2.09840E-15,       NoValue
D:/MoVerHu_Projekt/FE_Modell/FE-Abaqus-Model/Job-19.odb,Step-163,Increment      6: Step Time =    1.000,"LAGERSITZ_NEU-1",          4346,             4,          7113,      -115.584,      -29.1199,      -74.9334,"ASSEMBLY_LAGERSITZ_NEU-1_SET-GEHAEUSE","ALUMINIUM",NA,            0.,            0.,            0.,            0.,  -1.34766E-15,   1.33712E-15,       NoValue
D:/MoVerHu_Projekt/FE_Modell/FE-Abaqus-Model/Job-19.odb,Step-163,Increment      6: Step Time =    1.000,"LAGERSITZ_NEU-1",          4343,             4,          7113,      -115.584,      -29.1199,      -74.9334,"ASSEMBLY_LAGERSITZ_NEU-1_SET-GEHAEUSE","ALUMINIUM",NA,            0.,            0.,            0.,            0.,  -1.34766E-15,   1.33712E-15,       NoValue
D:/MoVerHu_Projekt/FE_Modell/FE-Abaqus-Model/Job-19.odb,Step-163,Increment      6: Step Time =    1.000,"LAGERSITZ_NEU-1",          4344,             4,          7113,      -115.584,      -29.1199,      -74.9334,"ASSEMBLY_LAGERSITZ_NEU-1_SET-GEHAEUSE","ALUMINIUM",NA,            0.,            0.,            0.,            0.,  -1.34766E-15,   1.33712E-15,       NoValue
D:/MoVerHu_Projekt/FE_Modell/FE-Abaqus-Model/Job-19.odb,Step-163,Increment      6: Step Time =    1.000,"LAGERSITZ_NEU-1",          4347,             4,          7113,      -115.584,      -29.1199,      -74.9334,"ASSEMBLY_LAGERSITZ_NEU-1_SET-GEHAEUSE","ALUMINIUM",NA,            0.,            0.,            0.,            0.,  -1.34766E-15,   1.33712E-15,       NoValue
D:/MoVerHu_Projekt/FE_Modell/FE-Abaqus-Model/Job-19.odb,Step-163,Increment      6: Step Time =    1.000,"LAGERSITZ_NEU-1",          4346,             4,          7114,      -118.984,      -26.6022,      -76.0882,"ASSEMBLY_LAGERSITZ_NEU-1_SET-GEHAEUSE","ALUMINIUM",NA,            0.,            0.,            0.,            0.,  -1.92662E-15,  -1.56070E-15,       NoValue
D:/MoVerHu_Projekt/FE_Modell/FE-Abaqus-Model/Job-19.odb,Step-163,Increment      6: Step Time =    1.000,"LAGERSITZ_NEU-1",          4349,             4,          7114,      -118.984,      -26.6022,      -76.0882,"ASSEMBLY_LAGERSITZ_NEU-1_SET-GEHAEUSE","ALUMINIUM",NA,            0.,            0.,            0.,            0.,  -1.92662E-15,  -1.56070E-15,       NoValue
D:/MoVerHu_Projekt/FE_Modell/FE-Abaqus-Model/Job-19.odb,Step-163,Increment      6: Step Time =    1.000,"LAGERSITZ_NEU-1",          4345,             4,          7114,      -118.984,      -26.6022,      -76.0882,"ASSEMBLY_LAGERSITZ_NEU-1_SET-GEHAEUSE","ALUMINIUM",NA,            0.,            0.,            0.,            0.,  -1.92662E-15,  -1.56070E-15,       NoValue
D:/MoVerHu_Projekt/FE_Modell/FE-Abaqus-Model/Job-19.odb,Step-163,Increment      6: Step Time =    1.000,"LAGERSITZ_NEU-1",          4348,             4,          7114,      -118.984,      -26.6022,      -76.0882,"ASSEMBLY_LAGERSITZ_NEU-1_SET-GEHAEUSE","ALUMINIUM",NA,            0.,            0.,            0.,            0.,  -1.92662E-15,  -1.56070E-15,       NoValue
D:/MoVerHu_Projekt/FE_Modell/FE-Abaqus-Model/Job-19.odb,Step-163,Increment      6: Step Time =    1.000,"LAGERSITZ_NEU-1",          4349,             4,          7115,      -115.584,      -26.6022,      -76.0882,"ASSEMBLY_LAGERSITZ_NEU-1_SET-GEHAEUSE","ALUMINIUM",NA,            0.,            0.,            0.,            0.,  -76.1078E-18,  -1.49856E-15,       NoValue
D:/MoVerHu_Projekt/FE_Modell/FE-Abaqus-Model/Job-19.odb,Step-163,Increment      6: Step Time =    1.000,"LAGERSITZ_NEU-1",          4347,             4,          7115,      -115.584,      -26.6022,      -76.0882,"ASSEMBLY_LAGERSITZ_NEU-1_SET-GEHAEUSE","ALUMINIUM",NA,            0.,            0.,            0.,            0.,  -76.1078E-18,  -1.49856E-15,       NoValue
D:/MoVerHu_Projekt/FE_Modell/FE-Abaqus-Model/Job-19.odb,Step-163,Increment      6: Step Time =    1.000,"LAGERSITZ_NEU-1",          4346,             4,          7115,      -115.584,      -26.6022,      -76.0882,"ASSEMBLY_LAGERSITZ_NEU-1_SET-GEHAEUSE","ALUMINIUM",NA,            0.,            0.,            0.,            0.,  -76.1078E-18,  -1.49856E-15,       NoValue
D:/MoVerHu_Projekt/FE_Modell/FE-Abaqus-Model/Job-19.odb,Step-163,Increment      6: Step Time =    1.000,"LAGERSITZ_NEU-1",          4350,             4,          7115,      -115.584,      -26.6022,      -76.0882,"ASSEMBLY_LAGERSITZ_NEU-1_SET-GEHAEUSE","ALUMINIUM",NA,            0.,            0.,            0.,            0.,  -76.1078E-18,  -1.49856E-15,       NoValue
D:/MoVerHu_Projekt/FE_Modell/FE-Abaqus-Model/Job-19.odb,Step-163,Increment      6: Step Time =    1.000,"LAGERSITZ_NEU-1",          4348,             4,          7116,      -118.984,      -24.0295,      -77.1146,"ASSEMBLY_LAGERSITZ_NEU-1_SET-GEHAEUSE","ALUMINIUM",NA,            0.,            0.,            0.,            0.,   219.209E-18,   2.05443E-15,       NoValue
D:/MoVerHu_Projekt/FE_Modell/FE-Abaqus-Model/Job-19.odb,Step-163,Increment      6: Step Time =    1.000,"LAGERSITZ_NEU-1",          4351,             4,          7116,      -118.984,      -24.0295,      -77.1146,"ASSEMBLY_LAGERSITZ_NEU-1_SET-GEHAEUSE","ALUMINIUM",NA,            0.,            0.,            0.,            0.,   219.209E-18,   2.05443E-15,       NoValue
D:/MoVerHu_Projekt/FE_Modell/FE-Abaqus-Model/Job-19.odb,Step-163,Increment      6: Step Time =    1.000,"LAGERSITZ_NEU-1",          4352,             4,          7116,      -118.984,      -24.0295,      -77.1146,"ASSEMBLY_LAGERSITZ_NEU-1_SET-GEHAEUSE","ALUMINIUM",NA,            0.,            0.,            0.,            0.,   219.209E-18,   2.05443E-15,       NoValue
D:/MoVerHu_Projekt/FE_Modell/FE-Abaqus-Model/Job-19.odb,Step-163,Increment      6: Step Time =    1.000,"LAGERSITZ_NEU-1",          4349,             4,          7116,      -118.984,      -24.0295,      -77.1146,"ASSEMBLY_LAGERSITZ_NEU-1_SET-GEHAEUSE","ALUMINIUM",NA,            0.,            0.,            0.,            0.,   219.209E-18,   2.05443E-15,       NoValue
D:/MoVerHu_Projekt/FE_Modell/FE-Abaqus-Model/Job-19.odb,Step-163,Increment      6: Step Time =    1.000,"LAGERSITZ_NEU-1",          4353,             4,          7117,      -115.584,      -24.0295,      -77.1146,"ASSEMBLY_LAGERSITZ_NEU-1_SET-GEHAEUSE","ALUMINIUM",NA,            0.,            0.,            0.,            0.,   2.00973E-15,   1.86562E-15,       NoValue
D:/MoVerHu_Projekt/FE_Modell/FE-Abaqus-Model/Job-19.odb,Step-163,Increment      6: Step Time =    1.000,"LAGERSITZ_NEU-1",          4352,             4,          7117,      -115.584,      -24.0295,      -77.1146,"ASSEMBLY_LAGERSITZ_NEU-1_SET-GEHAEUSE","ALUMINIUM",NA,            0.,            0.,            0.,            0.,   2.00973E-15,   1.86562E-15,       NoValue
D:/MoVerHu_Projekt/FE_Modell/FE-Abaqus-Model/Job-19.odb,Step-163,Increment      6: Step Time =    1.000,"LAGERSITZ_NEU-1",          4350,             4,          7117,      -115.584,      -24.0295,      -77.1146,"ASSEMBLY_LAGERSITZ_NEU-1_SET-GEHAEUSE","ALUMINIUM",NA,            0.,            0.,            0.,            0.,   2.00973E-15,   1.86562E-15,       NoValue
D:/MoVerHu_Projekt/FE_Modell/FE-Abaqus-Model/Job-19.odb,Step-163,Increment      6: Step Time =    1.000,"LAGERSITZ_NEU-1",          4349,             4,          7117,      -115.584,      -24.0295,      -77.1146,"ASSEMBLY_LAGERSITZ_NEU-1_SET-GEHAEUSE","ALUMINIUM",NA,            0.,            0.,            0.,            0.,   2.00973E-15,   1.86562E-15,       NoValue
D:/MoVerHu_Projekt/FE_Modell/FE-Abaqus-Model/Job-19.odb,Step-163,Increment      6: Step Time =    1.000,"LAGERSITZ_NEU-1",          4352,             4,          7118,      -118.984,      -21.4084,      -78.0103,"ASSEMBLY_LAGERSITZ_NEU-1_SET-GEHAEUSE","ALUMINIUM",NA,            0.,            0.,            0.,            0.,  -1.72155E-15,   923.763E-18,       NoValue
D:/MoVerHu_Projekt/FE_Modell/FE-Abaqus-Model/Job-19.odb,Step-163,Increment      6: Step Time =    1.000,"LAGERSITZ_NEU-1",          4351,             4,          7118,      -118.984,      -21.4084,      -78.0103,"ASSEMBLY_LAGERSITZ_NEU-1_SET-GEHAEUSE","ALUMINIUM",NA,            0.,            0.,            0.,            0.,  -1.72155E-15,   923.763E-18,       NoValue
D:/MoVerHu_Projekt/FE_Modell/FE-Abaqus-Model/Job-19.odb,Step-163,Increment      6: Step Time =    1.000,"LAGERSITZ_NEU-1",          4354,             4,          7118,      -118.984,      -21.4084,      -78.0103,"ASSEMBLY_LAGERSITZ_NEU-1_SET-GEHAEUSE","ALUMINIUM",NA,            0.,            0.,            0.,            0.,  -1.72155E-15,   923.763E-18,       NoValue
D:/MoVerHu_Projekt/FE_Modell/FE-Abaqus-Model/Job-19.odb,Step-163,Increment      6: Step Time =    1.000,"LAGERSITZ_NEU-1",          4355,             4,          7118,      -118.984,      -21.4084,      -78.0103,"ASSEMBLY_LAGERSITZ_NEU-1_SET-GEHAEUSE","ALUMINIUM",NA,            0.,            0.,            0.,            0.,  -1.72155E-15,   923.763E-18,       NoValue
D:/MoVerHu_Projekt/FE_Modell/FE-Abaqus-Model/Job-19.odb,Step-163,Increment      6: Step Time =    1.000,"LAGERSITZ_NEU-1",          4355,             4,          7119,      -115.584,      -21.4084,      -78.0103,"ASSEMBLY_LAGERSITZ_NEU-1_SET-GEHAEUSE","ALUMINIUM",NA,            0.,            0.,            0.,            0.,  -3.43716E-15,   769.593E-18,       NoValue
D:/MoVerHu_Projekt/FE_Modell/FE-Abaqus-Model/Job-19.odb,Step-163,Increment      6: Step Time =    1.000,"LAGERSITZ_NEU-1",          4356,             4,          7119,      -115.584,      -21.4084,      -78.0103,"ASSEMBLY_LAGERSITZ_NEU-1_SET-GEHAEUSE","ALUMINIUM",NA,            0.,            0.,            0.,            0.,  -3.43716E-15,   769.593E-18,       NoValue
D:/MoVerHu_Projekt/FE_Modell/FE-Abaqus-Model/Job-19.odb,Step-163,Increment      6: Step Time =    1.000,"LAGERSITZ_NEU-1",          4352,             4,          7119,      -115.584,      -21.4084,      -78.0103,"ASSEMBLY_LAGERSITZ_NEU-1_SET-GEHAEUSE","ALUMINIUM",NA,            0.,            0.,            0.,            0.,  -3.43716E-15,   769.593E-18,       NoValue
D:/MoVerHu_Projekt/FE_Modell/FE-Abaqus-Model/Job-19.odb,Step-163,Increment      6: Step Time =    1.000,"LAGERSITZ_NEU-1",          4353,             4,          7119,      -115.584,      -21.4084,      -78.0103,"ASSEMBLY_LAGERSITZ_NEU-1_SET-GEHAEUSE","ALUMINIUM",NA,            0.,            0.,            0.,            0.,  -3.43716E-15,   769.593E-18,       NoValue
D:/MoVerHu_Projekt/FE_Modell/FE-Abaqus-Model/Job-19.odb,Step-163,Increment      6: Step Time =    1.000,"LAGERSITZ_NEU-1",          4357,             4,          7120,      -118.984,      -18.7455,      -78.7729,"ASSEMBLY_LAGERSITZ_NEU-1_SET-GEHAEUSE","ALUMINIUM",NA,            0.,            0.,            0.,            0.,   82.1431E-03,  -56.9683E-03,       NoValue
D:/MoVerHu_Projekt/FE_Modell/FE-Abaqus-Model/Job-19.odb,Step-163,Increment      6: Step Time =    1.000,"LAGERSITZ_NEU-1",          4355,             4,          7120,      -118.984,      -18.7455,      -78.7729,"ASSEMBLY_LAGERSITZ_NEU-1_SET-GEHAEUSE","ALUMINIUM",NA,            0.,            0.,            0.,            0.,   82.1431E-03,  -56.9683E-03,       NoValue
D:/MoVerHu_Projekt/FE_Modell/FE-Abaqus-Model/Job-19.odb,Step-163,Increment      6: Step Time =    1.000,"LAGERSITZ_NEU-1",          4354,             4,          7120,      -118.984,      -18.7455,      -78.7729,"ASSEMBLY_LAGERSITZ_NEU-1_SET-GEHAEUSE","ALUMINIUM",NA,            0.,            0.,            0.,            0.,   82.1431E-03,  -56.9683E-03,       NoValue
D:/MoVerHu_Projekt/FE_Modell/FE-Abaqus-Model/Job-19.odb,Step-163,Increment      6: Step Time =    1.000,"LAGERSITZ_NEU-1",          4358,             4,          7120,      -118.984,      -18.7455,      -78.7729,"ASSEMBLY_LAGERSITZ_NEU-1_SET-GEHAEUSE","ALUMINIUM",NA,            0.,            0.,            0.,            0.,   82.1431E-03,  -56.9683E-03,       NoValue
D:/MoVerHu_Projekt/FE_Modell/FE-Abaqus-Model/Job-19.odb,Step-163,Increment      6: Step Time =    1.000,"LAGERSITZ_NEU-1",          4358,             4,          7121,      -115.584,      -18.7455,      -78.7729,"ASSEMBLY_LAGERSITZ_NEU-1_SET-GEHAEUSE","ALUMINIUM",NA,            0.,            0.,            0.,            0.,   12.7276E-03,  -9.75128E-03,       NoValue
D:/MoVerHu_Projekt/FE_Modell/FE-Abaqus-Model/Job-19.odb,Step-163,Increment      6: Step Time =    1.000,"LAGERSITZ_NEU-1",          4359,             4,          7121,      -115.584,      -18.7455,      -78.7729,"ASSEMBLY_LAGERSITZ_NEU-1_SET-GEHAEUSE","ALUMINIUM",NA,            0.,            0.,            0.,            0.,   12.7276E-03,  -9.75128E-03,       NoValue
D:/MoVerHu_Projekt/FE_Modell/FE-Abaqus-Model/Job-19.odb,Step-163,Increment      6: Step Time =    1.000,"LAGERSITZ_NEU-1",          4355,             4,          7121,      -115.584,      -18.7455,      -78.7729,"ASSEMBLY_LAGERSITZ_NEU-1_SET-GEHAEUSE","ALUMINIUM",NA,            0.,            0.,            0.,            0.,   12.7276E-03,  -9.75128E-03,       NoValue
D:/MoVerHu_Projekt/FE_Modell/FE-Abaqus-Model/Job-19.odb,Step-163,Increment      6: Step Time =    1.000,"LAGERSITZ_NEU-1",          4356,             4,          7121,      -115.584,      -18.7455,      -78.7729,"ASSEMBLY_LAGERSITZ_NEU-1_SET-GEHAEUSE","ALUMINIUM",NA,            0.,            0.,            0.,            0.,   12.7276E-03,  -9.75128E-03,       NoValue
D:/MoVerHu_Projekt/FE_Modell/FE-Abaqus-Model/Job-19.odb,Step-163,Increment      6: Step Time =    1.000,"LAGERSITZ_NEU-1",          4360,             4,          7122,      -118.984,      -16.0476,      -79.4004,"ASSEMBLY_LAGERSITZ_NEU-1_SET-GEHAEUSE","ALUMINIUM",NA,            0.,            0.,            0.,            0.,   24.9723E-18,   1.38394E-15,       NoValue
D:/MoVerHu_Projekt/FE_Modell/FE-Abaqus-Model/Job-19.odb,Step-163,Increment      6: Step Time =    1.000,"LAGERSITZ_NEU-1",          4358,             4,          7122,      -118.984,      -16.0476,      -79.4004,"ASSEMBLY_LAGERSITZ_NEU-1_SET-GEHAEUSE","ALUMINIUM",NA,            0.,            0.,            0.,            0.,   24.9723E-18,   1.38394E-15,       NoValue
D:/MoVerHu_Projekt/FE_Modell/FE-Abaqus-Model/Job-19.odb,Step-163,Increment      6: Step Time =    1.000,"LAGERSITZ_NEU-1",          4357,             4,          7122,      -118.984,      -16.0476,      -79.4004,"ASSEMBLY_LAGERSITZ_NEU-1_SET-GEHAEUSE","ALUMINIUM",NA,            0.,            0.,            0.,            0.,   24.9723E-18,   1.38394E-15,       NoValue
D:/MoVerHu_Projekt/FE_Modell/FE-Abaqus-Model/Job-19.odb,Step-163,Increment      6: Step Time =    1.000,"LAGERSITZ_NEU-1",          4361,             4,          7122,      -118.984,      -16.0476,      -79.4004,"ASSEMBLY_LAGERSITZ_NEU-1_SET-GEHAEUSE","ALUMINIUM",NA,            0.,            0.,            0.,            0.,   24.9723E-18,   1.38394E-15,       NoValue
D:/MoVerHu_Projekt/FE_Modell/FE-Abaqus-Model/Job-19.odb,Step-163,Increment      6: Step Time =    1.000,"LAGERSITZ_NEU-1",          4359,             4,          7123,      -115.584,      -16.0476,      -79.4004,"ASSEMBLY_LAGERSITZ_NEU-1_SET-GEHAEUSE","ALUMINIUM",NA,            0.,            0.,            0.,            0.,  -1.55256E-15,   966.735E-18,       NoValue
D:/MoVerHu_Projekt/FE_Modell/FE-Abaqus-Model/Job-19.odb,Step-163,Increment      6: Step Time =    1.000,"LAGERSITZ_NEU-1",          4358,             4,          7123,      -115.584,      -16.0476,      -79.4004,"ASSEMBLY_LAGERSITZ_NEU-1_SET-GEHAEUSE","ALUMINIUM",NA,            0.,            0.,            0.,            0.,  -1.55256E-15,   966.735E-18,       NoValue
D:/MoVerHu_Projekt/FE_Modell/FE-Abaqus-Model/Job-19.odb,Step-163,Increment      6: Step Time =    1.000,"LAGERSITZ_NEU-1",          4362,             4,          7123,      -115.584,      -16.0476,      -79.4004,"ASSEMBLY_LAGERSITZ_NEU-1_SET-GEHAEUSE","ALUMINIUM",NA,            0.,            0.,            0.,            0.,  -1.55256E-15,   966.735E-18,       NoValue
D:/MoVerHu_Projekt/FE_Modell/FE-Abaqus-Model/Job-19.odb,Step-163,Increment      6: Step Time =    1.000,"LAGERSITZ_NEU-1",          4361,             4,          7123,      -115.584,      -16.0476,      -79.4004,"ASSEMBLY_LAGERSITZ_NEU-1_SET-GEHAEUSE","ALUMINIUM",NA,            0.,            0.,            0.,            0.,  -1.55256E-15,   966.735E-18,       NoValue
D:/MoVerHu_Projekt/FE_Modell/FE-Abaqus-Model/Job-19.odb,Step-163,Increment      6: Step Time =    1.000,"LAGERSITZ_NEU-1",          4360,             4,          7124,      -118.984,      -13.3215,      -79.8913,"ASSEMBLY_LAGERSITZ_NEU-1_SET-GEHAEUSE","ALUMINIUM",NA,            0.,            0.,            0.,            0.,  -975.140E-18,   496.006E-18,       NoValue
D:/MoVerHu_Projekt/FE_Modell/FE-Abaqus-Model/Job-19.odb,Step-163,Increment      6: Step Time =    1.000,"LAGERSITZ_NEU-1",          4361,             4,          7124,      -118.984,      -13.3215,      -79.8913,"ASSEMBLY_LAGERSITZ_NEU-1_SET-GEHAEUSE","ALUMINIUM",NA,            0.,            0.,            0.,            0.,  -975.140E-18,   496.006E-18,       NoValue
D:/MoVerHu_Projekt/FE_Modell/FE-Abaqus-Model/Job-19.odb,Step-163,Increment      6: Step Time =    1.000,"LAGERSITZ_NEU-1",          4363,             4,          7124,      -118.984,      -13.3215,      -79.8913,"ASSEMBLY_LAGERSITZ_NEU-1_SET-GEHAEUSE","ALUMINIUM",NA,            0.,            0.,            0.,            0.,  -975.140E-18,   496.006E-18,       NoValue
D:/MoVerHu_Projekt/FE_Modell/FE-Abaqus-Model/Job-19.odb,Step-163,Increment      6: Step Time =    1.000,"LAGERSITZ_NEU-1",          4364,             4,          7124,      -118.984,      -13.3215,      -79.8913,"ASSEMBLY_LAGERSITZ_NEU-1_SET-GEHAEUSE","ALUMINIUM",NA,            0.,            0.,            0.,            0.,  -975.140E-18,   496.006E-18,       NoValue
D:/MoVerHu_Projekt/FE_Modell/FE-Abaqus-Model/Job-19.odb,Step-163,Increment      6: Step Time =    1.000,"LAGERSITZ_NEU-1",          4361,             4,          7125,      -115.584,      -13.3215,      -79.8913,"ASSEMBLY_LAGERSITZ_NEU-1_SET-GEHAEUSE","ALUMINIUM",NA,            0.,            0.,            0.,            0.,   1.19212E-15,   643.902E-18,       NoValue
D:/MoVerHu_Projekt/FE_Modell/FE-Abaqus-Model/Job-19.odb,Step-163,Increment      6: Step Time =    1.000,"LAGERSITZ_NEU-1",          4364,             4,          7125,      -115.584,      -13.3215,      -79.8913,"ASSEMBLY_LAGERSITZ_NEU-1_SET-GEHAEUSE","ALUMINIUM",NA,            0.,            0.,            0.,            0.,   1.19212E-15,   643.902E-18,       NoValue
D:/MoVerHu_Projekt/FE_Modell/FE-Abaqus-Model/Job-19.odb,Step-163,Increment      6: Step Time =    1.000,"LAGERSITZ_NEU-1",          4362,             4,          7125,      -115.584,      -13.3215,      -79.8913,"ASSEMBLY_LAGERSITZ_NEU-1_SET-GEHAEUSE","ALUMINIUM",NA,            0.,            0.,            0.,            0.,   1.19212E-15,   643.902E-18,       NoValue
D:/MoVerHu_Projekt/FE_Modell/FE-Abaqus-Model/Job-19.odb,Step-163,Increment      6: Step Time =    1.000,"LAGERSITZ_NEU-1",          4365,             4,          7125,      -115.584,      -13.3215,      -79.8913,"ASSEMBLY_LAGERSITZ_NEU-1_SET-GEHAEUSE","ALUMINIUM",NA,            0.,            0.,            0.,            0.,   1.19212E-15,   643.902E-18,       NoValue
D:/MoVerHu_Projekt/FE_Modell/FE-Abaqus-Model/Job-19.odb,Step-163,Increment      6: Step Time =    1.000,"LAGERSITZ_NEU-1",          4364,             4,          7126,      -118.984,      -10.5742,      -80.2443,"ASSEMBLY_LAGERSITZ_NEU-1_SET-GEHAEUSE","ALUMINIUM",NA,            0.,            0.,            0.,            0.,   1.89487E-15,  -402.080E-18,       NoValue
D:/MoVerHu_Projekt/FE_Modell/FE-Abaqus-Model/Job-19.odb,Step-163,Increment      6: Step Time =    1.000,"LAGERSITZ_NEU-1",          4363,             4,          7126,      -118.984,      -10.5742,      -80.2443,"ASSEMBLY_LAGERSITZ_NEU-1_SET-GEHAEUSE","ALUMINIUM",NA,            0.,            0.,            0.,            0.,   1.89487E-15,  -402.080E-18,       NoValue
D:/MoVerHu_Projekt/FE_Modell/FE-Abaqus-Model/Job-19.odb,Step-163,Increment      6: Step Time =    1.000,"LAGERSITZ_NEU-1",          4367,             4,          7126,      -118.984,      -10.5742,      -80.2443,"ASSEMBLY_LAGERSITZ_NEU-1_SET-GEHAEUSE","ALUMINIUM",NA,            0.,            0.,            0.,            0.,   1.89487E-15,  -402.080E-18,       NoValue
D:/MoVerHu_Projekt/FE_Modell/FE-Abaqus-Model/Job-19.odb,Step-163,Increment      6: Step Time =    1.000,"LAGERSITZ_NEU-1",          4366,             4,          7126,      -118.984,      -10.5742,      -80.2443,"ASSEMBLY_LAGERSITZ_NEU-1_SET-GEHAEUSE","ALUMINIUM",NA,            0.,            0.,            0.,            0.,   1.89487E-15,  -402.080E-18,       NoValue
D:/MoVerHu_Projekt/FE_Modell/FE-Abaqus-Model/Job-19.odb,Step-163,Increment      6: Step Time =    1.000,"LAGERSITZ_NEU-1",          4367,             4,          7127,      -115.584,      -10.5742,      -80.2443,"ASSEMBLY_LAGERSITZ_NEU-1_SET-GEHAEUSE","ALUMINIUM",NA,            0.,            0.,            0.,            0.,   469.860E-18,  -149.080E-18,       NoValue
D:/MoVerHu_Projekt/FE_Modell/FE-Abaqus-Model/Job-19.odb,Step-163,Increment      6: Step Time =    1.000,"LAGERSITZ_NEU-1",          4368,             4,          7127,      -115.584,      -10.5742,      -80.2443,"ASSEMBLY_LAGERSITZ_NEU-1_SET-GEHAEUSE","ALUMINIUM",NA,            0.,            0.,            0.,            0.,   469.860E-18,  -149.080E-18,       NoValue
D:/MoVerHu_Projekt/FE_Modell/FE-Abaqus-Model/Job-19.odb,Step-163,Increment      6: Step Time =    1.000,"LAGERSITZ_NEU-1",          4365,             4,          7127,      -115.584,      -10.5742,      -80.2443,"ASSEMBLY_LAGERSITZ_NEU-1_SET-GEHAEUSE","ALUMINIUM",NA,            0.,            0.,            0.,            0.,   469.860E-18,  -149.080E-18,       NoValue
D:/MoVerHu_Projekt/FE_Modell/FE-Abaqus-Model/Job-19.odb,Step-163,Increment      6: Step Time =    1.000,"LAGERSITZ_NEU-1",          4364,             4,          7127,      -115.584,      -10.5742,      -80.2443,"ASSEMBLY_LAGERSITZ_NEU-1_SET-GEHAEUSE","ALUMINIUM",NA,            0.,            0.,            0.,            0.,   469.860E-18,  -149.080E-18,       NoValue
D:/MoVerHu_Projekt/FE_Modell/FE-Abaqus-Model/Job-19.odb,Step-163,Increment      6: Step Time =    1.000,"LAGERSITZ_NEU-1",          4366,             4,          7128,      -118.984,      -7.81262,      -80.4586,"ASSEMBLY_LAGERSITZ_NEU-1_SET-GEHAEUSE","ALUMINIUM",NA,            0.,            0.,            0.,            0.,  -1.51476E-15,   16.8928E-18,       NoValue
D:/MoVerHu_Projekt/FE_Modell/FE-Abaqus-Model/Job-19.odb,Step-163,Increment      6: Step Time =    1.000,"LAGERSITZ_NEU-1",          4369,             4,          7128,      -118.984,      -7.81262,      -80.4586,"ASSEMBLY_LAGERSITZ_NEU-1_SET-GEHAEUSE","ALUMINIUM",NA,            0.,            0.,            0.,            0.,  -1.51476E-15,   16.8928E-18,       NoValue
D:/MoVerHu_Projekt/FE_Modell/FE-Abaqus-Model/Job-19.odb,Step-163,Increment      6: Step Time =    1.000,"LAGERSITZ_NEU-1",          4370,             4,          7128,      -118.984,      -7.81262,      -80.4586,"ASSEMBLY_LAGERSITZ_NEU-1_SET-GEHAEUSE","ALUMINIUM",NA,            0.,            0.,            0.,            0.,  -1.51476E-15,   16.8928E-18,       NoValue
D:/MoVerHu_Projekt/FE_Modell/FE-Abaqus-Model/Job-19.odb,Step-163,Increment      6: Step Time =    1.000,"LAGERSITZ_NEU-1",          4367,             4,          7128,      -118.984,      -7.81262,      -80.4586,"ASSEMBLY_LAGERSITZ_NEU-1_SET-GEHAEUSE","ALUMINIUM",NA,            0.,            0.,            0.,            0.,  -1.51476E-15,   16.8928E-18,       NoValue
D:/MoVerHu_Projekt/FE_Modell/FE-Abaqus-Model/Job-19.odb,Step-163,Increment      6: Step Time =    1.000,"LAGERSITZ_NEU-1",          4370,             4,          7129,      -115.584,      -7.81262,      -80.4586,"ASSEMBLY_LAGERSITZ_NEU-1_SET-GEHAEUSE","ALUMINIUM",NA,            0.,            0.,            0.,            0.,   222.848E-18,  -5.96251E-18,       NoValue
D:/MoVerHu_Projekt/FE_Modell/FE-Abaqus-Model/Job-19.odb,Step-163,Increment      6: Step Time =    1.000,"LAGERSITZ_NEU-1",          4368,             4,          7129,      -115.584,      -7.81262,      -80.4586,"ASSEMBLY_LAGERSITZ_NEU-1_SET-GEHAEUSE","ALUMINIUM",NA,            0.,            0.,            0.,            0.,   222.848E-18,  -5.96251E-18,       NoValue
D:/MoVerHu_Projekt/FE_Modell/FE-Abaqus-Model/Job-19.odb,Step-163,Increment      6: Step Time =    1.000,"LAGERSITZ_NEU-1",          4367,             4,          7129,      -115.584,      -7.81262,      -80.4586,"ASSEMBLY_LAGERSITZ_NEU-1_SET-GEHAEUSE","ALUMINIUM",NA,            0.,            0.,            0.,            0.,   222.848E-18,  -5.96251E-18,       NoValue
D:/MoVerHu_Projekt/FE_Modell/FE-Abaqus-Model/Job-19.odb,Step-163,Increment      6: Step Time =    1.000,"LAGERSITZ_NEU-1",          4371,             4,          7129,      -115.584,      -7.81262,      -80.4586,"ASSEMBLY_LAGERSITZ_NEU-1_SET-GEHAEUSE","ALUMINIUM",NA,            0.,            0.,            0.,            0.,   222.848E-18,  -5.96251E-18,       NoValue
D:/MoVerHu_Projekt/FE_Modell/FE-Abaqus-Model/Job-19.odb,Step-163,Increment      6: Step Time =    1.000,"LAGERSITZ_NEU-1",          4372,             4,          7152,      -118.984,      -2.02306,      -80.4562,"ASSEMBLY_LAGERSITZ_NEU-1_SET-GEHAEUSE","ALUMINIUM",NA,            0.,            0.,            0.,            0.,  -201.865E-18,   186.100E-18,       NoValue
D:/MoVerHu_Projekt/FE_Modell/FE-Abaqus-Model/Job-19.odb,Step-163,Increment      6: Step Time =    1.000,"LAGERSITZ_NEU-1",          4375,             4,          7152,      -118.984,      -2.02306,      -80.4562,"ASSEMBLY_LAGERSITZ_NEU-1_SET-GEHAEUSE","ALUMINIUM",NA,            0.,            0.,            0.,            0.,  -201.865E-18,   186.100E-18,       NoValue
D:/MoVerHu_Projekt/FE_Modell/FE-Abaqus-Model/Job-19.odb,Step-163,Increment      6: Step Time =    1.000,"LAGERSITZ_NEU-1",          4373,             4,          7152,      -118.984,      -2.02306,      -80.4562,"ASSEMBLY_LAGERSITZ_NEU-1_SET-GEHAEUSE","ALUMINIUM",NA,            0.,            0.,            0.,            0.,  -201.865E-18,   186.100E-18,       NoValue
D:/MoVerHu_Projekt/FE_Modell/FE-Abaqus-Model/Job-19.odb,Step-163,Increment      6: Step Time =    1.000,"LAGERSITZ_NEU-1",          4376,             4,          7152,      -118.984,      -2.02306,      -80.4562,"ASSEMBLY_LAGERSITZ_NEU-1_SET-GEHAEUSE","ALUMINIUM",NA,            0.,            0.,            0.,            0.,  -201.865E-18,   186.100E-18,       NoValue
D:/MoVerHu_Projekt/FE_Modell/FE-Abaqus-Model/Job-19.odb,Step-163,Increment      6: Step Time =    1.000,"LAGERSITZ_NEU-1",          4374,             4,          7153,      -115.584,      -2.02306,      -80.4562,"ASSEMBLY_LAGERSITZ_NEU-1_SET-GEHAEUSE","ALUMINIUM",NA,            0.,            0.,            0.,            0.,  -1.56862E-15,   147.622E-18,       NoValue
D:/MoVerHu_Projekt/FE_Modell/FE-Abaqus-Model/Job-19.odb,Step-163,Increment      6: Step Time =    1.000,"LAGERSITZ_NEU-1",          4373,             4,          7153,      -115.584,      -2.02306,      -80.4562,"ASSEMBLY_LAGERSITZ_NEU-1_SET-GEHAEUSE","ALUMINIUM",NA,            0.,            0.,            0.,            0.,  -1.56862E-15,   147.622E-18,       NoValue
D:/MoVerHu_Projekt/FE_Modell/FE-Abaqus-Model/Job-19.odb,Step-163,Increment      6: Step Time =    1.000,"LAGERSITZ_NEU-1",          4377,             4,          7153,      -115.584,      -2.02306,      -80.4562,"ASSEMBLY_LAGERSITZ_NEU-1_SET-GEHAEUSE","ALUMINIUM",NA,            0.,            0.,            0.,            0.,  -1.56862E-15,   147.622E-18,       NoValue
D:/MoVerHu_Projekt/FE_Modell/FE-Abaqus-Model/Job-19.odb,Step-163,Increment      6: Step Time =    1.000,"LAGERSITZ_NEU-1",          4376,             4,          7153,      -115.584,      -2.02306,      -80.4562,"ASSEMBLY_LAGERSITZ_NEU-1_SET-GEHAEUSE","ALUMINIUM",NA,            0.,            0.,            0.,            0.,  -1.56862E-15,   147.622E-18,       NoValue
D:/MoVerHu_Projekt/FE_Modell/FE-Abaqus-Model/Job-19.odb,Step-163,Increment      6: Step Time =    1.000,"LAGERSITZ_NEU-1",          4375,             4,          7154,      -118.984,   988.805E-03,      -80.2132,"ASSEMBLY_LAGERSITZ_NEU-1_SET-GEHAEUSE","ALUMINIUM",NA,            0.,            0.,            0.,            0.,  -1.36059E-15,  -125.746E-18,       NoValue
D:/MoVerHu_Projekt/FE_Modell/FE-Abaqus-Model/Job-19.odb,Step-163,Increment      6: Step Time =    1.000,"LAGERSITZ_NEU-1",          4378,             4,          7154,      -118.984,   988.805E-03,      -80.2132,"ASSEMBLY_LAGERSITZ_NEU-1_SET-GEHAEUSE","ALUMINIUM",NA,            0.,            0.,            0.,            0.,  -1.36059E-15,  -125.746E-18,       NoValue
D:/MoVerHu_Projekt/FE_Modell/FE-Abaqus-Model/Job-19.odb,Step-163,Increment      6: Step Time =    1.000,"LAGERSITZ_NEU-1",          4376,             4,          7154,      -118.984,   988.805E-03,      -80.2132,"ASSEMBLY_LAGERSITZ_NEU-1_SET-GEHAEUSE","ALUMINIUM",NA,            0.,            0.,            0.,            0.,  -1.36059E-15,  -125.746E-18,       NoValue
D:/MoVerHu_Projekt/FE_Modell/FE-Abaqus-Model/Job-19.odb,Step-163,Increment      6: Step Time =    1.000,"LAGERSITZ_NEU-1",          4379,             4,          7154,      -118.984,   988.805E-03,      -80.2132,"ASSEMBLY_LAGERSITZ_NEU-1_SET-GEHAEUSE","ALUMINIUM",NA,            0.,            0.,            0.,            0.,  -1.36059E-15,  -125.746E-18,       NoValue
D:/MoVerHu_Projekt/FE_Modell/FE-Abaqus-Model/Job-19.odb,Step-163,Increment      6: Step Time =    1.000,"LAGERSITZ_NEU-1",          4376,             4,          7155,      -115.584,   988.805E-03,      -80.2132,"ASSEMBLY_LAGERSITZ_NEU-1_SET-GEHAEUSE","ALUMINIUM",NA,            0.,            0.,            0.,            0.,   138.666E-18,   141.233E-18,       NoValue
D:/MoVerHu_Projekt/FE_Modell/FE-Abaqus-Model/Job-19.odb,Step-163,Increment      6: Step Time =    1.000,"LAGERSITZ_NEU-1",          4377,             4,          7155,      -115.584,   988.805E-03,      -80.2132,"ASSEMBLY_LAGERSITZ_NEU-1_SET-GEHAEUSE","ALUMINIUM",NA,            0.,            0.,            0.,            0.,   138.666E-18,   141.233E-18,       NoValue
D:/MoVerHu_Projekt/FE_Modell/FE-Abaqus-Model/Job-19.odb,Step-163,Increment      6: Step Time =    1.000,"LAGERSITZ_NEU-1",          4379,             4,          7155,      -115.584,   988.805E-03,      -80.2132,"ASSEMBLY_LAGERSITZ_NEU-1_SET-GEHAEUSE","ALUMINIUM",NA,            0.,            0.,            0.,            0.,   138.666E-18,   141.233E-18,       NoValue
D:/MoVerHu_Projekt/FE_Modell/FE-Abaqus-Model/Job-19.odb,Step-163,Increment      6: Step Time =    1.000,"LAGERSITZ_NEU-1",          4380,             4,          7155,      -115.584,   988.805E-03,      -80.2132,"ASSEMBLY_LAGERSITZ_NEU-1_SET-GEHAEUSE","ALUMINIUM",NA,            0.,            0.,            0.,            0.,   138.666E-18,   141.233E-18,       NoValue
D:/MoVerHu_Projekt/FE_Modell/FE-Abaqus-Model/Job-19.odb,Step-163,Increment      6: Step Time =    1.000,"LAGERSITZ_NEU-1",          4381,             4,          7156,      -118.984,       3.98277,      -79.8050,"ASSEMBLY_LAGERSITZ_NEU-1_SET-GEHAEUSE","ALUMINIUM",NA,       4.01523,   255.019E-06,   758.590E-03,      -3.94292,   914.842E-18,   231.912E-18,       NoValue
D:/MoVerHu_Projekt/FE_Modell/FE-Abaqus-Model/Job-19.odb,Step-163,Increment      6: Step Time =    1.000,"LAGERSITZ_NEU-1",          4379,             4,          7156,      -118.984,       3.98277,      -79.8050,"ASSEMBLY_LAGERSITZ_NEU-1_SET-GEHAEUSE","ALUMINIUM",NA,       4.01523,   255.019E-06,   758.590E-03,      -3.94292,   914.842E-18,   231.912E-18,       NoValue
D:/MoVerHu_Projekt/FE_Modell/FE-Abaqus-Model/Job-19.odb,Step-163,Increment      6: Step Time =    1.000,"LAGERSITZ_NEU-1",          4378,             4,          7156,      -118.984,       3.98277,      -79.8050,"ASSEMBLY_LAGERSITZ_NEU-1_SET-GEHAEUSE","ALUMINIUM",NA,       4.01523,   255.019E-06,   758.590E-03,      -3.94292,   914.842E-18,   231.912E-18,       NoValue
D:/MoVerHu_Projekt/FE_Modell/FE-Abaqus-Model/Job-19.odb,Step-163,Increment      6: Step Time =    1.000,"LAGERSITZ_NEU-1",          4382,             4,          7156,      -118.984,       3.98277,      -79.8050,"ASSEMBLY_LAGERSITZ_NEU-1_SET-GEHAEUSE","ALUMINIUM",NA,       4.01523,   255.019E-06,   758.590E-03,      -3.94292,   914.842E-18,   231.912E-18,       NoValue
D:/MoVerHu_Projekt/FE_Modell/FE-Abaqus-Model/Job-19.odb,Step-163,Increment      6: Step Time =    1.000,"LAGERSITZ_NEU-1",          4380,             4,          7157,      -115.584,       3.98277,      -79.8050,"ASSEMBLY_LAGERSITZ_NEU-1_SET-GEHAEUSE","ALUMINIUM",NA,   43.0351E-03,  -8.42178E-06,   8.14389E-03,  -42.2575E-03,   230.915E-18,   585.489E-18,       NoValue
D:/MoVerHu_Projekt/FE_Modell/FE-Abaqus-Model/Job-19.odb,Step-163,Increment      6: Step Time =    1.000,"LAGERSITZ_NEU-1",          4379,             4,          7157,      -115.584,       3.98277,      -79.8050,"ASSEMBLY_LAGERSITZ_NEU-1_SET-GEHAEUSE","ALUMINIUM",NA,   43.0351E-03,  -8.42178E-06,   8.14389E-03,  -42.2575E-03,   230.915E-18,   585.489E-18,       NoValue
D:/MoVerHu_Projekt/FE_Modell/FE-Abaqus-Model/Job-19.odb,Step-163,Increment      6: Step Time =    1.000,"LAGERSITZ_NEU-1",          4383,             4,          7157,      -115.584,       3.98277,      -79.8050,"ASSEMBLY_LAGERSITZ_NEU-1_SET-GEHAEUSE","ALUMINIUM",NA,   43.0351E-03,  -8.42178E-06,   8.14389E-03,  -42.2575E-03,   230.915E-18,   585.489E-18,       NoValue
D:/MoVerHu_Projekt/FE_Modell/FE-Abaqus-Model/Job-19.odb,Step-163,Increment      6: Step Time =    1.000,"LAGERSITZ_NEU-1",          4382,             4,          7157,      -115.584,       3.98277,      -79.8050,"ASSEMBLY_LAGERSITZ_NEU-1_SET-GEHAEUSE","ALUMINIUM",NA,   43.0351E-03,  -8.42178E-06,   8.14389E-03,  -42.2575E-03,   230.915E-18,   585.489E-18,       NoValue
D:/MoVerHu_Projekt/FE_Modell/FE-Abaqus-Model/Job-19.odb,Step-163,Increment      6: Step Time =    1.000,"LAGERSITZ_NEU-1",          4382,             4,          7158,      -118.984,       6.94981,      -79.2331,"ASSEMBLY_LAGERSITZ_NEU-1_SET-GEHAEUSE","ALUMINIUM",NA,       25.0907,   2.53443E-03,       5.44721,      -24.4923,   129.390E-03,  -103.789E-03,            1.
D:/MoVerHu_Projekt/FE_Modell/FE-Abaqus-Model/Job-19.odb,Step-163,Increment      6: Step Time =    1.000,"LAGERSITZ_NEU-1",          4385,             4,          7158,      -118.984,       6.94981,      -79.2331,"ASSEMBLY_LAGERSITZ_NEU-1_SET-GEHAEUSE","ALUMINIUM",NA,       25.0907,   2.53443E-03,       5.44721,      -24.4923,   129.390E-03,  -103.789E-03,            1.
D:/MoVerHu_Projekt/FE_Modell/FE-Abaqus-Model/Job-19.odb,Step-163,Increment      6: Step Time =    1.000,"LAGERSITZ_NEU-1",          4384,             4,          7158,      -118.984,       6.94981,      -79.2331,"ASSEMBLY_LAGERSITZ_NEU-1_SET-GEHAEUSE","ALUMINIUM",NA,       25.0907,   2.53443E-03,       5.44721,      -24.4923,   129.390E-03,  -103.789E-03,            1.
D:/MoVerHu_Projekt/FE_Modell/FE-Abaqus-Model/Job-19.odb,Step-163,Increment      6: Step Time =    1.000,"LAGERSITZ_NEU-1",          4381,             4,          7158,      -118.984,       6.94981,      -79.2331,"ASSEMBLY_LAGERSITZ_NEU-1_SET-GEHAEUSE","ALUMINIUM",NA,       25.0907,   2.53443E-03,       5.44721,      -24.4923,   129.390E-03,  -103.789E-03,            1.
D:/MoVerHu_Projekt/FE_Modell/FE-Abaqus-Model/Job-19.odb,Step-163,Increment      6: Step Time =    1.000,"LAGERSITZ_NEU-1",          4382,             4,          7159,      -115.584,       6.94981,      -79.2331,"ASSEMBLY_LAGERSITZ_NEU-1_SET-GEHAEUSE","ALUMINIUM",NA,   258.104E-03,  -61.5613E-06,   55.7460E-03,  -252.012E-03,   16.5872E-03,  -15.6958E-03,       NoValue
D:/MoVerHu_Projekt/FE_Modell/FE-Abaqus-Model/Job-19.odb,Step-163,Increment      6: Step Time =    1.000,"LAGERSITZ_NEU-1",          4383,             4,          7159,      -115.584,       6.94981,      -79.2331,"ASSEMBLY_LAGERSITZ_NEU-1_SET-GEHAEUSE","ALUMINIUM",NA,   258.104E-03,  -61.5613E-06,   55.7460E-03,  -252.012E-03,   16.5872E-03,  -15.6958E-03,       NoValue
D:/MoVerHu_Projekt/FE_Modell/FE-Abaqus-Model/Job-19.odb,Step-163,Increment      6: Step Time =    1.000,"LAGERSITZ_NEU-1",          4385,             4,          7159,      -115.584,       6.94981,      -79.2331,"ASSEMBLY_LAGERSITZ_NEU-1_SET-GEHAEUSE","ALUMINIUM",NA,   258.104E-03,  -61.5613E-06,   55.7460E-03,  -252.012E-03,   16.5872E-03,  -15.6958E-03,       NoValue
D:/MoVerHu_Projekt/FE_Modell/FE-Abaqus-Model/Job-19.odb,Step-163,Increment      6: Step Time =    1.000,"LAGERSITZ_NEU-1",          4386,             4,          7159,      -115.584,       6.94981,      -79.2331,"ASSEMBLY_LAGERSITZ_NEU-1_SET-GEHAEUSE","ALUMINIUM",NA,   258.104E-03,  -61.5613E-06,   55.7460E-03,  -252.012E-03,   16.5872E-03,  -15.6958E-03,       NoValue
D:/MoVerHu_Projekt/FE_Modell/FE-Abaqus-Model/Job-19.odb,Step-163,Increment      6: Step Time =    1.000,"LAGERSITZ_NEU-1",          4384,             4,          7160,      -118.984,       9.88096,      -78.4991,"ASSEMBLY_LAGERSITZ_NEU-1_SET-GEHAEUSE","ALUMINIUM",NA,       19.1772,  -4.26305E-03,       5.29847,      -18.4307,   33.2823E-18,  -530.007E-18,       NoValue
D:/MoVerHu_Projekt/FE_Modell/FE-Abaqus-Model/Job-19.odb,Step-163,Increment      6: Step Time =    1.000,"LAGERSITZ_NEU-1",          4388,             4,          7160,      -118.984,       9.88096,      -78.4991,"ASSEMBLY_LAGERSITZ_NEU-1_SET-GEHAEUSE","ALUMINIUM",NA,       19.1772,  -4.26305E-03,       5.29847,      -18.4307,   33.2823E-18,  -530.007E-18,       NoValue
D:/MoVerHu_Projekt/FE_Modell/FE-Abaqus-Model/Job-19.odb,Step-163,Increment      6: Step Time =    1.000,"LAGERSITZ_NEU-1",          4385,             4,          7160,      -118.984,       9.88096,      -78.4991,"ASSEMBLY_LAGERSITZ_NEU-1_SET-GEHAEUSE","ALUMINIUM",NA,       19.1772,  -4.26305E-03,       5.29847,      -18.4307,   33.2823E-18,  -530.007E-18,       NoValue
D:/MoVerHu_Projekt/FE_Modell/FE-Abaqus-Model/Job-19.odb,Step-163,Increment      6: Step Time =    1.000,"LAGERSITZ_NEU-1",          4387,             4,          7160,      -118.984,       9.88096,      -78.4991,"ASSEMBLY_LAGERSITZ_NEU-1_SET-GEHAEUSE","ALUMINIUM",NA,       19.1772,  -4.26305E-03,       5.29847,      -18.4307,   33.2823E-18,  -530.007E-18,       NoValue
D:/MoVerHu_Projekt/FE_Modell/FE-Abaqus-Model/Job-19.odb,Step-163,Increment      6: Step Time =    1.000,"LAGERSITZ_NEU-1",          4389,             4,          7161,      -115.584,       9.88096,      -78.4991,"ASSEMBLY_LAGERSITZ_NEU-1_SET-GEHAEUSE","ALUMINIUM",NA,       2.04210,  -518.468E-06,   601.109E-03,      -1.95162,  -260.038E-18,  -347.666E-18,       NoValue
D:/MoVerHu_Projekt/FE_Modell/FE-Abaqus-Model/Job-19.odb,Step-163,Increment      6: Step Time =    1.000,"LAGERSITZ_NEU-1",          4388,             4,          7161,      -115.584,       9.88096,      -78.4991,"ASSEMBLY_LAGERSITZ_NEU-1_SET-GEHAEUSE","ALUMINIUM",NA,       2.04210,  -518.468E-06,   601.109E-03,      -1.95162,  -260.038E-18,  -347.666E-18,       NoValue
D:/MoVerHu_Projekt/FE_Modell/FE-Abaqus-Model/Job-19.odb,Step-163,Increment      6: Step Time =    1.000,"LAGERSITZ_NEU-1",          4386,             4,          7161,      -115.584,       9.88096,      -78.4991,"ASSEMBLY_LAGERSITZ_NEU-1_SET-GEHAEUSE","ALUMINIUM",NA,       2.04210,  -518.468E-06,   601.109E-03,      -1.95162,  -260.038E-18,  -347.666E-18,       NoValue
D:/MoVerHu_Projekt/FE_Modell/FE-Abaqus-Model/Job-19.odb,Step-163,Increment      6: Step Time =    1.000,"LAGERSITZ_NEU-1",          4385,             4,          7161,      -115.584,       9.88096,      -78.4991,"ASSEMBLY_LAGERSITZ_NEU-1_SET-GEHAEUSE","ALUMINIUM",NA,       2.04210,  -518.468E-06,   601.109E-03,      -1.95162,  -260.038E-18,  -347.666E-18,       NoValue
D:/MoVerHu_Projekt/FE_Modell/FE-Abaqus-Model/Job-19.odb,Step-163,Increment      6: Step Time =    1.000,"LAGERSITZ_NEU-1",          4387,             4,          7162,      -118.984,       12.7674,      -77.6052,"ASSEMBLY_LAGERSITZ_NEU-1_SET-GEHAEUSE","ALUMINIUM",NA,       76.1585,  -31.5061E-03,       24.9800,      -71.9452,  -515.754E-03,   370.615E-03,            1.
D:/MoVerHu_Projekt/FE_Modell/FE-Abaqus-Model/Job-19.odb,Step-163,Increment      6: Step Time =    1.000,"LAGERSITZ_NEU-1",          4390,             4,          7162,      -118.984,       12.7674,      -77.6052,"ASSEMBLY_LAGERSITZ_NEU-1_SET-GEHAEUSE","ALUMINIUM",NA,       76.1585,  -31.5061E-03,       24.9800,      -71.9452,  -515.754E-03,   370.615E-03,            1.
D:/MoVerHu_Projekt/FE_Modell/FE-Abaqus-Model/Job-19.odb,Step-163,Increment      6: Step Time =    1.000,"LAGERSITZ_NEU-1",          4391,             4,          7162,      -118.984,       12.7674,      -77.6052,"ASSEMBLY_LAGERSITZ_NEU-1_SET-GEHAEUSE","ALUMINIUM",NA,       76.1585,  -31.5061E-03,       24.9800,      -71.9452,  -515.754E-03,   370.615E-03,            1.
D:/MoVerHu_Projekt/FE_Modell/FE-Abaqus-Model/Job-19.odb,Step-163,Increment      6: Step Time =    1.000,"LAGERSITZ_NEU-1",          4388,             4,          7162,      -118.984,       12.7674,      -77.6052,"ASSEMBLY_LAGERSITZ_NEU-1_SET-GEHAEUSE","ALUMINIUM",NA,       76.1585,  -31.5061E-03,       24.9800,      -71.9452,  -515.754E-03,   370.615E-03,            1.
D:/MoVerHu_Projekt/FE_Modell/FE-Abaqus-Model/Job-19.odb,Step-163,Increment      6: Step Time =    1.000,"LAGERSITZ_NEU-1",          4391,             4,          7163,      -115.584,       12.7674,      -77.6052,"ASSEMBLY_LAGERSITZ_NEU-1_SET-GEHAEUSE","ALUMINIUM",NA,       31.1765,  -11.3371E-03,       10.5102,      -29.3515,  -257.410E-03,   204.677E-03,            1.
D:/MoVerHu_Projekt/FE_Modell/FE-Abaqus-Model/Job-19.odb,Step-163,Increment      6: Step Time =    1.000,"LAGERSITZ_NEU-1",          4388,             4,          7163,      -115.584,       12.7674,      -77.6052,"ASSEMBLY_LAGERSITZ_NEU-1_SET-GEHAEUSE","ALUMINIUM",NA,       31.1765,  -11.3371E-03,       10.5102,      -29.3515,  -257.410E-03,   204.677E-03,            1.
D:/MoVerHu_Projekt/FE_Modell/FE-Abaqus-Model/Job-19.odb,Step-163,Increment      6: Step Time =    1.000,"LAGERSITZ_NEU-1",          4389,             4,          7163,      -115.584,       12.7674,      -77.6052,"ASSEMBLY_LAGERSITZ_NEU-1_SET-GEHAEUSE","ALUMINIUM",NA,       31.1765,  -11.3371E-03,       10.5102,      -29.3515,  -257.410E-03,   204.677E-03,            1.
D:/MoVerHu_Projekt/FE_Modell/FE-Abaqus-Model/Job-19.odb,Step-163,Increment      6: Step Time =    1.000,"LAGERSITZ_NEU-1",          4392,             4,          7163,      -115.584,       12.7674,      -77.6052,"ASSEMBLY_LAGERSITZ_NEU-1_SET-GEHAEUSE","ALUMINIUM",NA,       31.1765,  -11.3371E-03,       10.5102,      -29.3515,  -257.410E-03,   204.677E-03,            1.
D:/MoVerHu_Projekt/FE_Modell/FE-Abaqus-Model/Job-19.odb,Step-163,Increment      6: Step Time =    1.000,"LAGERSITZ_NEU-1",          4394,             4,          7164,      -118.984,       15.6003,      -76.5541,"ASSEMBLY_LAGERSITZ_NEU-1_SET-GEHAEUSE","ALUMINIUM",NA,       143.267,  -93.6443E-03,       53.5048,      -132.901,  -43.5100E-03,   31.0484E-03,            1.
D:/MoVerHu_Projekt/FE_Modell/FE-Abaqus-Model/Job-19.odb,Step-163,Increment      6: Step Time =    1.000,"LAGERSITZ_NEU-1",          4390,             4,          7164,      -118.984,       15.6003,      -76.5541,"ASSEMBLY_LAGERSITZ_NEU-1_SET-GEHAEUSE","ALUMINIUM",NA,       143.267,  -93.6443E-03,       53.5048,      -132.901,  -43.5100E-03,   31.0484E-03,            1.
D:/MoVerHu_Projekt/FE_Modell/FE-Abaqus-Model/Job-19.odb,Step-163,Increment      6: Step Time =    1.000,"LAGERSITZ_NEU-1",          4391,             4,          7164,      -118.984,       15.6003,      -76.5541,"ASSEMBLY_LAGERSITZ_NEU-1_SET-GEHAEUSE","ALUMINIUM",NA,       143.267,  -93.6443E-03,       53.5048,      -132.901,  -43.5100E-03,   31.0484E-03,            1.
D:/MoVerHu_Projekt/FE_Modell/FE-Abaqus-Model/Job-19.odb,Step-163,Increment      6: Step Time =    1.000,"LAGERSITZ_NEU-1",          4393,             4,          7164,      -118.984,       15.6003,      -76.5541,"ASSEMBLY_LAGERSITZ_NEU-1_SET-GEHAEUSE","ALUMINIUM",NA,       143.267,  -93.6443E-03,       53.5048,      -132.901,  -43.5100E-03,   31.0484E-03,            1.
D:/MoVerHu_Projekt/FE_Modell/FE-Abaqus-Model/Job-19.odb,Step-163,Increment      6: Step Time =    1.000,"LAGERSITZ_NEU-1",          4394,             4,          7165,      -115.584,       15.6003,      -76.5541,"ASSEMBLY_LAGERSITZ_NEU-1_SET-GEHAEUSE","ALUMINIUM",NA,       134.919,  -71.2654E-03,       50.6796,      -125.039,  -44.1775E-03,   31.6998E-03,            1.
D:/MoVerHu_Projekt/FE_Modell/FE-Abaqus-Model/Job-19.odb,Step-163,Increment      6: Step Time =    1.000,"LAGERSITZ_NEU-1",          4395,             4,          7165,      -115.584,       15.6003,      -76.5541,"ASSEMBLY_LAGERSITZ_NEU-1_SET-GEHAEUSE","ALUMINIUM",NA,       134.919,  -71.2654E-03,       50.6796,      -125.039,  -44.1775E-03,   31.6998E-03,            1.
D:/MoVerHu_Projekt/FE_Modell/FE-Abaqus-Model/Job-19.odb,Step-163,Increment      6: Step Time =    1.000,"LAGERSITZ_NEU-1",          4391,             4,          7165,      -115.584,       15.6003,      -76.5541,"ASSEMBLY_LAGERSITZ_NEU-1_SET-GEHAEUSE","ALUMINIUM",NA,       134.919,  -71.2654E-03,       50.6796,      -125.039,  -44.1775E-03,   31.6998E-03,            1.
D:/MoVerHu_Projekt/FE_Modell/FE-Abaqus-Model/Job-19.odb,Step-163,Increment      6: Step Time =    1.000,"LAGERSITZ_NEU-1",          4392,             4,          7165,      -115.584,       15.6003,      -76.5541,"ASSEMBLY_LAGERSITZ_NEU-1_SET-GEHAEUSE","ALUMINIUM",NA,       134.919,  -71.2654E-03,       50.6796,      -125.039,  -44.1775E-03,   31.6998E-03,            1.
D:/MoVerHu_Projekt/FE_Modell/FE-Abaqus-Model/Job-19.odb,Step-163,Increment      6: Step Time =    1.000,"LAGERSITZ_NEU-1",          4397,             4,          7166,      -118.984,       18.3713,      -75.3491,"ASSEMBLY_LAGERSITZ_NEU-1_SET-GEHAEUSE","ALUMINIUM",NA,       108.829,  -98.5582E-03,       45.9107,      -98.6710,  -435.730E-03,   328.344E-03,            1.
D:/MoVerHu_Projekt/FE_Modell/FE-Abaqus-Model/Job-19.odb,Step-163,Increment      6: Step Time =    1.000,"LAGERSITZ_NEU-1",          4393,             4,          7166,      -118.984,       18.3713,      -75.3491,"ASSEMBLY_LAGERSITZ_NEU-1_SET-GEHAEUSE","ALUMINIUM",NA,       108.829,  -98.5582E-03,       45.9107,      -98.6710,  -435.730E-03,   328.344E-03,            1.
D:/MoVerHu_Projekt/FE_Modell/FE-Abaqus-Model/Job-19.odb,Step-163,Increment      6: Step Time =    1.000,"LAGERSITZ_NEU-1",          4394,             4,          7166,      -118.984,       18.3713,      -75.3491,"ASSEMBLY_LAGERSITZ_NEU-1_SET-GEHAEUSE","ALUMINIUM",NA,       108.829,  -98.5582E-03,       45.9107,      -98.6710,  -435.730E-03,   328.344E-03,            1.
D:/MoVerHu_Projekt/FE_Modell/FE-Abaqus-Model/Job-19.odb,Step-163,Increment      6: Step Time =    1.000,"LAGERSITZ_NEU-1",          4396,             4,          7166,      -118.984,       18.3713,      -75.3491,"ASSEMBLY_LAGERSITZ_NEU-1_SET-GEHAEUSE","ALUMINIUM",NA,       108.829,  -98.5582E-03,       45.9107,      -98.6710,  -435.730E-03,   328.344E-03,            1.
D:/MoVerHu_Projekt/FE_Modell/FE-Abaqus-Model/Job-19.odb,Step-163,Increment      6: Step Time =    1.000,"LAGERSITZ_NEU-1",          4398,             4,          7167,      -115.584,       18.3713,      -75.3491,"ASSEMBLY_LAGERSITZ_NEU-1_SET-GEHAEUSE","ALUMINIUM",NA,       144.379,  -115.637E-03,       61.0234,      -130.849,  -490.675E-03,   375.665E-03,            1.
D:/MoVerHu_Projekt/FE_Modell/FE-Abaqus-Model/Job-19.odb,Step-163,Increment      6: Step Time =    1.000,"LAGERSITZ_NEU-1",          4394,             4,          7167,      -115.584,       18.3713,      -75.3491,"ASSEMBLY_LAGERSITZ_NEU-1_SET-GEHAEUSE","ALUMINIUM",NA,       144.379,  -115.637E-03,       61.0234,      -130.849,  -490.675E-03,   375.665E-03,            1.
D:/MoVerHu_Projekt/FE_Modell/FE-Abaqus-Model/Job-19.odb,Step-163,Increment      6: Step Time =    1.000,"LAGERSITZ_NEU-1",          4395,             4,          7167,      -115.584,       18.3713,      -75.3491,"ASSEMBLY_LAGERSITZ_NEU-1_SET-GEHAEUSE","ALUMINIUM",NA,       144.379,  -115.637E-03,       61.0234,      -130.849,  -490.675E-03,   375.665E-03,            1.
D:/MoVerHu_Projekt/FE_Modell/FE-Abaqus-Model/Job-19.odb,Step-163,Increment      6: Step Time =    1.000,"LAGERSITZ_NEU-1",          4397,             4,          7167,      -115.584,       18.3713,      -75.3491,"ASSEMBLY_LAGERSITZ_NEU-1_SET-GEHAEUSE","ALUMINIUM",NA,       144.379,  -115.637E-03,       61.0234,      -130.849,  -490.675E-03,   375.665E-03,            1.
D:/MoVerHu_Projekt/FE_Modell/FE-Abaqus-Model/Job-19.odb,Step-163,Increment      6: Step Time =    1.000,"LAGERSITZ_NEU-1",          4397,             4,          7168,      -118.984,       21.0719,      -73.9937,"ASSEMBLY_LAGERSITZ_NEU-1_SET-GEHAEUSE","ALUMINIUM",NA,       118.056,  -149.026E-03,       55.8018,      -104.036,  -96.9389E-03,   83.7889E-03,            1.
D:/MoVerHu_Projekt/FE_Modell/FE-Abaqus-Model/Job-19.odb,Step-163,Increment      6: Step Time =    1.000,"LAGERSITZ_NEU-1",          4396,             4,          7168,      -118.984,       21.0719,      -73.9937,"ASSEMBLY_LAGERSITZ_NEU-1_SET-GEHAEUSE","ALUMINIUM",NA,       118.056,  -149.026E-03,       55.8018,      -104.036,  -96.9389E-03,   83.7889E-03,            1.
D:/MoVerHu_Projekt/FE_Modell/FE-Abaqus-Model/Job-19.odb,Step-163,Increment      6: Step Time =    1.000,"LAGERSITZ_NEU-1",          4399,             4,          7168,      -118.984,       21.0719,      -73.9937,"ASSEMBLY_LAGERSITZ_NEU-1_SET-GEHAEUSE","ALUMINIUM",NA,       118.056,  -149.026E-03,       55.8018,      -104.036,  -96.9389E-03,   83.7889E-03,            1.
D:/MoVerHu_Projekt/FE_Modell/FE-Abaqus-Model/Job-19.odb,Step-163,Increment      6: Step Time =    1.000,"LAGERSITZ_NEU-1",          4400,             4,          7168,      -118.984,       21.0719,      -73.9937,"ASSEMBLY_LAGERSITZ_NEU-1_SET-GEHAEUSE","ALUMINIUM",NA,       118.056,  -149.026E-03,       55.8018,      -104.036,  -96.9389E-03,   83.7889E-03,            1.
D:/MoVerHu_Projekt/FE_Modell/FE-Abaqus-Model/Job-19.odb,Step-163,Increment      6: Step Time =    1.000,"LAGERSITZ_NEU-1",          4398,             4,          7169,      -115.584,       21.0719,      -73.9937,"ASSEMBLY_LAGERSITZ_NEU-1_SET-GEHAEUSE","ALUMINIUM",NA,       144.526,  -162.709E-03,       68.1388,      -127.455,  -163.382E-03,   134.671E-03,            1.
D:/MoVerHu_Projekt/FE_Modell/FE-Abaqus-Model/Job-19.odb,Step-163,Increment      6: Step Time =    1.000,"LAGERSITZ_NEU-1",          4400,             4,          7169,      -115.584,       21.0719,      -73.9937,"ASSEMBLY_LAGERSITZ_NEU-1_SET-GEHAEUSE","ALUMINIUM",NA,       144.526,  -162.709E-03,       68.1388,      -127.455,  -163.382E-03,   134.671E-03,            1.
D:/MoVerHu_Projekt/FE_Modell/FE-Abaqus-Model/Job-19.odb,Step-163,Increment      6: Step Time =    1.000,"LAGERSITZ_NEU-1",          4401,             4,          7169,      -115.584,       21.0719,      -73.9937,"ASSEMBLY_LAGERSITZ_NEU-1_SET-GEHAEUSE","ALUMINIUM",NA,       144.526,  -162.709E-03,       68.1388,      -127.455,  -163.382E-03,   134.671E-03,            1.
D:/MoVerHu_Projekt/FE_Modell/FE-Abaqus-Model/Job-19.odb,Step-163,Increment      6: Step Time =    1.000,"LAGERSITZ_NEU-1",          4397,             4,          7169,      -115.584,       21.0719,      -73.9937,"ASSEMBLY_LAGERSITZ_NEU-1_SET-GEHAEUSE","ALUMINIUM",NA,       144.526,  -162.709E-03,       68.1388,      -127.455,  -163.382E-03,   134.671E-03,            1.
D:/MoVerHu_Projekt/FE_Modell/FE-Abaqus-Model/Job-19.odb,Step-163,Increment      6: Step Time =    1.000,"LAGERSITZ_NEU-1",          4403,             4,          7170,      -118.984,       23.6940,      -72.4920,"ASSEMBLY_LAGERSITZ_NEU-1_SET-GEHAEUSE","ALUMINIUM",NA,       111.609,  -177.332E-03,       57.6509,      -95.5660,  -27.4913E-03,   21.6183E-03,            1.
D:/MoVerHu_Projekt/FE_Modell/FE-Abaqus-Model/Job-19.odb,Step-163,Increment      6: Step Time =    1.000,"LAGERSITZ_NEU-1",          4400,             4,          7170,      -118.984,       23.6940,      -72.4920,"ASSEMBLY_LAGERSITZ_NEU-1_SET-GEHAEUSE","ALUMINIUM",NA,       111.609,  -177.332E-03,       57.6509,      -95.5660,  -27.4913E-03,   21.6183E-03,            1.
D:/MoVerHu_Projekt/FE_Modell/FE-Abaqus-Model/Job-19.odb,Step-163,Increment      6: Step Time =    1.000,"LAGERSITZ_NEU-1",          4399,             4,          7170,      -118.984,       23.6940,      -72.4920,"ASSEMBLY_LAGERSITZ_NEU-1_SET-GEHAEUSE","ALUMINIUM",NA,       111.609,  -177.332E-03,       57.6509,      -95.5660,  -27.4913E-03,   21.6183E-03,            1.
D:/MoVerHu_Projekt/FE_Modell/FE-Abaqus-Model/Job-19.odb,Step-163,Increment      6: Step Time =    1.000,"LAGERSITZ_NEU-1",          4402,             4,          7170,      -118.984,       23.6940,      -72.4920,"ASSEMBLY_LAGERSITZ_NEU-1_SET-GEHAEUSE","ALUMINIUM",NA,       111.609,  -177.332E-03,       57.6509,      -95.5660,  -27.4913E-03,   21.6183E-03,            1.
D:/MoVerHu_Projekt/FE_Modell/FE-Abaqus-Model/Job-19.odb,Step-163,Increment      6: Step Time =    1.000,"LAGERSITZ_NEU-1",          4404,             4,          7171,      -115.584,       23.6940,      -72.4920,"ASSEMBLY_LAGERSITZ_NEU-1_SET-GEHAEUSE","ALUMINIUM",NA,       120.058,  -174.005E-03,       61.9273,      -102.853,  -27.1328E-03,   20.8911E-03,            2.
D:/MoVerHu_Projekt/FE_Modell/FE-Abaqus-Model/Job-19.odb,Step-163,Increment      6: Step Time =    1.000,"LAGERSITZ_NEU-1",          4400,             4,          7171,      -115.584,       23.6940,      -72.4920,"ASSEMBLY_LAGERSITZ_NEU-1_SET-GEHAEUSE","ALUMINIUM",NA,       120.058,  -174.005E-03,       61.9273,      -102.853,  -27.1328E-03,   20.8911E-03,            2.
D:/MoVerHu_Projekt/FE_Modell/FE-Abaqus-Model/Job-19.odb,Step-163,Increment      6: Step Time =    1.000,"LAGERSITZ_NEU-1",          4401,             4,          7171,      -115.584,       23.6940,      -72.4920,"ASSEMBLY_LAGERSITZ_NEU-1_SET-GEHAEUSE","ALUMINIUM",NA,       120.058,  -174.005E-03,       61.9273,      -102.853,  -27.1328E-03,   20.8911E-03,            2.
D:/MoVerHu_Projekt/FE_Modell/FE-Abaqus-Model/Job-19.odb,Step-163,Increment      6: Step Time =    1.000,"LAGERSITZ_NEU-1",          4403,             4,          7171,      -115.584,       23.6940,      -72.4920,"ASSEMBLY_LAGERSITZ_NEU-1_SET-GEHAEUSE","ALUMINIUM",NA,       120.058,  -174.005E-03,       61.9273,      -102.853,  -27.1328E-03,   20.8911E-03,            2.
D:/MoVerHu_Projekt/FE_Modell/FE-Abaqus-Model/Job-19.odb,Step-163,Increment      6: Step Time =    1.000,"LAGERSITZ_NEU-1",          4406,             4,          7172,      -118.984,       28.7134,      -69.0358,"ASSEMBLY_LAGERSITZ_NEU-1_SET-GEHAEUSE","ALUMINIUM",NA,       32.3678,  -76.6965E-03,       20.4976,      -25.0503,  -248.476E-18,  -419.571E-18,       NoValue
D:/MoVerHu_Projekt/FE_Modell/FE-Abaqus-Model/Job-19.odb,Step-163,Increment      6: Step Time =    1.000,"LAGERSITZ_NEU-1",          4405,             4,          7172,      -118.984,       28.7134,      -69.0358,"ASSEMBLY_LAGERSITZ_NEU-1_SET-GEHAEUSE","ALUMINIUM",NA,       32.3678,  -76.6965E-03,       20.4976,      -25.0503,  -248.476E-18,  -419.571E-18,       NoValue
D:/MoVerHu_Projekt/FE_Modell/FE-Abaqus-Model/Job-19.odb,Step-163,Increment      6: Step Time =    1.000,"LAGERSITZ_NEU-1",          4409,             4,          7172,      -118.984,       28.7134,      -69.0358,"ASSEMBLY_LAGERSITZ_NEU-1_SET-GEHAEUSE","ALUMINIUM",NA,       32.3678,  -76.6965E-03,       20.4976,      -25.0503,  -248.476E-18,  -419.571E-18,       NoValue
D:/MoVerHu_Projekt/FE_Modell/FE-Abaqus-Model/Job-19.odb,Step-163,Increment      6: Step Time =    1.000,"LAGERSITZ_NEU-1",          4408,             4,          7172,      -118.984,       28.7134,      -69.0358,"ASSEMBLY_LAGERSITZ_NEU-1_SET-GEHAEUSE","ALUMINIUM",NA,       32.3678,  -76.6965E-03,       20.4976,      -25.0503,  -248.476E-18,  -419.571E-18,       NoValue
D:/MoVerHu_Projekt/FE_Modell/FE-Abaqus-Model/Job-19.odb,Step-163,Increment      6: Step Time =    1.000,"LAGERSITZ_NEU-1",          4410,             4,          7173,      -115.584,       28.7134,      -69.0358,"ASSEMBLY_LAGERSITZ_NEU-1_SET-GEHAEUSE","ALUMINIUM",NA,       38.1588,  -86.3344E-03,       24.1635,      -29.5333,  -2.28544E-15,   479.014E-18,       NoValue
D:/MoVerHu_Projekt/FE_Modell/FE-Abaqus-Model/Job-19.odb,Step-163,Increment      6: Step Time =    1.000,"LAGERSITZ_NEU-1",          4407,             4,          7173,      -115.584,       28.7134,      -69.0358,"ASSEMBLY_LAGERSITZ_NEU-1_SET-GEHAEUSE","ALUMINIUM",NA,       38.1588,  -86.3344E-03,       24.1635,      -29.5333,  -2.28544E-15,   479.014E-18,       NoValue
D:/MoVerHu_Projekt/FE_Modell/FE-Abaqus-Model/Job-19.odb,Step-163,Increment      6: Step Time =    1.000,"LAGERSITZ_NEU-1",          4406,             4,          7173,      -115.584,       28.7134,      -69.0358,"ASSEMBLY_LAGERSITZ_NEU-1_SET-GEHAEUSE","ALUMINIUM",NA,       38.1588,  -86.3344E-03,       24.1635,      -29.5333,  -2.28544E-15,   479.014E-18,       NoValue
D:/MoVerHu_Projekt/FE_Modell/FE-Abaqus-Model/Job-19.odb,Step-163,Increment      6: Step Time =    1.000,"LAGERSITZ_NEU-1",          4409,             4,          7173,      -115.584,       28.7134,      -69.0358,"ASSEMBLY_LAGERSITZ_NEU-1_SET-GEHAEUSE","ALUMINIUM",NA,       38.1588,  -86.3344E-03,       24.1635,      -29.5333,  -2.28544E-15,   479.014E-18,       NoValue
D:/MoVerHu_Projekt/FE_Modell/FE-Abaqus-Model/Job-19.odb,Step-163,Increment      6: Step Time =    1.000,"LAGERSITZ_NEU-1",          4408,             4,          7174,      -118.984,       31.0919,      -67.0871,"ASSEMBLY_LAGERSITZ_NEU-1_SET-GEHAEUSE","ALUMINIUM",NA,       224.365,  -552.728E-03,       147.535,      -169.034,  -47.7575E-03,   85.0519E-03,            1.
D:/MoVerHu_Projekt/FE_Modell/FE-Abaqus-Model/Job-19.odb,Step-163,Increment      6: Step Time =    1.000,"LAGERSITZ_NEU-1",          4411,             4,          7174,      -118.984,       31.0919,      -67.0871,"ASSEMBLY_LAGERSITZ_NEU-1_SET-GEHAEUSE","ALUMINIUM",NA,       224.365,  -552.728E-03,       147.535,      -169.034,  -47.7575E-03,   85.0519E-03,            1.
D:/MoVerHu_Projekt/FE_Modell/FE-Abaqus-Model/Job-19.odb,Step-163,Increment      6: Step Time =    1.000,"LAGERSITZ_NEU-1",          4412,             4,          7174,      -118.984,       31.0919,      -67.0871,"ASSEMBLY_LAGERSITZ_NEU-1_SET-GEHAEUSE","ALUMINIUM",NA,       224.365,  -552.728E-03,       147.535,      -169.034,  -47.7575E-03,   85.0519E-03,            1.
D:/MoVerHu_Projekt/FE_Modell/FE-Abaqus-Model/Job-19.odb,Step-163,Increment      6: Step Time =    1.000,"LAGERSITZ_NEU-1",          4409,             4,          7174,      -118.984,       31.0919,      -67.0871,"ASSEMBLY_LAGERSITZ_NEU-1_SET-GEHAEUSE","ALUMINIUM",NA,       224.365,  -552.728E-03,       147.535,      -169.034,  -47.7575E-03,   85.0519E-03,            1.
D:/MoVerHu_Projekt/FE_Modell/FE-Abaqus-Model/Job-19.odb,Step-163,Increment      6: Step Time =    1.000,"LAGERSITZ_NEU-1",          4410,             4,          7175,      -115.584,       31.0919,      -67.0871,"ASSEMBLY_LAGERSITZ_NEU-1_SET-GEHAEUSE","ALUMINIUM",NA,       270.692,  -635.168E-03,       178.088,      -203.859,  -40.1186E-03,   73.8209E-03,            1.
D:/MoVerHu_Projekt/FE_Modell/FE-Abaqus-Model/Job-19.odb,Step-163,Increment      6: Step Time =    1.000,"LAGERSITZ_NEU-1",          4409,             4,          7175,      -115.584,       31.0919,      -67.0871,"ASSEMBLY_LAGERSITZ_NEU-1_SET-GEHAEUSE","ALUMINIUM",NA,       270.692,  -635.168E-03,       178.088,      -203.859,  -40.1186E-03,   73.8209E-03,            1.
D:/MoVerHu_Projekt/FE_Modell/FE-Abaqus-Model/Job-19.odb,Step-163,Increment      6: Step Time =    1.000,"LAGERSITZ_NEU-1",          4412,             4,          7175,      -115.584,       31.0919,      -67.0871,"ASSEMBLY_LAGERSITZ_NEU-1_SET-GEHAEUSE","ALUMINIUM",NA,       270.692,  -635.168E-03,       178.088,      -203.859,  -40.1186E-03,   73.8209E-03,            1.
D:/MoVerHu_Projekt/FE_Modell/FE-Abaqus-Model/Job-19.odb,Step-163,Increment      6: Step Time =    1.000,"LAGERSITZ_NEU-1",          4413,             4,          7175,      -115.584,       31.0919,      -67.0871,"ASSEMBLY_LAGERSITZ_NEU-1_SET-GEHAEUSE","ALUMINIUM",NA,       270.692,  -635.168E-03,       178.088,      -203.859,  -40.1186E-03,   73.8209E-03,            1.
D:/MoVerHu_Projekt/FE_Modell/FE-Abaqus-Model/Job-19.odb,Step-163,Increment      6: Step Time =    1.000,"LAGERSITZ_NEU-1",          4411,             4,          7176,      -118.984,       33.3579,      -65.0085,"ASSEMBLY_LAGERSITZ_NEU-1_SET-GEHAEUSE","ALUMINIUM",NA,       226.517,  -589.262E-03,       157.274,      -163.017,  -83.5765E-03,   175.399E-03,            2.
D:/MoVerHu_Projekt/FE_Modell/FE-Abaqus-Model/Job-19.odb,Step-163,Increment      6: Step Time =    1.000,"LAGERSITZ_NEU-1",          4414,             4,          7176,      -118.984,       33.3579,      -65.0085,"ASSEMBLY_LAGERSITZ_NEU-1_SET-GEHAEUSE","ALUMINIUM",NA,       226.517,  -589.262E-03,       157.274,      -163.017,  -83.5765E-03,   175.399E-03,            2.
D:/MoVerHu_Projekt/FE_Modell/FE-Abaqus-Model/Job-19.odb,Step-163,Increment      6: Step Time =    1.000,"LAGERSITZ_NEU-1",          4412,             4,          7176,      -118.984,       33.3579,      -65.0085,"ASSEMBLY_LAGERSITZ_NEU-1_SET-GEHAEUSE","ALUMINIUM",NA,       226.517,  -589.262E-03,       157.274,      -163.017,  -83.5765E-03,   175.399E-03,            2.
D:/MoVerHu_Projekt/FE_Modell/FE-Abaqus-Model/Job-19.odb,Step-163,Increment      6: Step Time =    1.000,"LAGERSITZ_NEU-1",          4415,             4,          7176,      -118.984,       33.3579,      -65.0085,"ASSEMBLY_LAGERSITZ_NEU-1_SET-GEHAEUSE","ALUMINIUM",NA,       226.517,  -589.262E-03,       157.274,      -163.017,  -83.5765E-03,   175.399E-03,            2.
D:/MoVerHu_Projekt/FE_Modell/FE-Abaqus-Model/Job-19.odb,Step-163,Increment      6: Step Time =    1.000,"LAGERSITZ_NEU-1",          4412,             4,          7177,      -115.584,       33.3579,      -65.0085,"ASSEMBLY_LAGERSITZ_NEU-1_SET-GEHAEUSE","ALUMINIUM",NA,       311.960,  -784.787E-03,       216.805,      -224.309,  -75.7304E-03,   163.194E-03,            2.
D:/MoVerHu_Projekt/FE_Modell/FE-Abaqus-Model/Job-19.odb,Step-163,Increment      6: Step Time =    1.000,"LAGERSITZ_NEU-1",          4415,             4,          7177,      -115.584,       33.3579,      -65.0085,"ASSEMBLY_LAGERSITZ_NEU-1_SET-GEHAEUSE","ALUMINIUM",NA,       311.960,  -784.787E-03,       216.805,      -224.309,  -75.7304E-03,   163.194E-03,            2.
D:/MoVerHu_Projekt/FE_Modell/FE-Abaqus-Model/Job-19.odb,Step-163,Increment      6: Step Time =    1.000,"LAGERSITZ_NEU-1",          4416,             4,          7177,      -115.584,       33.3579,      -65.0085,"ASSEMBLY_LAGERSITZ_NEU-1_SET-GEHAEUSE","ALUMINIUM",NA,       311.960,  -784.787E-03,       216.805,      -224.309,  -75.7304E-03,   163.194E-03,            2.
D:/MoVerHu_Projekt/FE_Modell/FE-Abaqus-Model/Job-19.odb,Step-163,Increment      6: Step Time =    1.000,"LAGERSITZ_NEU-1",          4413,             4,          7177,      -115.584,       33.3579,      -65.0085,"ASSEMBLY_LAGERSITZ_NEU-1_SET-GEHAEUSE","ALUMINIUM",NA,       311.960,  -784.787E-03,       216.805,      -224.309,  -75.7304E-03,   163.194E-03,            2.
D:/MoVerHu_Projekt/FE_Modell/FE-Abaqus-Model/Job-19.odb,Step-163,Increment      6: Step Time =    1.000,"LAGERSITZ_NEU-1",          4418,             4,          7178,      -118.984,       35.5041,      -62.8065,"ASSEMBLY_LAGERSITZ_NEU-1_SET-GEHAEUSE","ALUMINIUM",NA,       114.481,  -312.194E-03,       83.7362,      -78.0642,  -45.3303E-03,   154.701E-03,            2.
D:/MoVerHu_Projekt/FE_Modell/FE-Abaqus-Model/Job-19.odb,Step-163,Increment      6: Step Time =    1.000,"LAGERSITZ_NEU-1",          4414,             4,          7178,      -118.984,       35.5041,      -62.8065,"ASSEMBLY_LAGERSITZ_NEU-1_SET-GEHAEUSE","ALUMINIUM",NA,       114.481,  -312.194E-03,       83.7362,      -78.0642,  -45.3303E-03,   154.701E-03,            2.
D:/MoVerHu_Projekt/FE_Modell/FE-Abaqus-Model/Job-19.odb,Step-163,Increment      6: Step Time =    1.000,"LAGERSITZ_NEU-1",          4417,             4,          7178,      -118.984,       35.5041,      -62.8065,"ASSEMBLY_LAGERSITZ_NEU-1_SET-GEHAEUSE","ALUMINIUM",NA,       114.481,  -312.194E-03,       83.7362,      -78.0642,  -45.3303E-03,   154.701E-03,            2.
D:/MoVerHu_Projekt/FE_Modell/FE-Abaqus-Model/Job-19.odb,Step-163,Increment      6: Step Time =    1.000,"LAGERSITZ_NEU-1",          4415,             4,          7178,      -118.984,       35.5041,      -62.8065,"ASSEMBLY_LAGERSITZ_NEU-1_SET-GEHAEUSE","ALUMINIUM",NA,       114.481,  -312.194E-03,       83.7362,      -78.0642,  -45.3303E-03,   154.701E-03,            2.
D:/MoVerHu_Projekt/FE_Modell/FE-Abaqus-Model/Job-19.odb,Step-163,Increment      6: Step Time =    1.000,"LAGERSITZ_NEU-1",          4416,             4,          7179,      -115.584,       35.5041,      -62.8065,"ASSEMBLY_LAGERSITZ_NEU-1_SET-GEHAEUSE","ALUMINIUM",NA,       196.106,  -525.715E-03,       143.676,      -133.472,  -47.2278E-03,   144.976E-03,            2.
D:/MoVerHu_Projekt/FE_Modell/FE-Abaqus-Model/Job-19.odb,Step-163,Increment      6: Step Time =    1.000,"LAGERSITZ_NEU-1",          4415,             4,          7179,      -115.584,       35.5041,      -62.8065,"ASSEMBLY_LAGERSITZ_NEU-1_SET-GEHAEUSE","ALUMINIUM",NA,       196.106,  -525.715E-03,       143.676,      -133.472,  -47.2278E-03,   144.976E-03,            2.
D:/MoVerHu_Projekt/FE_Modell/FE-Abaqus-Model/Job-19.odb,Step-163,Increment      6: Step Time =    1.000,"LAGERSITZ_NEU-1",          4418,             4,          7179,      -115.584,       35.5041,      -62.8065,"ASSEMBLY_LAGERSITZ_NEU-1_SET-GEHAEUSE","ALUMINIUM",NA,       196.106,  -525.715E-03,       143.676,      -133.472,  -47.2278E-03,   144.976E-03,            2.
D:/MoVerHu_Projekt/FE_Modell/FE-Abaqus-Model/Job-19.odb,Step-163,Increment      6: Step Time =    1.000,"LAGERSITZ_NEU-1",          4419,             4,          7179,      -115.584,       35.5041,      -62.8065,"ASSEMBLY_LAGERSITZ_NEU-1_SET-GEHAEUSE","ALUMINIUM",NA,       196.106,  -525.715E-03,       143.676,      -133.472,  -47.2278E-03,   144.976E-03,            2.
D:/MoVerHu_Projekt/FE_Modell/FE-Abaqus-Model/Job-19.odb,Step-163,Increment      6: Step Time =    1.000,"LAGERSITZ_NEU-1",          4421,             4,          7180,      -118.984,       37.5239,      -60.4880,"ASSEMBLY_LAGERSITZ_NEU-1_SET-GEHAEUSE","ALUMINIUM",NA,       76.5090,  -222.186E-03,       59.0509,      -48.6474,  -10.3786E-03,   104.666E-03,            2.
D:/MoVerHu_Projekt/FE_Modell/FE-Abaqus-Model/Job-19.odb,Step-163,Increment      6: Step Time =    1.000,"LAGERSITZ_NEU-1",          4418,             4,          7180,      -118.984,       37.5239,      -60.4880,"ASSEMBLY_LAGERSITZ_NEU-1_SET-GEHAEUSE","ALUMINIUM",NA,       76.5090,  -222.186E-03,       59.0509,      -48.6474,  -10.3786E-03,   104.666E-03,            2.
D:/MoVerHu_Projekt/FE_Modell/FE-Abaqus-Model/Job-19.odb,Step-163,Increment      6: Step Time =    1.000,"LAGERSITZ_NEU-1",          4417,             4,          7180,      -118.984,       37.5239,      -60.4880,"ASSEMBLY_LAGERSITZ_NEU-1_SET-GEHAEUSE","ALUMINIUM",NA,       76.5090,  -222.186E-03,       59.0509,      -48.6474,  -10.3786E-03,   104.666E-03,            2.
D:/MoVerHu_Projekt/FE_Modell/FE-Abaqus-Model/Job-19.odb,Step-163,Increment      6: Step Time =    1.000,"LAGERSITZ_NEU-1",          4420,             4,          7180,      -118.984,       37.5239,      -60.4880,"ASSEMBLY_LAGERSITZ_NEU-1_SET-GEHAEUSE","ALUMINIUM",NA,       76.5090,  -222.186E-03,       59.0509,      -48.6474,  -10.3786E-03,   104.666E-03,            2.
D:/MoVerHu_Projekt/FE_Modell/FE-Abaqus-Model/Job-19.odb,Step-163,Increment      6: Step Time =    1.000,"LAGERSITZ_NEU-1",          4421,             4,          7181,      -115.584,       37.5239,      -60.4880,"ASSEMBLY_LAGERSITZ_NEU-1_SET-GEHAEUSE","ALUMINIUM",NA,       151.224,  -433.363E-03,       116.672,      -96.2081,  -12.8272E-03,   115.980E-03,            2.
D:/MoVerHu_Projekt/FE_Modell/FE-Abaqus-Model/Job-19.odb,Step-163,Increment      6: Step Time =    1.000,"LAGERSITZ_NEU-1",          4422,             4,          7181,      -115.584,       37.5239,      -60.4880,"ASSEMBLY_LAGERSITZ_NEU-1_SET-GEHAEUSE","ALUMINIUM",NA,       151.224,  -433.363E-03,       116.672,      -96.2081,  -12.8272E-03,   115.980E-03,            2.
D:/MoVerHu_Projekt/FE_Modell/FE-Abaqus-Model/Job-19.odb,Step-163,Increment      6: Step Time =    1.000,"LAGERSITZ_NEU-1",          4419,             4,          7181,      -115.584,       37.5239,      -60.4880,"ASSEMBLY_LAGERSITZ_NEU-1_SET-GEHAEUSE","ALUMINIUM",NA,       151.224,  -433.363E-03,       116.672,      -96.2081,  -12.8272E-03,   115.980E-03,            2.
D:/MoVerHu_Projekt/FE_Modell/FE-Abaqus-Model/Job-19.odb,Step-163,Increment      6: Step Time =    1.000,"LAGERSITZ_NEU-1",          4418,             4,          7181,      -115.584,       37.5239,      -60.4880,"ASSEMBLY_LAGERSITZ_NEU-1_SET-GEHAEUSE","ALUMINIUM",NA,       151.224,  -433.363E-03,       116.672,      -96.2081,  -12.8272E-03,   115.980E-03,            2.
D:/MoVerHu_Projekt/FE_Modell/FE-Abaqus-Model/Job-19.odb,Step-163,Increment      6: Step Time =    1.000,"LAGERSITZ_NEU-1",          4421,             4,          7182,      -118.984,       39.4109,      -58.0603,"ASSEMBLY_LAGERSITZ_NEU-1_SET-GEHAEUSE","ALUMINIUM",NA,       146.121,  -463.939E-03,       118.536,      -85.4426,   5.81683E-03,   107.556E-03,            2.
D:/MoVerHu_Projekt/FE_Modell/FE-Abaqus-Model/Job-19.odb,Step-163,Increment      6: Step Time =    1.000,"LAGERSITZ_NEU-1",          4423,             4,          7182,      -118.984,       39.4109,      -58.0603,"ASSEMBLY_LAGERSITZ_NEU-1_SET-GEHAEUSE","ALUMINIUM",NA,       146.121,  -463.939E-03,       118.536,      -85.4426,   5.81683E-03,   107.556E-03,            2.
D:/MoVerHu_Projekt/FE_Modell/FE-Abaqus-Model/Job-19.odb,Step-163,Increment      6: Step Time =    1.000,"LAGERSITZ_NEU-1",          4424,             4,          7182,      -118.984,       39.4109,      -58.0603,"ASSEMBLY_LAGERSITZ_NEU-1_SET-GEHAEUSE","ALUMINIUM",NA,       146.121,  -463.939E-03,       118.536,      -85.4426,   5.81683E-03,   107.556E-03,            2.
D:/MoVerHu_Projekt/FE_Modell/FE-Abaqus-Model/Job-19.odb,Step-163,Increment      6: Step Time =    1.000,"LAGERSITZ_NEU-1",          4420,             4,          7182,      -118.984,       39.4109,      -58.0603,"ASSEMBLY_LAGERSITZ_NEU-1_SET-GEHAEUSE","ALUMINIUM",NA,       146.121,  -463.939E-03,       118.536,      -85.4426,   5.81683E-03,   107.556E-03,            2.
D:/MoVerHu_Projekt/FE_Modell/FE-Abaqus-Model/Job-19.odb,Step-163,Increment      6: Step Time =    1.000,"LAGERSITZ_NEU-1",          4425,             4,          7183,      -115.584,       39.4109,      -58.0603,"ASSEMBLY_LAGERSITZ_NEU-1_SET-GEHAEUSE","ALUMINIUM",NA,       218.068,  -669.418E-03,       176.481,      -128.092,   10.1211E-03,   98.2666E-03,            2.
D:/MoVerHu_Projekt/FE_Modell/FE-Abaqus-Model/Job-19.odb,Step-163,Increment      6: Step Time =    1.000,"LAGERSITZ_NEU-1",          4421,             4,          7183,      -115.584,       39.4109,      -58.0603,"ASSEMBLY_LAGERSITZ_NEU-1_SET-GEHAEUSE","ALUMINIUM",NA,       218.068,  -669.418E-03,       176.481,      -128.092,   10.1211E-03,   98.2666E-03,            2.
D:/MoVerHu_Projekt/FE_Modell/FE-Abaqus-Model/Job-19.odb,Step-163,Increment      6: Step Time =    1.000,"LAGERSITZ_NEU-1",          4422,             4,          7183,      -115.584,       39.4109,      -58.0603,"ASSEMBLY_LAGERSITZ_NEU-1_SET-GEHAEUSE","ALUMINIUM",NA,       218.068,  -669.418E-03,       176.481,      -128.092,   10.1211E-03,   98.2666E-03,            2.
D:/MoVerHu_Projekt/FE_Modell/FE-Abaqus-Model/Job-19.odb,Step-163,Increment      6: Step Time =    1.000,"LAGERSITZ_NEU-1",          4424,             4,          7183,      -115.584,       39.4109,      -58.0603,"ASSEMBLY_LAGERSITZ_NEU-1_SET-GEHAEUSE","ALUMINIUM",NA,       218.068,  -669.418E-03,       176.481,      -128.092,   10.1211E-03,   98.2666E-03,            2.
D:/MoVerHu_Projekt/FE_Modell/FE-Abaqus-Model/Job-19.odb,Step-163,Increment      6: Step Time =    1.000,"LAGERSITZ_NEU-1",          4427,             4,          7184,      -118.984,       41.1594,      -55.5309,"ASSEMBLY_LAGERSITZ_NEU-1_SET-GEHAEUSE","ALUMINIUM",NA,       403.053,      -1.35967,       338.119,      -219.375,   475.064E-06,   6.98357E-03,            2.
D:/MoVerHu_Projekt/FE_Modell/FE-Abaqus-Model/Job-19.odb,Step-163,Increment      6: Step Time =    1.000,"LAGERSITZ_NEU-1",          4424,             4,          7184,      -118.984,       41.1594,      -55.5309,"ASSEMBLY_LAGERSITZ_NEU-1_SET-GEHAEUSE","ALUMINIUM",NA,       403.053,      -1.35967,       338.119,      -219.375,   475.064E-06,   6.98357E-03,            2.
D:/MoVerHu_Projekt/FE_Modell/FE-Abaqus-Model/Job-19.odb,Step-163,Increment      6: Step Time =    1.000,"LAGERSITZ_NEU-1",          4426,             4,          7184,      -118.984,       41.1594,      -55.5309,"ASSEMBLY_LAGERSITZ_NEU-1_SET-GEHAEUSE","ALUMINIUM",NA,       403.053,      -1.35967,       338.119,      -219.375,   475.064E-06,   6.98357E-03,            2.
D:/MoVerHu_Projekt/FE_Modell/FE-Abaqus-Model/Job-19.odb,Step-163,Increment      6: Step Time =    1.000,"LAGERSITZ_NEU-1",          4423,             4,          7184,      -118.984,       41.1594,      -55.5309,"ASSEMBLY_LAGERSITZ_NEU-1_SET-GEHAEUSE","ALUMINIUM",NA,       403.053,      -1.35967,       338.119,      -219.375,   475.064E-06,   6.98357E-03,            2.
D:/MoVerHu_Projekt/FE_Modell/FE-Abaqus-Model/Job-19.odb,Step-163,Increment      6: Step Time =    1.000,"LAGERSITZ_NEU-1",          4427,             4,          7185,      -115.584,       41.1594,      -55.5309,"ASSEMBLY_LAGERSITZ_NEU-1_SET-GEHAEUSE","ALUMINIUM",NA,       470.057,      -1.50748,       394.193,      -256.052,   561.458E-06,   5.67641E-03,            2.
D:/MoVerHu_Projekt/FE_Modell/FE-Abaqus-Model/Job-19.odb,Step-163,Increment      6: Step Time =    1.000,"LAGERSITZ_NEU-1",          4428,             4,          7185,      -115.584,       41.1594,      -55.5309,"ASSEMBLY_LAGERSITZ_NEU-1_SET-GEHAEUSE","ALUMINIUM",NA,       470.057,      -1.50748,       394.193,      -256.052,   561.458E-06,   5.67641E-03,            2.
D:/MoVerHu_Projekt/FE_Modell/FE-Abaqus-Model/Job-19.odb,Step-163,Increment      6: Step Time =    1.000,"LAGERSITZ_NEU-1",          4425,             4,          7185,      -115.584,       41.1594,      -55.5309,"ASSEMBLY_LAGERSITZ_NEU-1_SET-GEHAEUSE","ALUMINIUM",NA,       470.057,      -1.50748,       394.193,      -256.052,   561.458E-06,   5.67641E-03,            2.
D:/MoVerHu_Projekt/FE_Modell/FE-Abaqus-Model/Job-19.odb,Step-163,Increment      6: Step Time =    1.000,"LAGERSITZ_NEU-1",          4424,             4,          7185,      -115.584,       41.1594,      -55.5309,"ASSEMBLY_LAGERSITZ_NEU-1_SET-GEHAEUSE","ALUMINIUM",NA,       470.057,      -1.50748,       394.193,      -256.052,   561.458E-06,   5.67641E-03,            2.
D:/MoVerHu_Projekt/FE_Modell/FE-Abaqus-Model/Job-19.odb,Step-163,Increment      6: Step Time =    1.000,"LAGERSITZ_NEU-1",          4427,             4,          7186,      -118.984,       42.7638,      -52.9077,"ASSEMBLY_LAGERSITZ_NEU-1_SET-GEHAEUSE","ALUMINIUM",NA,       353.311,      -1.23988,       305.967,      -176.667,   8.92706E-03,   17.1976E-03,            2.
D:/MoVerHu_Projekt/FE_Modell/FE-Abaqus-Model/Job-19.odb,Step-163,Increment      6: Step Time =    1.000,"LAGERSITZ_NEU-1",          4430,             4,          7186,      -118.984,       42.7638,      -52.9077,"ASSEMBLY_LAGERSITZ_NEU-1_SET-GEHAEUSE","ALUMINIUM",NA,       353.311,      -1.23988,       305.967,      -176.667,   8.92706E-03,   17.1976E-03,            2.
D:/MoVerHu_Projekt/FE_Modell/FE-Abaqus-Model/Job-19.odb,Step-163,Increment      6: Step Time =    1.000,"LAGERSITZ_NEU-1",          4429,             4,          7186,      -118.984,       42.7638,      -52.9077,"ASSEMBLY_LAGERSITZ_NEU-1_SET-GEHAEUSE","ALUMINIUM",NA,       353.311,      -1.23988,       305.967,      -176.667,   8.92706E-03,   17.1976E-03,            2.
D:/MoVerHu_Projekt/FE_Modell/FE-Abaqus-Model/Job-19.odb,Step-163,Increment      6: Step Time =    1.000,"LAGERSITZ_NEU-1",          4426,             4,          7186,      -118.984,       42.7638,      -52.9077,"ASSEMBLY_LAGERSITZ_NEU-1_SET-GEHAEUSE","ALUMINIUM",NA,       353.311,      -1.23988,       305.967,      -176.667,   8.92706E-03,   17.1976E-03,            2.
D:/MoVerHu_Projekt/FE_Modell/FE-Abaqus-Model/Job-19.odb,Step-163,Increment      6: Step Time =    1.000,"LAGERSITZ_NEU-1",          4430,             4,          7187,      -115.584,       42.7638,      -52.9077,"ASSEMBLY_LAGERSITZ_NEU-1_SET-GEHAEUSE","ALUMINIUM",NA,       415.196,      -1.39748,       359.599,      -207.543,   8.58582E-03,   14.4024E-03,            2.
D:/MoVerHu_Projekt/FE_Modell/FE-Abaqus-Model/Job-19.odb,Step-163,Increment      6: Step Time =    1.000,"LAGERSITZ_NEU-1",          4431,             4,          7187,      -115.584,       42.7638,      -52.9077,"ASSEMBLY_LAGERSITZ_NEU-1_SET-GEHAEUSE","ALUMINIUM",NA,       415.196,      -1.39748,       359.599,      -207.543,   8.58582E-03,   14.4024E-03,            2.
D:/MoVerHu_Projekt/FE_Modell/FE-Abaqus-Model/Job-19.odb,Step-163,Increment      6: Step Time =    1.000,"LAGERSITZ_NEU-1",          4427,             4,          7187,      -115.584,       42.7638,      -52.9077,"ASSEMBLY_LAGERSITZ_NEU-1_SET-GEHAEUSE","ALUMINIUM",NA,       415.196,      -1.39748,       359.599,      -207.543,   8.58582E-03,   14.4024E-03,            2.
D:/MoVerHu_Projekt/FE_Modell/FE-Abaqus-Model/Job-19.odb,Step-163,Increment      6: Step Time =    1.000,"LAGERSITZ_NEU-1",          4428,             4,          7187,      -115.584,       42.7638,      -52.9077,"ASSEMBLY_LAGERSITZ_NEU-1_SET-GEHAEUSE","ALUMINIUM",NA,       415.196,      -1.39748,       359.599,      -207.543,   8.58582E-03,   14.4024E-03,            2.
D:/MoVerHu_Projekt/FE_Modell/FE-Abaqus-Model/Job-19.odb,Step-163,Increment      6: Step Time =    1.000,"LAGERSITZ_NEU-1",          4433,             4,          7188,      -118.984,       44.2190,      -50.1990,"ASSEMBLY_LAGERSITZ_NEU-1_SET-GEHAEUSE","ALUMINIUM",NA,       249.091,  -904.407E-03,       222.504,      -111.970,   83.5487E-03,   69.7464E-03,            2.
D:/MoVerHu_Projekt/FE_Modell/FE-Abaqus-Model/Job-19.odb,Step-163,Increment      6: Step Time =    1.000,"LAGERSITZ_NEU-1",          4430,             4,          7188,      -118.984,       44.2190,      -50.1990,"ASSEMBLY_LAGERSITZ_NEU-1_SET-GEHAEUSE","ALUMINIUM",NA,       249.091,  -904.407E-03,       222.504,      -111.970,   83.5487E-03,   69.7464E-03,            2.
D:/MoVerHu_Projekt/FE_Modell/FE-Abaqus-Model/Job-19.odb,Step-163,Increment      6: Step Time =    1.000,"LAGERSITZ_NEU-1",          4429,             4,          7188,      -118.984,       44.2190,      -50.1990,"ASSEMBLY_LAGERSITZ_NEU-1_SET-GEHAEUSE","ALUMINIUM",NA,       249.091,  -904.407E-03,       222.504,      -111.970,   83.5487E-03,   69.7464E-03,            2.
D:/MoVerHu_Projekt/FE_Modell/FE-Abaqus-Model/Job-19.odb,Step-163,Increment      6: Step Time =    1.000,"LAGERSITZ_NEU-1",          4432,             4,          7188,      -118.984,       44.2190,      -50.1990,"ASSEMBLY_LAGERSITZ_NEU-1_SET-GEHAEUSE","ALUMINIUM",NA,       249.091,  -904.407E-03,       222.504,      -111.970,   83.5487E-03,   69.7464E-03,            2.
D:/MoVerHu_Projekt/FE_Modell/FE-Abaqus-Model/Job-19.odb,Step-163,Increment      6: Step Time =    1.000,"LAGERSITZ_NEU-1",          4433,             4,          7189,      -115.584,       44.2190,      -50.1990,"ASSEMBLY_LAGERSITZ_NEU-1_SET-GEHAEUSE","ALUMINIUM",NA,       312.122,      -1.09376,       278.818,      -140.283,   73.1348E-03,   52.2271E-03,            2.
D:/MoVerHu_Projekt/FE_Modell/FE-Abaqus-Model/Job-19.odb,Step-163,Increment      6: Step Time =    1.000,"LAGERSITZ_NEU-1",          4430,             4,          7189,      -115.584,       44.2190,      -50.1990,"ASSEMBLY_LAGERSITZ_NEU-1_SET-GEHAEUSE","ALUMINIUM",NA,       312.122,      -1.09376,       278.818,      -140.283,   73.1348E-03,   52.2271E-03,            2.
D:/MoVerHu_Projekt/FE_Modell/FE-Abaqus-Model/Job-19.odb,Step-163,Increment      6: Step Time =    1.000,"LAGERSITZ_NEU-1",          4434,             4,          7189,      -115.584,       44.2190,      -50.1990,"ASSEMBLY_LAGERSITZ_NEU-1_SET-GEHAEUSE","ALUMINIUM",NA,       312.122,      -1.09376,       278.818,      -140.283,   73.1348E-03,   52.2271E-03,            2.
D:/MoVerHu_Projekt/FE_Modell/FE-Abaqus-Model/Job-19.odb,Step-163,Increment      6: Step Time =    1.000,"LAGERSITZ_NEU-1",          4431,             4,          7189,      -115.584,       44.2190,      -50.1990,"ASSEMBLY_LAGERSITZ_NEU-1_SET-GEHAEUSE","ALUMINIUM",NA,       312.122,      -1.09376,       278.818,      -140.283,   73.1348E-03,   52.2271E-03,            2.
D:/MoVerHu_Projekt/FE_Modell/FE-Abaqus-Model/Job-19.odb,Step-163,Increment      6: Step Time =    1.000,"LAGERSITZ_NEU-1",          4436,             4,          7190,      -118.984,       45.5206,      -47.4132,"ASSEMBLY_LAGERSITZ_NEU-1_SET-GEHAEUSE","ALUMINIUM",NA,       296.376,      -1.10982,       272.032,      -117.626,   38.4772E-03,   28.1604E-03,            2.
D:/MoVerHu_Projekt/FE_Modell/FE-Abaqus-Model/Job-19.odb,Step-163,Increment      6: Step Time =    1.000,"LAGERSITZ_NEU-1",          4432,             4,          7190,      -118.984,       45.5206,      -47.4132,"ASSEMBLY_LAGERSITZ_NEU-1_SET-GEHAEUSE","ALUMINIUM",NA,       296.376,      -1.10982,       272.032,      -117.626,   38.4772E-03,   28.1604E-03,            2.
D:/MoVerHu_Projekt/FE_Modell/FE-Abaqus-Model/Job-19.odb,Step-163,Increment      6: Step Time =    1.000,"LAGERSITZ_NEU-1",          4435,             4,          7190,      -118.984,       45.5206,      -47.4132,"ASSEMBLY_LAGERSITZ_NEU-1_SET-GEHAEUSE","ALUMINIUM",NA,       296.376,      -1.10982,       272.032,      -117.626,   38.4772E-03,   28.1604E-03,            2.
D:/MoVerHu_Projekt/FE_Modell/FE-Abaqus-Model/Job-19.odb,Step-163,Increment      6: Step Time =    1.000,"LAGERSITZ_NEU-1",          4433,             4,          7190,      -118.984,       45.5206,      -47.4132,"ASSEMBLY_LAGERSITZ_NEU-1_SET-GEHAEUSE","ALUMINIUM",NA,       296.376,      -1.10982,       272.032,      -117.626,   38.4772E-03,   28.1604E-03,            2.
D:/MoVerHu_Projekt/FE_Modell/FE-Abaqus-Model/Job-19.odb,Step-163,Increment      6: Step Time =    1.000,"LAGERSITZ_NEU-1",          4436,             4,          7191,      -115.584,       45.5206,      -47.4132,"ASSEMBLY_LAGERSITZ_NEU-1_SET-GEHAEUSE","ALUMINIUM",NA,       357.221,      -1.29035,       327.826,      -141.899,   27.3922E-03,   19.9657E-03,            2.
D:/MoVerHu_Projekt/FE_Modell/FE-Abaqus-Model/Job-19.odb,Step-163,Increment      6: Step Time =    1.000,"LAGERSITZ_NEU-1",          4434,             4,          7191,      -115.584,       45.5206,      -47.4132,"ASSEMBLY_LAGERSITZ_NEU-1_SET-GEHAEUSE","ALUMINIUM",NA,       357.221,      -1.29035,       327.826,      -141.899,   27.3922E-03,   19.9657E-03,            2.
D:/MoVerHu_Projekt/FE_Modell/FE-Abaqus-Model/Job-19.odb,Step-163,Increment      6: Step Time =    1.000,"LAGERSITZ_NEU-1",          4437,             4,          7191,      -115.584,       45.5206,      -47.4132,"ASSEMBLY_LAGERSITZ_NEU-1_SET-GEHAEUSE","ALUMINIUM",NA,       357.221,      -1.29035,       327.826,      -141.899,   27.3922E-03,   19.9657E-03,            2.
D:/MoVerHu_Projekt/FE_Modell/FE-Abaqus-Model/Job-19.odb,Step-163,Increment      6: Step Time =    1.000,"LAGERSITZ_NEU-1",          4433,             4,          7191,      -115.584,       45.5206,      -47.4132,"ASSEMBLY_LAGERSITZ_NEU-1_SET-GEHAEUSE","ALUMINIUM",NA,       357.221,      -1.29035,       327.826,      -141.899,   27.3922E-03,   19.9657E-03,            2.
D:/MoVerHu_Projekt/FE_Modell/FE-Abaqus-Model/Job-19.odb,Step-163,Increment      6: Step Time =    1.000,"LAGERSITZ_NEU-1",          4438,             4,          7192,      -118.984,       46.6645,      -44.5590,"ASSEMBLY_LAGERSITZ_NEU-1_SET-GEHAEUSE","ALUMINIUM",NA,       334.248,      -1.27869,       313.590,      -115.678,   25.6476E-03,   16.5608E-03,            2.
D:/MoVerHu_Projekt/FE_Modell/FE-Abaqus-Model/Job-19.odb,Step-163,Increment      6: Step Time =    1.000,"LAGERSITZ_NEU-1",          4439,             4,          7192,      -118.984,       46.6645,      -44.5590,"ASSEMBLY_LAGERSITZ_NEU-1_SET-GEHAEUSE","ALUMINIUM",NA,       334.248,      -1.27869,       313.590,      -115.678,   25.6476E-03,   16.5608E-03,            2.
D:/MoVerHu_Projekt/FE_Modell/FE-Abaqus-Model/Job-19.odb,Step-163,Increment      6: Step Time =    1.000,"LAGERSITZ_NEU-1",          4436,             4,          7192,      -118.984,       46.6645,      -44.5590,"ASSEMBLY_LAGERSITZ_NEU-1_SET-GEHAEUSE","ALUMINIUM",NA,       334.248,      -1.27869,       313.590,      -115.678,   25.6476E-03,   16.5608E-03,            2.
D:/MoVerHu_Projekt/FE_Modell/FE-Abaqus-Model/Job-19.odb,Step-163,Increment      6: Step Time =    1.000,"LAGERSITZ_NEU-1",          4435,             4,          7192,      -118.984,       46.6645,      -44.5590,"ASSEMBLY_LAGERSITZ_NEU-1_SET-GEHAEUSE","ALUMINIUM",NA,       334.248,      -1.27869,       313.590,      -115.678,   25.6476E-03,   16.5608E-03,            2.
D:/MoVerHu_Projekt/FE_Modell/FE-Abaqus-Model/Job-19.odb,Step-163,Increment      6: Step Time =    1.000,"LAGERSITZ_NEU-1",          4436,             4,          7193,      -115.584,       46.6645,      -44.5590,"ASSEMBLY_LAGERSITZ_NEU-1_SET-GEHAEUSE","ALUMINIUM",NA,       391.195,      -1.44197,       367.002,      -135.429,   18.7771E-03,   11.9888E-03,            2.
D:/MoVerHu_Projekt/FE_Modell/FE-Abaqus-Model/Job-19.odb,Step-163,Increment      6: Step Time =    1.000,"LAGERSITZ_NEU-1",          4439,             4,          7193,      -115.584,       46.6645,      -44.5590,"ASSEMBLY_LAGERSITZ_NEU-1_SET-GEHAEUSE","ALUMINIUM",NA,       391.195,      -1.44197,       367.002,      -135.429,   18.7771E-03,   11.9888E-03,            2.
D:/MoVerHu_Projekt/FE_Modell/FE-Abaqus-Model/Job-19.odb,Step-163,Increment      6: Step Time =    1.000,"LAGERSITZ_NEU-1",          4440,             4,          7193,      -115.584,       46.6645,      -44.5590,"ASSEMBLY_LAGERSITZ_NEU-1_SET-GEHAEUSE","ALUMINIUM",NA,       391.195,      -1.44197,       367.002,      -135.429,   18.7771E-03,   11.9888E-03,            2.
D:/MoVerHu_Projekt/FE_Modell/FE-Abaqus-Model/Job-19.odb,Step-163,Increment      6: Step Time =    1.000,"LAGERSITZ_NEU-1",          4437,             4,          7193,      -115.584,       46.6645,      -44.5590,"ASSEMBLY_LAGERSITZ_NEU-1_SET-GEHAEUSE","ALUMINIUM",NA,       391.195,      -1.44197,       367.002,      -135.429,   18.7771E-03,   11.9888E-03,            2.
D:/MoVerHu_Projekt/FE_Modell/FE-Abaqus-Model/Job-19.odb,Step-163,Increment      6: Step Time =    1.000,"LAGERSITZ_NEU-1",          4439,             4,          7194,      -118.984,       47.6471,      -41.6453,"ASSEMBLY_LAGERSITZ_NEU-1_SET-GEHAEUSE","ALUMINIUM",NA,       311.661,      -1.20765,       297.930,      -91.4802,   72.2827E-03,   23.5589E-03,            2.
D:/MoVerHu_Projekt/FE_Modell/FE-Abaqus-Model/Job-19.odb,Step-163,Increment      6: Step Time =    1.000,"LAGERSITZ_NEU-1",          4441,             4,          7194,      -118.984,       47.6471,      -41.6453,"ASSEMBLY_LAGERSITZ_NEU-1_SET-GEHAEUSE","ALUMINIUM",NA,       311.661,      -1.20765,       297.930,      -91.4802,   72.2827E-03,   23.5589E-03,            2.
D:/MoVerHu_Projekt/FE_Modell/FE-Abaqus-Model/Job-19.odb,Step-163,Increment      6: Step Time =    1.000,"LAGERSITZ_NEU-1",          4442,             4,          7194,      -118.984,       47.6471,      -41.6453,"ASSEMBLY_LAGERSITZ_NEU-1_SET-GEHAEUSE","ALUMINIUM",NA,       311.661,      -1.20765,       297.930,      -91.4802,   72.2827E-03,   23.5589E-03,            2.
D:/MoVerHu_Projekt/FE_Modell/FE-Abaqus-Model/Job-19.odb,Step-163,Increment      6: Step Time =    1.000,"LAGERSITZ_NEU-1",          4438,             4,          7194,      -118.984,       47.6471,      -41.6453,"ASSEMBLY_LAGERSITZ_NEU-1_SET-GEHAEUSE","ALUMINIUM",NA,       311.661,      -1.20765,       297.930,      -91.4802,   72.2827E-03,   23.5589E-03,            2.
D:/MoVerHu_Projekt/FE_Modell/FE-Abaqus-Model/Job-19.odb,Step-163,Increment      6: Step Time =    1.000,"LAGERSITZ_NEU-1",          4442,             4,          7195,      -115.584,       47.6471,      -41.6453,"ASSEMBLY_LAGERSITZ_NEU-1_SET-GEHAEUSE","ALUMINIUM",NA,       367.360,      -1.37332,       351.185,      -107.802,   39.8747E-03,   16.8983E-03,            2.
D:/MoVerHu_Projekt/FE_Modell/FE-Abaqus-Model/Job-19.odb,Step-163,Increment      6: Step Time =    1.000,"LAGERSITZ_NEU-1",          4439,             4,          7195,      -115.584,       47.6471,      -41.6453,"ASSEMBLY_LAGERSITZ_NEU-1_SET-GEHAEUSE","ALUMINIUM",NA,       367.360,      -1.37332,       351.185,      -107.802,   39.8747E-03,   16.8983E-03,            2.
D:/MoVerHu_Projekt/FE_Modell/FE-Abaqus-Model/Job-19.odb,Step-163,Increment      6: Step Time =    1.000,"LAGERSITZ_NEU-1",          4443,             4,          7195,      -115.584,       47.6471,      -41.6453,"ASSEMBLY_LAGERSITZ_NEU-1_SET-GEHAEUSE","ALUMINIUM",NA,       367.360,      -1.37332,       351.185,      -107.802,   39.8747E-03,   16.8983E-03,            2.
D:/MoVerHu_Projekt/FE_Modell/FE-Abaqus-Model/Job-19.odb,Step-163,Increment      6: Step Time =    1.000,"LAGERSITZ_NEU-1",          4440,             4,          7195,      -115.584,       47.6471,      -41.6453,"ASSEMBLY_LAGERSITZ_NEU-1_SET-GEHAEUSE","ALUMINIUM",NA,       367.360,      -1.37332,       351.185,      -107.802,   39.8747E-03,   16.8983E-03,            2.
D:/MoVerHu_Projekt/FE_Modell/FE-Abaqus-Model/Job-19.odb,Step-163,Increment      6: Step Time =    1.000,"LAGERSITZ_NEU-1",          4445,             4,          7204,      -118.984,       49.0336,      -36.1090,"ASSEMBLY_LAGERSITZ_NEU-1_SET-GEHAEUSE","ALUMINIUM",NA,       290.372,      -1.13952,       284.972,      -55.7281,   117.987E-03,   4.27978E-03,            2.
D:/MoVerHu_Projekt/FE_Modell/FE-Abaqus-Model/Job-19.odb,Step-163,Increment      6: Step Time =    1.000,"LAGERSITZ_NEU-1",          4447,             4,          7204,      -118.984,       49.0336,      -36.1090,"ASSEMBLY_LAGERSITZ_NEU-1_SET-GEHAEUSE","ALUMINIUM",NA,       290.372,      -1.13952,       284.972,      -55.7281,   117.987E-03,   4.27978E-03,            2.
D:/MoVerHu_Projekt/FE_Modell/FE-Abaqus-Model/Job-19.odb,Step-163,Increment      6: Step Time =    1.000,"LAGERSITZ_NEU-1",          4444,             4,          7204,      -118.984,       49.0336,      -36.1090,"ASSEMBLY_LAGERSITZ_NEU-1_SET-GEHAEUSE","ALUMINIUM",NA,       290.372,      -1.13952,       284.972,      -55.7281,   117.987E-03,   4.27978E-03,            2.
D:/MoVerHu_Projekt/FE_Modell/FE-Abaqus-Model/Job-19.odb,Step-163,Increment      6: Step Time =    1.000,"LAGERSITZ_NEU-1",          4448,             4,          7204,      -118.984,       49.0336,      -36.1090,"ASSEMBLY_LAGERSITZ_NEU-1_SET-GEHAEUSE","ALUMINIUM",NA,       290.372,      -1.13952,       284.972,      -55.7281,   117.987E-03,   4.27978E-03,            2.
D:/MoVerHu_Projekt/FE_Modell/FE-Abaqus-Model/Job-19.odb,Step-163,Increment      6: Step Time =    1.000,"LAGERSITZ_NEU-1",          4448,             4,          7205,      -115.584,       49.0336,      -36.1090,"ASSEMBLY_LAGERSITZ_NEU-1_SET-GEHAEUSE","ALUMINIUM",NA,       350.636,      -1.32334,       344.128,      -67.2280,   79.1474E-03,   12.4289E-03,            2.
D:/MoVerHu_Projekt/FE_Modell/FE-Abaqus-Model/Job-19.odb,Step-163,Increment      6: Step Time =    1.000,"LAGERSITZ_NEU-1",          4445,             4,          7205,      -115.584,       49.0336,      -36.1090,"ASSEMBLY_LAGERSITZ_NEU-1_SET-GEHAEUSE","ALUMINIUM",NA,       350.636,      -1.32334,       344.128,      -67.2280,   79.1474E-03,   12.4289E-03,            2.
D:/MoVerHu_Projekt/FE_Modell/FE-Abaqus-Model/Job-19.odb,Step-163,Increment      6: Step Time =    1.000,"LAGERSITZ_NEU-1",          4449,             4,          7205,      -115.584,       49.0336,      -36.1090,"ASSEMBLY_LAGERSITZ_NEU-1_SET-GEHAEUSE","ALUMINIUM",NA,       350.636,      -1.32334,       344.128,      -67.2280,   79.1474E-03,   12.4289E-03,            2.
D:/MoVerHu_Projekt/FE_Modell/FE-Abaqus-Model/Job-19.odb,Step-163,Increment      6: Step Time =    1.000,"LAGERSITZ_NEU-1",          4446,             4,          7205,      -115.584,       49.0336,      -36.1090,"ASSEMBLY_LAGERSITZ_NEU-1_SET-GEHAEUSE","ALUMINIUM",NA,       350.636,      -1.32334,       344.128,      -67.2280,   79.1474E-03,   12.4289E-03,            2.
D:/MoVerHu_Projekt/FE_Modell/FE-Abaqus-Model/Job-19.odb,Step-163,Increment      6: Step Time =    1.000,"LAGERSITZ_NEU-1",          4451,             4,          7206,      -118.984,       49.4780,      -33.5125,"ASSEMBLY_LAGERSITZ_NEU-1_SET-GEHAEUSE","ALUMINIUM",NA,       274.236,      -1.07308,       271.297,      -40.0243,   124.025E-03,  -8.25884E-03,            2.
D:/MoVerHu_Projekt/FE_Modell/FE-Abaqus-Model/Job-19.odb,Step-163,Increment      6: Step Time =    1.000,"LAGERSITZ_NEU-1",          4448,             4,          7206,      -118.984,       49.4780,      -33.5125,"ASSEMBLY_LAGERSITZ_NEU-1_SET-GEHAEUSE","ALUMINIUM",NA,       274.236,      -1.07308,       271.297,      -40.0243,   124.025E-03,  -8.25884E-03,            2.
D:/MoVerHu_Projekt/FE_Modell/FE-Abaqus-Model/Job-19.odb,Step-163,Increment      6: Step Time =    1.000,"LAGERSITZ_NEU-1",          4447,             4,          7206,      -118.984,       49.4780,      -33.5125,"ASSEMBLY_LAGERSITZ_NEU-1_SET-GEHAEUSE","ALUMINIUM",NA,       274.236,      -1.07308,       271.297,      -40.0243,   124.025E-03,  -8.25884E-03,            2.
D:/MoVerHu_Projekt/FE_Modell/FE-Abaqus-Model/Job-19.odb,Step-163,Increment      6: Step Time =    1.000,"LAGERSITZ_NEU-1",          4450,             4,          7206,      -118.984,       49.4780,      -33.5125,"ASSEMBLY_LAGERSITZ_NEU-1_SET-GEHAEUSE","ALUMINIUM",NA,       274.236,      -1.07308,       271.297,      -40.0243,   124.025E-03,  -8.25884E-03,            2.
D:/MoVerHu_Projekt/FE_Modell/FE-Abaqus-Model/Job-19.odb,Step-163,Increment      6: Step Time =    1.000,"LAGERSITZ_NEU-1",          4449,             4,          7207,      -115.584,       49.4780,      -33.5125,"ASSEMBLY_LAGERSITZ_NEU-1_SET-GEHAEUSE","ALUMINIUM",NA,       352.439,      -1.32721,       348.690,      -51.2515,   114.177E-03,   1.90197E-03,            2.
D:/MoVerHu_Projekt/FE_Modell/FE-Abaqus-Model/Job-19.odb,Step-163,Increment      6: Step Time =    1.000,"LAGERSITZ_NEU-1",          4448,             4,          7207,      -115.584,       49.4780,      -33.5125,"ASSEMBLY_LAGERSITZ_NEU-1_SET-GEHAEUSE","ALUMINIUM",NA,       352.439,      -1.32721,       348.690,      -51.2515,   114.177E-03,   1.90197E-03,            2.
D:/MoVerHu_Projekt/FE_Modell/FE-Abaqus-Model/Job-19.odb,Step-163,Increment      6: Step Time =    1.000,"LAGERSITZ_NEU-1",          4451,             4,          7207,      -115.584,       49.4780,      -33.5125,"ASSEMBLY_LAGERSITZ_NEU-1_SET-GEHAEUSE","ALUMINIUM",NA,       352.439,      -1.32721,       348.690,      -51.2515,   114.177E-03,   1.90197E-03,            2.
D:/MoVerHu_Projekt/FE_Modell/FE-Abaqus-Model/Job-19.odb,Step-163,Increment      6: Step Time =    1.000,"LAGERSITZ_NEU-1",          4452,             4,          7207,      -115.584,       49.4780,      -33.5125,"ASSEMBLY_LAGERSITZ_NEU-1_SET-GEHAEUSE","ALUMINIUM",NA,       352.439,      -1.32721,       348.690,      -51.2515,   114.177E-03,   1.90197E-03,            2.
D:/MoVerHu_Projekt/FE_Modell/FE-Abaqus-Model/Job-19.odb,Step-163,Increment      6: Step Time =    1.000,"LAGERSITZ_NEU-1",          4450,             4,          7208,      -118.984,       49.7977,      -30.8977,"ASSEMBLY_LAGERSITZ_NEU-1_SET-GEHAEUSE","ALUMINIUM",NA,       187.996,  -728.683E-03,       187.043,      -18.8902,   124.082E-03,  -24.0070E-03,            2.
D:/MoVerHu_Projekt/FE_Modell/FE-Abaqus-Model/Job-19.odb,Step-163,Increment      6: Step Time =    1.000,"LAGERSITZ_NEU-1",          4454,             4,          7208,      -118.984,       49.7977,      -30.8977,"ASSEMBLY_LAGERSITZ_NEU-1_SET-GEHAEUSE","ALUMINIUM",NA,       187.996,  -728.683E-03,       187.043,      -18.8902,   124.082E-03,  -24.0070E-03,            2.
D:/MoVerHu_Projekt/FE_Modell/FE-Abaqus-Model/Job-19.odb,Step-163,Increment      6: Step Time =    1.000,"LAGERSITZ_NEU-1",          4451,             4,          7208,      -118.984,       49.7977,      -30.8977,"ASSEMBLY_LAGERSITZ_NEU-1_SET-GEHAEUSE","ALUMINIUM",NA,       187.996,  -728.683E-03,       187.043,      -18.8902,   124.082E-03,  -24.0070E-03,            2.
D:/MoVerHu_Projekt/FE_Modell/FE-Abaqus-Model/Job-19.odb,Step-163,Increment      6: Step Time =    1.000,"LAGERSITZ_NEU-1",          4453,             4,          7208,      -118.984,       49.7977,      -30.8977,"ASSEMBLY_LAGERSITZ_NEU-1_SET-GEHAEUSE","ALUMINIUM",NA,       187.996,  -728.683E-03,       187.043,      -18.8902,   124.082E-03,  -24.0070E-03,            2.
D:/MoVerHu_Projekt/FE_Modell/FE-Abaqus-Model/Job-19.odb,Step-163,Increment      6: Step Time =    1.000,"LAGERSITZ_NEU-1",          4455,             4,          7209,      -115.584,       49.7977,      -30.8977,"ASSEMBLY_LAGERSITZ_NEU-1_SET-GEHAEUSE","ALUMINIUM",NA,       274.690,      -1.03204,       273.324,      -27.3325,   135.246E-03,  -14.9035E-03,            2.
D:/MoVerHu_Projekt/FE_Modell/FE-Abaqus-Model/Job-19.odb,Step-163,Increment      6: Step Time =    1.000,"LAGERSITZ_NEU-1",          4452,             4,          7209,      -115.584,       49.7977,      -30.8977,"ASSEMBLY_LAGERSITZ_NEU-1_SET-GEHAEUSE","ALUMINIUM",NA,       274.690,      -1.03204,       273.324,      -27.3325,   135.246E-03,  -14.9035E-03,            2.
D:/MoVerHu_Projekt/FE_Modell/FE-Abaqus-Model/Job-19.odb,Step-163,Increment      6: Step Time =    1.000,"LAGERSITZ_NEU-1",          4454,             4,          7209,      -115.584,       49.7977,      -30.8977,"ASSEMBLY_LAGERSITZ_NEU-1_SET-GEHAEUSE","ALUMINIUM",NA,       274.690,      -1.03204,       273.324,      -27.3325,   135.246E-03,  -14.9035E-03,            2.
D:/MoVerHu_Projekt/FE_Modell/FE-Abaqus-Model/Job-19.odb,Step-163,Increment      6: Step Time =    1.000,"LAGERSITZ_NEU-1",          4451,             4,          7209,      -115.584,       49.7977,      -30.8977,"ASSEMBLY_LAGERSITZ_NEU-1_SET-GEHAEUSE","ALUMINIUM",NA,       274.690,      -1.03204,       273.324,      -27.3325,   135.246E-03,  -14.9035E-03,            2.
D:/MoVerHu_Projekt/FE_Modell/FE-Abaqus-Model/Job-19.odb,Step-163,Increment      6: Step Time =    1.000,"LAGERSITZ_NEU-1",          4456,             4,          7210,      -118.984,       49.9917,      -28.2706,"ASSEMBLY_LAGERSITZ_NEU-1_SET-GEHAEUSE","ALUMINIUM",NA,       102.490,  -388.875E-03,       102.364,      -5.05604,   71.5265E-03,  -24.8983E-03,            2.
D:/MoVerHu_Projekt/FE_Modell/FE-Abaqus-Model/Job-19.odb,Step-163,Increment      6: Step Time =    1.000,"LAGERSITZ_NEU-1",          4454,             4,          7210,      -118.984,       49.9917,      -28.2706,"ASSEMBLY_LAGERSITZ_NEU-1_SET-GEHAEUSE","ALUMINIUM",NA,       102.490,  -388.875E-03,       102.364,      -5.05604,   71.5265E-03,  -24.8983E-03,            2.
D:/MoVerHu_Projekt/FE_Modell/FE-Abaqus-Model/Job-19.odb,Step-163,Increment      6: Step Time =    1.000,"LAGERSITZ_NEU-1",          4453,             4,          7210,      -118.984,       49.9917,      -28.2706,"ASSEMBLY_LAGERSITZ_NEU-1_SET-GEHAEUSE","ALUMINIUM",NA,       102.490,  -388.875E-03,       102.364,      -5.05604,   71.5265E-03,  -24.8983E-03,            2.
D:/MoVerHu_Projekt/FE_Modell/FE-Abaqus-Model/Job-19.odb,Step-163,Increment      6: Step Time =    1.000,"LAGERSITZ_NEU-1",          4457,             4,          7210,      -118.984,       49.9917,      -28.2706,"ASSEMBLY_LAGERSITZ_NEU-1_SET-GEHAEUSE","ALUMINIUM",NA,       102.490,  -388.875E-03,       102.364,      -5.05604,   71.5265E-03,  -24.8983E-03,            2.
D:/MoVerHu_Projekt/FE_Modell/FE-Abaqus-Model/Job-19.odb,Step-163,Increment      6: Step Time =    1.000,"LAGERSITZ_NEU-1",          4454,             4,          7211,      -115.584,       49.9917,      -28.2706,"ASSEMBLY_LAGERSITZ_NEU-1_SET-GEHAEUSE","ALUMINIUM",NA,       175.389,  -651.040E-03,       175.171,      -8.71310,   95.2711E-03,  -21.7673E-03,            2.
D:/MoVerHu_Projekt/FE_Modell/FE-Abaqus-Model/Job-19.odb,Step-163,Increment      6: Step Time =    1.000,"LAGERSITZ_NEU-1",          4455,             4,          7211,      -115.584,       49.9917,      -28.2706,"ASSEMBLY_LAGERSITZ_NEU-1_SET-GEHAEUSE","ALUMINIUM",NA,       175.389,  -651.040E-03,       175.171,      -8.71310,   95.2711E-03,  -21.7673E-03,            2.
D:/MoVerHu_Projekt/FE_Modell/FE-Abaqus-Model/Job-19.odb,Step-163,Increment      6: Step Time =    1.000,"LAGERSITZ_NEU-1",          4458,             4,          7211,      -115.584,       49.9917,      -28.2706,"ASSEMBLY_LAGERSITZ_NEU-1_SET-GEHAEUSE","ALUMINIUM",NA,       175.389,  -651.040E-03,       175.171,      -8.71310,   95.2711E-03,  -21.7673E-03,            2.
D:/MoVerHu_Projekt/FE_Modell/FE-Abaqus-Model/Job-19.odb,Step-163,Increment      6: Step Time =    1.000,"LAGERSITZ_NEU-1",          4457,             4,          7211,      -115.584,       49.9917,      -28.2706,"ASSEMBLY_LAGERSITZ_NEU-1_SET-GEHAEUSE","ALUMINIUM",NA,       175.389,  -651.040E-03,       175.171,      -8.71310,   95.2711E-03,  -21.7673E-03,            2.
D:/MoVerHu_Projekt/FE_Modell/FE-Abaqus-Model/Job-19.odb,Step-163,Increment      6: Step Time =    1.000,"LAGERSITZ_NEU-1",         12773,             6,         12533,      -109.184,      -59.8477,      -28.7214,"ASSEMBLY_LAGERSITZ_NEU-1_SET-GEHAEUSE","ALUMINIUM",NA,            0.,            0.,            0.,            0.,  -2.50862E-15,  -1.30432E-15,       NoValue
D:/MoVerHu_Projekt/FE_Modell/FE-Abaqus-Model/Job-19.odb,Step-163,Increment      6: Step Time =    1.000,"LAGERSITZ_NEU-1",         12779,             6,         12533,      -109.184,      -59.8477,      -28.7214,"ASSEMBLY_LAGERSITZ_NEU-1_SET-GEHAEUSE","ALUMINIUM",NA,            0.,            0.,            0.,            0.,  -2.50862E-15,  -1.30432E-15,       NoValue
D:/MoVerHu_Projekt/FE_Modell/FE-Abaqus-Model/Job-19.odb,Step-163,Increment      6: Step Time =    1.000,"LAGERSITZ_NEU-1",         12778,             6,         12533,      -109.184,      -59.8477,      -28.7214,"ASSEMBLY_LAGERSITZ_NEU-1_SET-GEHAEUSE","ALUMINIUM",NA,            0.,            0.,            0.,            0.,  -2.50862E-15,  -1.30432E-15,       NoValue
D:/MoVerHu_Projekt/FE_Modell/FE-Abaqus-Model/Job-19.odb,Step-163,Increment      6: Step Time =    1.000,"LAGERSITZ_NEU-1",         12774,             6,         12533,      -109.184,      -59.8477,      -28.7214,"ASSEMBLY_LAGERSITZ_NEU-1_SET-GEHAEUSE","ALUMINIUM",NA,            0.,            0.,            0.,            0.,  -2.50862E-15,  -1.30432E-15,       NoValue
D:/MoVerHu_Projekt/FE_Modell/FE-Abaqus-Model/Job-19.odb,Step-163,Increment      6: Step Time =    1.000,"LAGERSITZ_NEU-1",         12774,             6,         12534,      -106.184,      -59.8477,      -28.7214,"ASSEMBLY_LAGERSITZ_NEU-1_SET-GEHAEUSE","ALUMINIUM",NA,            0.,            0.,            0.,            0.,  -312.084E-18,  -606.650E-18,       NoValue
D:/MoVerHu_Projekt/FE_Modell/FE-Abaqus-Model/Job-19.odb,Step-163,Increment      6: Step Time =    1.000,"LAGERSITZ_NEU-1",         12780,             6,         12534,      -106.184,      -59.8477,      -28.7214,"ASSEMBLY_LAGERSITZ_NEU-1_SET-GEHAEUSE","ALUMINIUM",NA,            0.,            0.,            0.,            0.,  -312.084E-18,  -606.650E-18,       NoValue
D:/MoVerHu_Projekt/FE_Modell/FE-Abaqus-Model/Job-19.odb,Step-163,Increment      6: Step Time =    1.000,"LAGERSITZ_NEU-1",         12775,             6,         12534,      -106.184,      -59.8477,      -28.7214,"ASSEMBLY_LAGERSITZ_NEU-1_SET-GEHAEUSE","ALUMINIUM",NA,            0.,            0.,            0.,            0.,  -312.084E-18,  -606.650E-18,       NoValue
D:/MoVerHu_Projekt/FE_Modell/FE-Abaqus-Model/Job-19.odb,Step-163,Increment      6: Step Time =    1.000,"LAGERSITZ_NEU-1",         12779,             6,         12534,      -106.184,      -59.8477,      -28.7214,"ASSEMBLY_LAGERSITZ_NEU-1_SET-GEHAEUSE","ALUMINIUM",NA,            0.,            0.,            0.,            0.,  -312.084E-18,  -606.650E-18,       NoValue
D:/MoVerHu_Projekt/FE_Modell/FE-Abaqus-Model/Job-19.odb,Step-163,Increment      6: Step Time =    1.000,"LAGERSITZ_NEU-1",         12775,             6,         12535,      -103.184,      -59.8477,      -28.7214,"ASSEMBLY_LAGERSITZ_NEU-1_SET-GEHAEUSE","ALUMINIUM",NA,            0.,            0.,            0.,            0.,  -252.285E-18,  -1.40003E-15,       NoValue
D:/MoVerHu_Projekt/FE_Modell/FE-Abaqus-Model/Job-19.odb,Step-163,Increment      6: Step Time =    1.000,"LAGERSITZ_NEU-1",         12780,             6,         12535,      -103.184,      -59.8477,      -28.7214,"ASSEMBLY_LAGERSITZ_NEU-1_SET-GEHAEUSE","ALUMINIUM",NA,            0.,            0.,            0.,            0.,  -252.285E-18,  -1.40003E-15,       NoValue
D:/MoVerHu_Projekt/FE_Modell/FE-Abaqus-Model/Job-19.odb,Step-163,Increment      6: Step Time =    1.000,"LAGERSITZ_NEU-1",         12776,             6,         12535,      -103.184,      -59.8477,      -28.7214,"ASSEMBLY_LAGERSITZ_NEU-1_SET-GEHAEUSE","ALUMINIUM",NA,            0.,            0.,            0.,            0.,  -252.285E-18,  -1.40003E-15,       NoValue
D:/MoVerHu_Projekt/FE_Modell/FE-Abaqus-Model/Job-19.odb,Step-163,Increment      6: Step Time =    1.000,"LAGERSITZ_NEU-1",         12781,             6,         12535,      -103.184,      -59.8477,      -28.7214,"ASSEMBLY_LAGERSITZ_NEU-1_SET-GEHAEUSE","ALUMINIUM",NA,            0.,            0.,            0.,            0.,  -252.285E-18,  -1.40003E-15,       NoValue
D:/MoVerHu_Projekt/FE_Modell/FE-Abaqus-Model/Job-19.odb,Step-163,Increment      6: Step Time =    1.000,"LAGERSITZ_NEU-1",         12782,             6,         12536,      -100.184,      -59.8477,      -28.7214,"ASSEMBLY_LAGERSITZ_NEU-1_SET-GEHAEUSE","ALUMINIUM",NA,       12.5532,  -8.67995E-03,      -12.5234,  -864.805E-03,   61.4222E-03,  -14.6567E-03,       NoValue
D:/MoVerHu_Projekt/FE_Modell/FE-Abaqus-Model/Job-19.odb,Step-163,Increment      6: Step Time =    1.000,"LAGERSITZ_NEU-1",         12777,             6,         12536,      -100.184,      -59.8477,      -28.7214,"ASSEMBLY_LAGERSITZ_NEU-1_SET-GEHAEUSE","ALUMINIUM",NA,       12.5532,  -8.67995E-03,      -12.5234,  -864.805E-03,   61.4222E-03,  -14.6567E-03,       NoValue
D:/MoVerHu_Projekt/FE_Modell/FE-Abaqus-Model/Job-19.odb,Step-163,Increment      6: Step Time =    1.000,"LAGERSITZ_NEU-1",         12776,             6,         12536,      -100.184,      -59.8477,      -28.7214,"ASSEMBLY_LAGERSITZ_NEU-1_SET-GEHAEUSE","ALUMINIUM",NA,       12.5532,  -8.67995E-03,      -12.5234,  -864.805E-03,   61.4222E-03,  -14.6567E-03,       NoValue
D:/MoVerHu_Projekt/FE_Modell/FE-Abaqus-Model/Job-19.odb,Step-163,Increment      6: Step Time =    1.000,"LAGERSITZ_NEU-1",         12781,             6,         12536,      -100.184,      -59.8477,      -28.7214,"ASSEMBLY_LAGERSITZ_NEU-1_SET-GEHAEUSE","ALUMINIUM",NA,       12.5532,  -8.67995E-03,      -12.5234,  -864.805E-03,   61.4222E-03,  -14.6567E-03,       NoValue
D:/MoVerHu_Projekt/FE_Modell/FE-Abaqus-Model/Job-19.odb,Step-163,Increment      6: Step Time =    1.000,"LAGERSITZ_NEU-1",         12779,             6,         12537,      -109.184,      -59.5585,      -32.0013,"ASSEMBLY_LAGERSITZ_NEU-1_SET-GEHAEUSE","ALUMINIUM",NA,            0.,            0.,            0.,            0.,   1.47238E-15,   976.100E-18,       NoValue
D:/MoVerHu_Projekt/FE_Modell/FE-Abaqus-Model/Job-19.odb,Step-163,Increment      6: Step Time =    1.000,"LAGERSITZ_NEU-1",         12784,             6,         12537,      -109.184,      -59.5585,      -32.0013,"ASSEMBLY_LAGERSITZ_NEU-1_SET-GEHAEUSE","ALUMINIUM",NA,            0.,            0.,            0.,            0.,   1.47238E-15,   976.100E-18,       NoValue
D:/MoVerHu_Projekt/FE_Modell/FE-Abaqus-Model/Job-19.odb,Step-163,Increment      6: Step Time =    1.000,"LAGERSITZ_NEU-1",         12778,             6,         12537,      -109.184,      -59.5585,      -32.0013,"ASSEMBLY_LAGERSITZ_NEU-1_SET-GEHAEUSE","ALUMINIUM",NA,            0.,            0.,            0.,            0.,   1.47238E-15,   976.100E-18,       NoValue
D:/MoVerHu_Projekt/FE_Modell/FE-Abaqus-Model/Job-19.odb,Step-163,Increment      6: Step Time =    1.000,"LAGERSITZ_NEU-1",         12783,             6,         12537,      -109.184,      -59.5585,      -32.0013,"ASSEMBLY_LAGERSITZ_NEU-1_SET-GEHAEUSE","ALUMINIUM",NA,            0.,            0.,            0.,            0.,   1.47238E-15,   976.100E-18,       NoValue
D:/MoVerHu_Projekt/FE_Modell/FE-Abaqus-Model/Job-19.odb,Step-163,Increment      6: Step Time =    1.000,"LAGERSITZ_NEU-1",         12784,             6,         12538,      -106.184,      -59.5585,      -32.0013,"ASSEMBLY_LAGERSITZ_NEU-1_SET-GEHAEUSE","ALUMINIUM",NA,            0.,            0.,            0.,            0.,   1.59701E-03,  -3.70483E-03,       NoValue
D:/MoVerHu_Projekt/FE_Modell/FE-Abaqus-Model/Job-19.odb,Step-163,Increment      6: Step Time =    1.000,"LAGERSITZ_NEU-1",         12780,             6,         12538,      -106.184,      -59.5585,      -32.0013,"ASSEMBLY_LAGERSITZ_NEU-1_SET-GEHAEUSE","ALUMINIUM",NA,            0.,            0.,            0.,            0.,   1.59701E-03,  -3.70483E-03,       NoValue
D:/MoVerHu_Projekt/FE_Modell/FE-Abaqus-Model/Job-19.odb,Step-163,Increment      6: Step Time =    1.000,"LAGERSITZ_NEU-1",         12785,             6,         12538,      -106.184,      -59.5585,      -32.0013,"ASSEMBLY_LAGERSITZ_NEU-1_SET-GEHAEUSE","ALUMINIUM",NA,            0.,            0.,            0.,            0.,   1.59701E-03,  -3.70483E-03,       NoValue
D:/MoVerHu_Projekt/FE_Modell/FE-Abaqus-Model/Job-19.odb,Step-163,Increment      6: Step Time =    1.000,"LAGERSITZ_NEU-1",         12779,             6,         12538,      -106.184,      -59.5585,      -32.0013,"ASSEMBLY_LAGERSITZ_NEU-1_SET-GEHAEUSE","ALUMINIUM",NA,            0.,            0.,            0.,            0.,   1.59701E-03,  -3.70483E-03,       NoValue
D:/MoVerHu_Projekt/FE_Modell/FE-Abaqus-Model/Job-19.odb,Step-163,Increment      6: Step Time =    1.000,"LAGERSITZ_NEU-1",         12780,             6,         12539,      -103.184,      -59.5585,      -32.0013,"ASSEMBLY_LAGERSITZ_NEU-1_SET-GEHAEUSE","ALUMINIUM",NA,            0.,            0.,            0.,            0.,   6.21760E-03,  -8.84450E-03,       NoValue
D:/MoVerHu_Projekt/FE_Modell/FE-Abaqus-Model/Job-19.odb,Step-163,Increment      6: Step Time =    1.000,"LAGERSITZ_NEU-1",         12781,             6,         12539,      -103.184,      -59.5585,      -32.0013,"ASSEMBLY_LAGERSITZ_NEU-1_SET-GEHAEUSE","ALUMINIUM",NA,            0.,            0.,            0.,            0.,   6.21760E-03,  -8.84450E-03,       NoValue
D:/MoVerHu_Projekt/FE_Modell/FE-Abaqus-Model/Job-19.odb,Step-163,Increment      6: Step Time =    1.000,"LAGERSITZ_NEU-1",         12785,             6,         12539,      -103.184,      -59.5585,      -32.0013,"ASSEMBLY_LAGERSITZ_NEU-1_SET-GEHAEUSE","ALUMINIUM",NA,            0.,            0.,            0.,            0.,   6.21760E-03,  -8.84450E-03,       NoValue
D:/MoVerHu_Projekt/FE_Modell/FE-Abaqus-Model/Job-19.odb,Step-163,Increment      6: Step Time =    1.000,"LAGERSITZ_NEU-1",         12786,             6,         12539,      -103.184,      -59.5585,      -32.0013,"ASSEMBLY_LAGERSITZ_NEU-1_SET-GEHAEUSE","ALUMINIUM",NA,            0.,            0.,            0.,            0.,   6.21760E-03,  -8.84450E-03,       NoValue
D:/MoVerHu_Projekt/FE_Modell/FE-Abaqus-Model/Job-19.odb,Step-163,Increment      6: Step Time =    1.000,"LAGERSITZ_NEU-1",         12781,             6,         12540,      -100.184,      -59.5585,      -32.0013,"ASSEMBLY_LAGERSITZ_NEU-1_SET-GEHAEUSE","ALUMINIUM",NA,       29.7440,  -41.0003E-03,      -29.5414,      -3.46548,   74.1966E-03,  -18.9262E-03,       NoValue
D:/MoVerHu_Projekt/FE_Modell/FE-Abaqus-Model/Job-19.odb,Step-163,Increment      6: Step Time =    1.000,"LAGERSITZ_NEU-1",         12782,             6,         12540,      -100.184,      -59.5585,      -32.0013,"ASSEMBLY_LAGERSITZ_NEU-1_SET-GEHAEUSE","ALUMINIUM",NA,       29.7440,  -41.0003E-03,      -29.5414,      -3.46548,   74.1966E-03,  -18.9262E-03,       NoValue
D:/MoVerHu_Projekt/FE_Modell/FE-Abaqus-Model/Job-19.odb,Step-163,Increment      6: Step Time =    1.000,"LAGERSITZ_NEU-1",         12787,             6,         12540,      -100.184,      -59.5585,      -32.0013,"ASSEMBLY_LAGERSITZ_NEU-1_SET-GEHAEUSE","ALUMINIUM",NA,       29.7440,  -41.0003E-03,      -29.5414,      -3.46548,   74.1966E-03,  -18.9262E-03,       NoValue
D:/MoVerHu_Projekt/FE_Modell/FE-Abaqus-Model/Job-19.odb,Step-163,Increment      6: Step Time =    1.000,"LAGERSITZ_NEU-1",         12786,             6,         12540,      -100.184,      -59.5585,      -32.0013,"ASSEMBLY_LAGERSITZ_NEU-1_SET-GEHAEUSE","ALUMINIUM",NA,       29.7440,  -41.0003E-03,      -29.5414,      -3.46548,   74.1966E-03,  -18.9262E-03,       NoValue
D:/MoVerHu_Projekt/FE_Modell/FE-Abaqus-Model/Job-19.odb,Step-163,Increment      6: Step Time =    1.000,"LAGERSITZ_NEU-1",         12783,             6,         12541,      -109.184,      -59.0736,      -35.2581,"ASSEMBLY_LAGERSITZ_NEU-1_SET-GEHAEUSE","ALUMINIUM",NA,            0.,            0.,            0.,            0.,  -1.17858E-15,   1.84648E-15,       NoValue
D:/MoVerHu_Projekt/FE_Modell/FE-Abaqus-Model/Job-19.odb,Step-163,Increment      6: Step Time =    1.000,"LAGERSITZ_NEU-1",         12784,             6,         12541,      -109.184,      -59.0736,      -35.2581,"ASSEMBLY_LAGERSITZ_NEU-1_SET-GEHAEUSE","ALUMINIUM",NA,            0.,            0.,            0.,            0.,  -1.17858E-15,   1.84648E-15,       NoValue
D:/MoVerHu_Projekt/FE_Modell/FE-Abaqus-Model/Job-19.odb,Step-163,Increment      6: Step Time =    1.000,"LAGERSITZ_NEU-1",         12789,             6,         12541,      -109.184,      -59.0736,      -35.2581,"ASSEMBLY_LAGERSITZ_NEU-1_SET-GEHAEUSE","ALUMINIUM",NA,            0.,            0.,            0.,            0.,  -1.17858E-15,   1.84648E-15,       NoValue
D:/MoVerHu_Projekt/FE_Modell/FE-Abaqus-Model/Job-19.odb,Step-163,Increment      6: Step Time =    1.000,"LAGERSITZ_NEU-1",         12788,             6,         12541,      -109.184,      -59.0736,      -35.2581,"ASSEMBLY_LAGERSITZ_NEU-1_SET-GEHAEUSE","ALUMINIUM",NA,            0.,            0.,            0.,            0.,  -1.17858E-15,   1.84648E-15,       NoValue
D:/MoVerHu_Projekt/FE_Modell/FE-Abaqus-Model/Job-19.odb,Step-163,Increment      6: Step Time =    1.000,"LAGERSITZ_NEU-1",         12789,             6,         12542,      -106.184,      -59.0736,      -35.2581,"ASSEMBLY_LAGERSITZ_NEU-1_SET-GEHAEUSE","ALUMINIUM",NA,            0.,            0.,            0.,            0.,  -259.144E-18,   1.00682E-15,       NoValue
D:/MoVerHu_Projekt/FE_Modell/FE-Abaqus-Model/Job-19.odb,Step-163,Increment      6: Step Time =    1.000,"LAGERSITZ_NEU-1",         12790,             6,         12542,      -106.184,      -59.0736,      -35.2581,"ASSEMBLY_LAGERSITZ_NEU-1_SET-GEHAEUSE","ALUMINIUM",NA,            0.,            0.,            0.,            0.,  -259.144E-18,   1.00682E-15,       NoValue
D:/MoVerHu_Projekt/FE_Modell/FE-Abaqus-Model/Job-19.odb,Step-163,Increment      6: Step Time =    1.000,"LAGERSITZ_NEU-1",         12784,             6,         12542,      -106.184,      -59.0736,      -35.2581,"ASSEMBLY_LAGERSITZ_NEU-1_SET-GEHAEUSE","ALUMINIUM",NA,            0.,            0.,            0.,            0.,  -259.144E-18,   1.00682E-15,       NoValue
D:/MoVerHu_Projekt/FE_Modell/FE-Abaqus-Model/Job-19.odb,Step-163,Increment      6: Step Time =    1.000,"LAGERSITZ_NEU-1",         12785,             6,         12542,      -106.184,      -59.0736,      -35.2581,"ASSEMBLY_LAGERSITZ_NEU-1_SET-GEHAEUSE","ALUMINIUM",NA,            0.,            0.,            0.,            0.,  -259.144E-18,   1.00682E-15,       NoValue
D:/MoVerHu_Projekt/FE_Modell/FE-Abaqus-Model/Job-19.odb,Step-163,Increment      6: Step Time =    1.000,"LAGERSITZ_NEU-1",         12786,             6,         12543,      -103.184,      -59.0736,      -35.2581,"ASSEMBLY_LAGERSITZ_NEU-1_SET-GEHAEUSE","ALUMINIUM",NA,            0.,            0.,            0.,            0.,   1.10855E-15,   1.86686E-15,       NoValue
D:/MoVerHu_Projekt/FE_Modell/FE-Abaqus-Model/Job-19.odb,Step-163,Increment      6: Step Time =    1.000,"LAGERSITZ_NEU-1",         12790,             6,         12543,      -103.184,      -59.0736,      -35.2581,"ASSEMBLY_LAGERSITZ_NEU-1_SET-GEHAEUSE","ALUMINIUM",NA,            0.,            0.,            0.,            0.,   1.10855E-15,   1.86686E-15,       NoValue
D:/MoVerHu_Projekt/FE_Modell/FE-Abaqus-Model/Job-19.odb,Step-163,Increment      6: Step Time =    1.000,"LAGERSITZ_NEU-1",         12785,             6,         12543,      -103.184,      -59.0736,      -35.2581,"ASSEMBLY_LAGERSITZ_NEU-1_SET-GEHAEUSE","ALUMINIUM",NA,            0.,            0.,            0.,            0.,   1.10855E-15,   1.86686E-15,       NoValue
D:/MoVerHu_Projekt/FE_Modell/FE-Abaqus-Model/Job-19.odb,Step-163,Increment      6: Step Time =    1.000,"LAGERSITZ_NEU-1",         12791,             6,         12543,      -103.184,      -59.0736,      -35.2581,"ASSEMBLY_LAGERSITZ_NEU-1_SET-GEHAEUSE","ALUMINIUM",NA,            0.,            0.,            0.,            0.,   1.10855E-15,   1.86686E-15,       NoValue
D:/MoVerHu_Projekt/FE_Modell/FE-Abaqus-Model/Job-19.odb,Step-163,Increment      6: Step Time =    1.000,"LAGERSITZ_NEU-1",         12786,             6,         12544,      -100.184,      -59.0736,      -35.2581,"ASSEMBLY_LAGERSITZ_NEU-1_SET-GEHAEUSE","ALUMINIUM",NA,       4.74168,  -5.20055E-03,      -4.68924,  -703.211E-03,   78.1769E-03,  -26.1848E-03,       NoValue
D:/MoVerHu_Projekt/FE_Modell/FE-Abaqus-Model/Job-19.odb,Step-163,Increment      6: Step Time =    1.000,"LAGERSITZ_NEU-1",         12791,             6,         12544,      -100.184,      -59.0736,      -35.2581,"ASSEMBLY_LAGERSITZ_NEU-1_SET-GEHAEUSE","ALUMINIUM",NA,       4.74168,  -5.20055E-03,      -4.68924,  -703.211E-03,   78.1769E-03,  -26.1848E-03,       NoValue
D:/MoVerHu_Projekt/FE_Modell/FE-Abaqus-Model/Job-19.odb,Step-163,Increment      6: Step Time =    1.000,"LAGERSITZ_NEU-1",         12787,             6,         12544,      -100.184,      -59.0736,      -35.2581,"ASSEMBLY_LAGERSITZ_NEU-1_SET-GEHAEUSE","ALUMINIUM",NA,       4.74168,  -5.20055E-03,      -4.68924,  -703.211E-03,   78.1769E-03,  -26.1848E-03,       NoValue
D:/MoVerHu_Projekt/FE_Modell/FE-Abaqus-Model/Job-19.odb,Step-163,Increment      6: Step Time =    1.000,"LAGERSITZ_NEU-1",         12792,             6,         12544,      -100.184,      -59.0736,      -35.2581,"ASSEMBLY_LAGERSITZ_NEU-1_SET-GEHAEUSE","ALUMINIUM",NA,       4.74168,  -5.20055E-03,      -4.68924,  -703.211E-03,   78.1769E-03,  -26.1848E-03,       NoValue
D:/MoVerHu_Projekt/FE_Modell/FE-Abaqus-Model/Job-19.odb,Step-163,Increment      6: Step Time =    1.000,"LAGERSITZ_NEU-1",         12793,             6,         12557,      -109.184,      -57.7048,      -41.0541,"ASSEMBLY_LAGERSITZ_NEU-1_SET-GEHAEUSE","ALUMINIUM",NA,            0.,            0.,            0.,            0.,  -349.293E-18,   142.489E-18,       NoValue
D:/MoVerHu_Projekt/FE_Modell/FE-Abaqus-Model/Job-19.odb,Step-163,Increment      6: Step Time =    1.000,"LAGERSITZ_NEU-1",         12798,             6,         12557,      -109.184,      -57.7048,      -41.0541,"ASSEMBLY_LAGERSITZ_NEU-1_SET-GEHAEUSE","ALUMINIUM",NA,            0.,            0.,            0.,            0.,  -349.293E-18,   142.489E-18,       NoValue
D:/MoVerHu_Projekt/FE_Modell/FE-Abaqus-Model/Job-19.odb,Step-163,Increment      6: Step Time =    1.000,"LAGERSITZ_NEU-1",         12794,             6,         12557,      -109.184,      -57.7048,      -41.0541,"ASSEMBLY_LAGERSITZ_NEU-1_SET-GEHAEUSE","ALUMINIUM",NA,            0.,            0.,            0.,            0.,  -349.293E-18,   142.489E-18,       NoValue
D:/MoVerHu_Projekt/FE_Modell/FE-Abaqus-Model/Job-19.odb,Step-163,Increment      6: Step Time =    1.000,"LAGERSITZ_NEU-1",         12799,             6,         12557,      -109.184,      -57.7048,      -41.0541,"ASSEMBLY_LAGERSITZ_NEU-1_SET-GEHAEUSE","ALUMINIUM",NA,            0.,            0.,            0.,            0.,  -349.293E-18,   142.489E-18,       NoValue
D:/MoVerHu_Projekt/FE_Modell/FE-Abaqus-Model/Job-19.odb,Step-163,Increment      6: Step Time =    1.000,"LAGERSITZ_NEU-1",         12794,             6,         12558,      -106.184,      -57.7048,      -41.0541,"ASSEMBLY_LAGERSITZ_NEU-1_SET-GEHAEUSE","ALUMINIUM",NA,            0.,            0.,            0.,            0.,  -476.198E-18,  -110.479E-18,       NoValue
D:/MoVerHu_Projekt/FE_Modell/FE-Abaqus-Model/Job-19.odb,Step-163,Increment      6: Step Time =    1.000,"LAGERSITZ_NEU-1",         12795,             6,         12558,      -106.184,      -57.7048,      -41.0541,"ASSEMBLY_LAGERSITZ_NEU-1_SET-GEHAEUSE","ALUMINIUM",NA,            0.,            0.,            0.,            0.,  -476.198E-18,  -110.479E-18,       NoValue
D:/MoVerHu_Projekt/FE_Modell/FE-Abaqus-Model/Job-19.odb,Step-163,Increment      6: Step Time =    1.000,"LAGERSITZ_NEU-1",         12800,             6,         12558,      -106.184,      -57.7048,      -41.0541,"ASSEMBLY_LAGERSITZ_NEU-1_SET-GEHAEUSE","ALUMINIUM",NA,            0.,            0.,            0.,            0.,  -476.198E-18,  -110.479E-18,       NoValue
D:/MoVerHu_Projekt/FE_Modell/FE-Abaqus-Model/Job-19.odb,Step-163,Increment      6: Step Time =    1.000,"LAGERSITZ_NEU-1",         12799,             6,         12558,      -106.184,      -57.7048,      -41.0541,"ASSEMBLY_LAGERSITZ_NEU-1_SET-GEHAEUSE","ALUMINIUM",NA,            0.,            0.,            0.,            0.,  -476.198E-18,  -110.479E-18,       NoValue
D:/MoVerHu_Projekt/FE_Modell/FE-Abaqus-Model/Job-19.odb,Step-163,Increment      6: Step Time =    1.000,"LAGERSITZ_NEU-1",         12800,             6,         12559,      -103.184,      -57.7048,      -41.0541,"ASSEMBLY_LAGERSITZ_NEU-1_SET-GEHAEUSE","ALUMINIUM",NA,            0.,            0.,            0.,            0.,   3.12797E-15,  -235.463E-18,       NoValue
D:/MoVerHu_Projekt/FE_Modell/FE-Abaqus-Model/Job-19.odb,Step-163,Increment      6: Step Time =    1.000,"LAGERSITZ_NEU-1",         12795,             6,         12559,      -103.184,      -57.7048,      -41.0541,"ASSEMBLY_LAGERSITZ_NEU-1_SET-GEHAEUSE","ALUMINIUM",NA,            0.,            0.,            0.,            0.,   3.12797E-15,  -235.463E-18,       NoValue
D:/MoVerHu_Projekt/FE_Modell/FE-Abaqus-Model/Job-19.odb,Step-163,Increment      6: Step Time =    1.000,"LAGERSITZ_NEU-1",         12796,             6,         12559,      -103.184,      -57.7048,      -41.0541,"ASSEMBLY_LAGERSITZ_NEU-1_SET-GEHAEUSE","ALUMINIUM",NA,            0.,            0.,            0.,            0.,   3.12797E-15,  -235.463E-18,       NoValue
D:/MoVerHu_Projekt/FE_Modell/FE-Abaqus-Model/Job-19.odb,Step-163,Increment      6: Step Time =    1.000,"LAGERSITZ_NEU-1",         12801,             6,         12559,      -103.184,      -57.7048,      -41.0541,"ASSEMBLY_LAGERSITZ_NEU-1_SET-GEHAEUSE","ALUMINIUM",NA,            0.,            0.,            0.,            0.,   3.12797E-15,  -235.463E-18,       NoValue
D:/MoVerHu_Projekt/FE_Modell/FE-Abaqus-Model/Job-19.odb,Step-163,Increment      6: Step Time =    1.000,"LAGERSITZ_NEU-1",         12796,             6,         12560,      -100.184,      -57.7048,      -41.0541,"ASSEMBLY_LAGERSITZ_NEU-1_SET-GEHAEUSE","ALUMINIUM",NA,            0.,            0.,            0.,            0.,  -395.500E-18,   264.813E-18,       NoValue
D:/MoVerHu_Projekt/FE_Modell/FE-Abaqus-Model/Job-19.odb,Step-163,Increment      6: Step Time =    1.000,"LAGERSITZ_NEU-1",         12802,             6,         12560,      -100.184,      -57.7048,      -41.0541,"ASSEMBLY_LAGERSITZ_NEU-1_SET-GEHAEUSE","ALUMINIUM",NA,            0.,            0.,            0.,            0.,  -395.500E-18,   264.813E-18,       NoValue
D:/MoVerHu_Projekt/FE_Modell/FE-Abaqus-Model/Job-19.odb,Step-163,Increment      6: Step Time =    1.000,"LAGERSITZ_NEU-1",         12797,             6,         12560,      -100.184,      -57.7048,      -41.0541,"ASSEMBLY_LAGERSITZ_NEU-1_SET-GEHAEUSE","ALUMINIUM",NA,            0.,            0.,            0.,            0.,  -395.500E-18,   264.813E-18,       NoValue
D:/MoVerHu_Projekt/FE_Modell/FE-Abaqus-Model/Job-19.odb,Step-163,Increment      6: Step Time =    1.000,"LAGERSITZ_NEU-1",         12801,             6,         12560,      -100.184,      -57.7048,      -41.0541,"ASSEMBLY_LAGERSITZ_NEU-1_SET-GEHAEUSE","ALUMINIUM",NA,            0.,            0.,            0.,            0.,  -395.500E-18,   264.813E-18,       NoValue
D:/MoVerHu_Projekt/FE_Modell/FE-Abaqus-Model/Job-19.odb,Step-163,Increment      6: Step Time =    1.000,"LAGERSITZ_NEU-1",         12799,             6,         12561,      -109.184,      -56.8911,      -43.5919,"ASSEMBLY_LAGERSITZ_NEU-1_SET-GEHAEUSE","ALUMINIUM",NA,            0.,            0.,            0.,            0.,   1.03207E-15,  -1.51717E-15,       NoValue
D:/MoVerHu_Projekt/FE_Modell/FE-Abaqus-Model/Job-19.odb,Step-163,Increment      6: Step Time =    1.000,"LAGERSITZ_NEU-1",         12798,             6,         12561,      -109.184,      -56.8911,      -43.5919,"ASSEMBLY_LAGERSITZ_NEU-1_SET-GEHAEUSE","ALUMINIUM",NA,            0.,            0.,            0.,            0.,   1.03207E-15,  -1.51717E-15,       NoValue
D:/MoVerHu_Projekt/FE_Modell/FE-Abaqus-Model/Job-19.odb,Step-163,Increment      6: Step Time =    1.000,"LAGERSITZ_NEU-1",         12804,             6,         12561,      -109.184,      -56.8911,      -43.5919,"ASSEMBLY_LAGERSITZ_NEU-1_SET-GEHAEUSE","ALUMINIUM",NA,            0.,            0.,            0.,            0.,   1.03207E-15,  -1.51717E-15,       NoValue
D:/MoVerHu_Projekt/FE_Modell/FE-Abaqus-Model/Job-19.odb,Step-163,Increment      6: Step Time =    1.000,"LAGERSITZ_NEU-1",         12803,             6,         12561,      -109.184,      -56.8911,      -43.5919,"ASSEMBLY_LAGERSITZ_NEU-1_SET-GEHAEUSE","ALUMINIUM",NA,            0.,            0.,            0.,            0.,   1.03207E-15,  -1.51717E-15,       NoValue
D:/MoVerHu_Projekt/FE_Modell/FE-Abaqus-Model/Job-19.odb,Step-163,Increment      6: Step Time =    1.000,"LAGERSITZ_NEU-1",         12805,             6,         12562,      -106.184,      -56.8911,      -43.5919,"ASSEMBLY_LAGERSITZ_NEU-1_SET-GEHAEUSE","ALUMINIUM",NA,            0.,            0.,            0.,            0.,   1.48226E-15,  -1.23557E-15,       NoValue
D:/MoVerHu_Projekt/FE_Modell/FE-Abaqus-Model/Job-19.odb,Step-163,Increment      6: Step Time =    1.000,"LAGERSITZ_NEU-1",         12799,             6,         12562,      -106.184,      -56.8911,      -43.5919,"ASSEMBLY_LAGERSITZ_NEU-1_SET-GEHAEUSE","ALUMINIUM",NA,            0.,            0.,            0.,            0.,   1.48226E-15,  -1.23557E-15,       NoValue
D:/MoVerHu_Projekt/FE_Modell/FE-Abaqus-Model/Job-19.odb,Step-163,Increment      6: Step Time =    1.000,"LAGERSITZ_NEU-1",         12800,             6,         12562,      -106.184,      -56.8911,      -43.5919,"ASSEMBLY_LAGERSITZ_NEU-1_SET-GEHAEUSE","ALUMINIUM",NA,            0.,            0.,            0.,            0.,   1.48226E-15,  -1.23557E-15,       NoValue
D:/MoVerHu_Projekt/FE_Modell/FE-Abaqus-Model/Job-19.odb,Step-163,Increment      6: Step Time =    1.000,"LAGERSITZ_NEU-1",         12804,             6,         12562,      -106.184,      -56.8911,      -43.5919,"ASSEMBLY_LAGERSITZ_NEU-1_SET-GEHAEUSE","ALUMINIUM",NA,            0.,            0.,            0.,            0.,   1.48226E-15,  -1.23557E-15,       NoValue
D:/MoVerHu_Projekt/FE_Modell/FE-Abaqus-Model/Job-19.odb,Step-163,Increment      6: Step Time =    1.000,"LAGERSITZ_NEU-1",         12801,             6,         12563,      -103.184,      -56.8911,      -43.5919,"ASSEMBLY_LAGERSITZ_NEU-1_SET-GEHAEUSE","ALUMINIUM",NA,            0.,            0.,            0.,            0.,  -974.440E-18,  -1.78909E-15,       NoValue
D:/MoVerHu_Projekt/FE_Modell/FE-Abaqus-Model/Job-19.odb,Step-163,Increment      6: Step Time =    1.000,"LAGERSITZ_NEU-1",         12806,             6,         12563,      -103.184,      -56.8911,      -43.5919,"ASSEMBLY_LAGERSITZ_NEU-1_SET-GEHAEUSE","ALUMINIUM",NA,            0.,            0.,            0.,            0.,  -974.440E-18,  -1.78909E-15,       NoValue
D:/MoVerHu_Projekt/FE_Modell/FE-Abaqus-Model/Job-19.odb,Step-163,Increment      6: Step Time =    1.000,"LAGERSITZ_NEU-1",         12805,             6,         12563,      -103.184,      -56.8911,      -43.5919,"ASSEMBLY_LAGERSITZ_NEU-1_SET-GEHAEUSE","ALUMINIUM",NA,            0.,            0.,            0.,            0.,  -974.440E-18,  -1.78909E-15,       NoValue
D:/MoVerHu_Projekt/FE_Modell/FE-Abaqus-Model/Job-19.odb,Step-163,Increment      6: Step Time =    1.000,"LAGERSITZ_NEU-1",         12800,             6,         12563,      -103.184,      -56.8911,      -43.5919,"ASSEMBLY_LAGERSITZ_NEU-1_SET-GEHAEUSE","ALUMINIUM",NA,            0.,            0.,            0.,            0.,  -974.440E-18,  -1.78909E-15,       NoValue
D:/MoVerHu_Projekt/FE_Modell/FE-Abaqus-Model/Job-19.odb,Step-163,Increment      6: Step Time =    1.000,"LAGERSITZ_NEU-1",         12807,             6,         12564,      -100.184,      -56.8911,      -43.5919,"ASSEMBLY_LAGERSITZ_NEU-1_SET-GEHAEUSE","ALUMINIUM",NA,            0.,            0.,            0.,            0.,  -5.54220E-15,  -945.177E-18,       NoValue
D:/MoVerHu_Projekt/FE_Modell/FE-Abaqus-Model/Job-19.odb,Step-163,Increment      6: Step Time =    1.000,"LAGERSITZ_NEU-1",         12802,             6,         12564,      -100.184,      -56.8911,      -43.5919,"ASSEMBLY_LAGERSITZ_NEU-1_SET-GEHAEUSE","ALUMINIUM",NA,            0.,            0.,            0.,            0.,  -5.54220E-15,  -945.177E-18,       NoValue
D:/MoVerHu_Projekt/FE_Modell/FE-Abaqus-Model/Job-19.odb,Step-163,Increment      6: Step Time =    1.000,"LAGERSITZ_NEU-1",         12806,             6,         12564,      -100.184,      -56.8911,      -43.5919,"ASSEMBLY_LAGERSITZ_NEU-1_SET-GEHAEUSE","ALUMINIUM",NA,            0.,            0.,            0.,            0.,  -5.54220E-15,  -945.177E-18,       NoValue
D:/MoVerHu_Projekt/FE_Modell/FE-Abaqus-Model/Job-19.odb,Step-163,Increment      6: Step Time =    1.000,"LAGERSITZ_NEU-1",         12801,             6,         12564,      -100.184,      -56.8911,      -43.5919,"ASSEMBLY_LAGERSITZ_NEU-1_SET-GEHAEUSE","ALUMINIUM",NA,            0.,            0.,            0.,            0.,  -5.54220E-15,  -945.177E-18,       NoValue
D:/MoVerHu_Projekt/FE_Modell/FE-Abaqus-Model/Job-19.odb,Step-163,Increment      6: Step Time =    1.000,"LAGERSITZ_NEU-1",         12808,             6,         12565,      -109.184,      -55.9554,      -46.0872,"ASSEMBLY_LAGERSITZ_NEU-1_SET-GEHAEUSE","ALUMINIUM",NA,            0.,            0.,            0.,            0.,   791.278E-18,   2.95850E-15,       NoValue
D:/MoVerHu_Projekt/FE_Modell/FE-Abaqus-Model/Job-19.odb,Step-163,Increment      6: Step Time =    1.000,"LAGERSITZ_NEU-1",         12809,             6,         12565,      -109.184,      -55.9554,      -46.0872,"ASSEMBLY_LAGERSITZ_NEU-1_SET-GEHAEUSE","ALUMINIUM",NA,            0.,            0.,            0.,            0.,   791.278E-18,   2.95850E-15,       NoValue
D:/MoVerHu_Projekt/FE_Modell/FE-Abaqus-Model/Job-19.odb,Step-163,Increment      6: Step Time =    1.000,"LAGERSITZ_NEU-1",         12804,             6,         12565,      -109.184,      -55.9554,      -46.0872,"ASSEMBLY_LAGERSITZ_NEU-1_SET-GEHAEUSE","ALUMINIUM",NA,            0.,            0.,            0.,            0.,   791.278E-18,   2.95850E-15,       NoValue
D:/MoVerHu_Projekt/FE_Modell/FE-Abaqus-Model/Job-19.odb,Step-163,Increment      6: Step Time =    1.000,"LAGERSITZ_NEU-1",         12803,             6,         12565,      -109.184,      -55.9554,      -46.0872,"ASSEMBLY_LAGERSITZ_NEU-1_SET-GEHAEUSE","ALUMINIUM",NA,            0.,            0.,            0.,            0.,   791.278E-18,   2.95850E-15,       NoValue
D:/MoVerHu_Projekt/FE_Modell/FE-Abaqus-Model/Job-19.odb,Step-163,Increment      6: Step Time =    1.000,"LAGERSITZ_NEU-1",         12810,             6,         12566,      -106.184,      -55.9554,      -46.0872,"ASSEMBLY_LAGERSITZ_NEU-1_SET-GEHAEUSE","ALUMINIUM",NA,            0.,            0.,            0.,            0.,  -61.6664E-18,   2.70591E-15,       NoValue
D:/MoVerHu_Projekt/FE_Modell/FE-Abaqus-Model/Job-19.odb,Step-163,Increment      6: Step Time =    1.000,"LAGERSITZ_NEU-1",         12805,             6,         12566,      -106.184,      -55.9554,      -46.0872,"ASSEMBLY_LAGERSITZ_NEU-1_SET-GEHAEUSE","ALUMINIUM",NA,            0.,            0.,            0.,            0.,  -61.6664E-18,   2.70591E-15,       NoValue
D:/MoVerHu_Projekt/FE_Modell/FE-Abaqus-Model/Job-19.odb,Step-163,Increment      6: Step Time =    1.000,"LAGERSITZ_NEU-1",         12804,             6,         12566,      -106.184,      -55.9554,      -46.0872,"ASSEMBLY_LAGERSITZ_NEU-1_SET-GEHAEUSE","ALUMINIUM",NA,            0.,            0.,            0.,            0.,  -61.6664E-18,   2.70591E-15,       NoValue
D:/MoVerHu_Projekt/FE_Modell/FE-Abaqus-Model/Job-19.odb,Step-163,Increment      6: Step Time =    1.000,"LAGERSITZ_NEU-1",         12809,             6,         12566,      -106.184,      -55.9554,      -46.0872,"ASSEMBLY_LAGERSITZ_NEU-1_SET-GEHAEUSE","ALUMINIUM",NA,            0.,            0.,            0.,            0.,  -61.6664E-18,   2.70591E-15,       NoValue
D:/MoVerHu_Projekt/FE_Modell/FE-Abaqus-Model/Job-19.odb,Step-163,Increment      6: Step Time =    1.000,"LAGERSITZ_NEU-1",         12810,             6,         12567,      -103.184,      -55.9554,      -46.0872,"ASSEMBLY_LAGERSITZ_NEU-1_SET-GEHAEUSE","ALUMINIUM",NA,            0.,            0.,            0.,            0.,   1.65857E-15,   2.45323E-15,       NoValue
D:/MoVerHu_Projekt/FE_Modell/FE-Abaqus-Model/Job-19.odb,Step-163,Increment      6: Step Time =    1.000,"LAGERSITZ_NEU-1",         12806,             6,         12567,      -103.184,      -55.9554,      -46.0872,"ASSEMBLY_LAGERSITZ_NEU-1_SET-GEHAEUSE","ALUMINIUM",NA,            0.,            0.,            0.,            0.,   1.65857E-15,   2.45323E-15,       NoValue
D:/MoVerHu_Projekt/FE_Modell/FE-Abaqus-Model/Job-19.odb,Step-163,Increment      6: Step Time =    1.000,"LAGERSITZ_NEU-1",         12805,             6,         12567,      -103.184,      -55.9554,      -46.0872,"ASSEMBLY_LAGERSITZ_NEU-1_SET-GEHAEUSE","ALUMINIUM",NA,            0.,            0.,            0.,            0.,   1.65857E-15,   2.45323E-15,       NoValue
D:/MoVerHu_Projekt/FE_Modell/FE-Abaqus-Model/Job-19.odb,Step-163,Increment      6: Step Time =    1.000,"LAGERSITZ_NEU-1",         12811,             6,         12567,      -103.184,      -55.9554,      -46.0872,"ASSEMBLY_LAGERSITZ_NEU-1_SET-GEHAEUSE","ALUMINIUM",NA,            0.,            0.,            0.,            0.,   1.65857E-15,   2.45323E-15,       NoValue
D:/MoVerHu_Projekt/FE_Modell/FE-Abaqus-Model/Job-19.odb,Step-163,Increment      6: Step Time =    1.000,"LAGERSITZ_NEU-1",         12812,             6,         12568,      -100.184,      -55.9554,      -46.0872,"ASSEMBLY_LAGERSITZ_NEU-1_SET-GEHAEUSE","ALUMINIUM",NA,            0.,            0.,            0.,            0.,  -3.87262E-15,   3.72068E-15,       NoValue
D:/MoVerHu_Projekt/FE_Modell/FE-Abaqus-Model/Job-19.odb,Step-163,Increment      6: Step Time =    1.000,"LAGERSITZ_NEU-1",         12807,             6,         12568,      -100.184,      -55.9554,      -46.0872,"ASSEMBLY_LAGERSITZ_NEU-1_SET-GEHAEUSE","ALUMINIUM",NA,            0.,            0.,            0.,            0.,  -3.87262E-15,   3.72068E-15,       NoValue
D:/MoVerHu_Projekt/FE_Modell/FE-Abaqus-Model/Job-19.odb,Step-163,Increment      6: Step Time =    1.000,"LAGERSITZ_NEU-1",         12806,             6,         12568,      -100.184,      -55.9554,      -46.0872,"ASSEMBLY_LAGERSITZ_NEU-1_SET-GEHAEUSE","ALUMINIUM",NA,            0.,            0.,            0.,            0.,  -3.87262E-15,   3.72068E-15,       NoValue
D:/MoVerHu_Projekt/FE_Modell/FE-Abaqus-Model/Job-19.odb,Step-163,Increment      6: Step Time =    1.000,"LAGERSITZ_NEU-1",         12811,             6,         12568,      -100.184,      -55.9554,      -46.0872,"ASSEMBLY_LAGERSITZ_NEU-1_SET-GEHAEUSE","ALUMINIUM",NA,            0.,            0.,            0.,            0.,  -3.87262E-15,   3.72068E-15,       NoValue
D:/MoVerHu_Projekt/FE_Modell/FE-Abaqus-Model/Job-19.odb,Step-163,Increment      6: Step Time =    1.000,"LAGERSITZ_NEU-1",         12809,             6,         12569,      -109.184,      -54.8998,      -48.5342,"ASSEMBLY_LAGERSITZ_NEU-1_SET-GEHAEUSE","ALUMINIUM",NA,            0.,            0.,            0.,            0.,  -1.79662E-15,  -751.064E-18,       NoValue
D:/MoVerHu_Projekt/FE_Modell/FE-Abaqus-Model/Job-19.odb,Step-163,Increment      6: Step Time =    1.000,"LAGERSITZ_NEU-1",         12814,             6,         12569,      -109.184,      -54.8998,      -48.5342,"ASSEMBLY_LAGERSITZ_NEU-1_SET-GEHAEUSE","ALUMINIUM",NA,            0.,            0.,            0.,            0.,  -1.79662E-15,  -751.064E-18,       NoValue
D:/MoVerHu_Projekt/FE_Modell/FE-Abaqus-Model/Job-19.odb,Step-163,Increment      6: Step Time =    1.000,"LAGERSITZ_NEU-1",         12813,             6,         12569,      -109.184,      -54.8998,      -48.5342,"ASSEMBLY_LAGERSITZ_NEU-1_SET-GEHAEUSE","ALUMINIUM",NA,            0.,            0.,            0.,            0.,  -1.79662E-15,  -751.064E-18,       NoValue
D:/MoVerHu_Projekt/FE_Modell/FE-Abaqus-Model/Job-19.odb,Step-163,Increment      6: Step Time =    1.000,"LAGERSITZ_NEU-1",         12808,             6,         12569,      -109.184,      -54.8998,      -48.5342,"ASSEMBLY_LAGERSITZ_NEU-1_SET-GEHAEUSE","ALUMINIUM",NA,            0.,            0.,            0.,            0.,  -1.79662E-15,  -751.064E-18,       NoValue
D:/MoVerHu_Projekt/FE_Modell/FE-Abaqus-Model/Job-19.odb,Step-163,Increment      6: Step Time =    1.000,"LAGERSITZ_NEU-1",         12810,             6,         12570,      -106.184,      -54.8998,      -48.5342,"ASSEMBLY_LAGERSITZ_NEU-1_SET-GEHAEUSE","ALUMINIUM",NA,            0.,            0.,            0.,            0.,   1.42610E-15,   845.145E-18,       NoValue
D:/MoVerHu_Projekt/FE_Modell/FE-Abaqus-Model/Job-19.odb,Step-163,Increment      6: Step Time =    1.000,"LAGERSITZ_NEU-1",         12814,             6,         12570,      -106.184,      -54.8998,      -48.5342,"ASSEMBLY_LAGERSITZ_NEU-1_SET-GEHAEUSE","ALUMINIUM",NA,            0.,            0.,            0.,            0.,   1.42610E-15,   845.145E-18,       NoValue
D:/MoVerHu_Projekt/FE_Modell/FE-Abaqus-Model/Job-19.odb,Step-163,Increment      6: Step Time =    1.000,"LAGERSITZ_NEU-1",         12815,             6,         12570,      -106.184,      -54.8998,      -48.5342,"ASSEMBLY_LAGERSITZ_NEU-1_SET-GEHAEUSE","ALUMINIUM",NA,            0.,            0.,            0.,            0.,   1.42610E-15,   845.145E-18,       NoValue
D:/MoVerHu_Projekt/FE_Modell/FE-Abaqus-Model/Job-19.odb,Step-163,Increment      6: Step Time =    1.000,"LAGERSITZ_NEU-1",         12809,             6,         12570,      -106.184,      -54.8998,      -48.5342,"ASSEMBLY_LAGERSITZ_NEU-1_SET-GEHAEUSE","ALUMINIUM",NA,            0.,            0.,            0.,            0.,   1.42610E-15,   845.145E-18,       NoValue
D:/MoVerHu_Projekt/FE_Modell/FE-Abaqus-Model/Job-19.odb,Step-163,Increment      6: Step Time =    1.000,"LAGERSITZ_NEU-1",         12811,             6,         12571,      -103.184,      -54.8998,      -48.5342,"ASSEMBLY_LAGERSITZ_NEU-1_SET-GEHAEUSE","ALUMINIUM",NA,            0.,            0.,            0.,            0.,   1.02989E-15,   1.45103E-15,       NoValue
D:/MoVerHu_Projekt/FE_Modell/FE-Abaqus-Model/Job-19.odb,Step-163,Increment      6: Step Time =    1.000,"LAGERSITZ_NEU-1",         12815,             6,         12571,      -103.184,      -54.8998,      -48.5342,"ASSEMBLY_LAGERSITZ_NEU-1_SET-GEHAEUSE","ALUMINIUM",NA,            0.,            0.,            0.,            0.,   1.02989E-15,   1.45103E-15,       NoValue
D:/MoVerHu_Projekt/FE_Modell/FE-Abaqus-Model/Job-19.odb,Step-163,Increment      6: Step Time =    1.000,"LAGERSITZ_NEU-1",         12816,             6,         12571,      -103.184,      -54.8998,      -48.5342,"ASSEMBLY_LAGERSITZ_NEU-1_SET-GEHAEUSE","ALUMINIUM",NA,            0.,            0.,            0.,            0.,   1.02989E-15,   1.45103E-15,       NoValue
D:/MoVerHu_Projekt/FE_Modell/FE-Abaqus-Model/Job-19.odb,Step-163,Increment      6: Step Time =    1.000,"LAGERSITZ_NEU-1",         12810,             6,         12571,      -103.184,      -54.8998,      -48.5342,"ASSEMBLY_LAGERSITZ_NEU-1_SET-GEHAEUSE","ALUMINIUM",NA,            0.,            0.,            0.,            0.,   1.02989E-15,   1.45103E-15,       NoValue
D:/MoVerHu_Projekt/FE_Modell/FE-Abaqus-Model/Job-19.odb,Step-163,Increment      6: Step Time =    1.000,"LAGERSITZ_NEU-1",         12817,             6,         12572,      -100.184,      -54.8998,      -48.5342,"ASSEMBLY_LAGERSITZ_NEU-1_SET-GEHAEUSE","ALUMINIUM",NA,            0.,            0.,            0.,            0.,  -3.36278E-15,   1.13029E-15,       NoValue
D:/MoVerHu_Projekt/FE_Modell/FE-Abaqus-Model/Job-19.odb,Step-163,Increment      6: Step Time =    1.000,"LAGERSITZ_NEU-1",         12811,             6,         12572,      -100.184,      -54.8998,      -48.5342,"ASSEMBLY_LAGERSITZ_NEU-1_SET-GEHAEUSE","ALUMINIUM",NA,            0.,            0.,            0.,            0.,  -3.36278E-15,   1.13029E-15,       NoValue
D:/MoVerHu_Projekt/FE_Modell/FE-Abaqus-Model/Job-19.odb,Step-163,Increment      6: Step Time =    1.000,"LAGERSITZ_NEU-1",         12812,             6,         12572,      -100.184,      -54.8998,      -48.5342,"ASSEMBLY_LAGERSITZ_NEU-1_SET-GEHAEUSE","ALUMINIUM",NA,            0.,            0.,            0.,            0.,  -3.36278E-15,   1.13029E-15,       NoValue
D:/MoVerHu_Projekt/FE_Modell/FE-Abaqus-Model/Job-19.odb,Step-163,Increment      6: Step Time =    1.000,"LAGERSITZ_NEU-1",         12816,             6,         12572,      -100.184,      -54.8998,      -48.5342,"ASSEMBLY_LAGERSITZ_NEU-1_SET-GEHAEUSE","ALUMINIUM",NA,            0.,            0.,            0.,            0.,  -3.36278E-15,   1.13029E-15,       NoValue
D:/MoVerHu_Projekt/FE_Modell/FE-Abaqus-Model/Job-19.odb,Step-163,Increment      6: Step Time =    1.000,"LAGERSITZ_NEU-1",         12814,             6,         12573,      -109.184,      -53.7271,      -50.9273,"ASSEMBLY_LAGERSITZ_NEU-1_SET-GEHAEUSE","ALUMINIUM",NA,            0.,            0.,            0.,            0.,  -5.13323E-15,   2.00776E-15,       NoValue
D:/MoVerHu_Projekt/FE_Modell/FE-Abaqus-Model/Job-19.odb,Step-163,Increment      6: Step Time =    1.000,"LAGERSITZ_NEU-1",         12819,             6,         12573,      -109.184,      -53.7271,      -50.9273,"ASSEMBLY_LAGERSITZ_NEU-1_SET-GEHAEUSE","ALUMINIUM",NA,            0.,            0.,            0.,            0.,  -5.13323E-15,   2.00776E-15,       NoValue
D:/MoVerHu_Projekt/FE_Modell/FE-Abaqus-Model/Job-19.odb,Step-163,Increment      6: Step Time =    1.000,"LAGERSITZ_NEU-1",         12813,             6,         12573,      -109.184,      -53.7271,      -50.9273,"ASSEMBLY_LAGERSITZ_NEU-1_SET-GEHAEUSE","ALUMINIUM",NA,            0.,            0.,            0.,            0.,  -5.13323E-15,   2.00776E-15,       NoValue
D:/MoVerHu_Projekt/FE_Modell/FE-Abaqus-Model/Job-19.odb,Step-163,Increment      6: Step Time =    1.000,"LAGERSITZ_NEU-1",         12818,             6,         12573,      -109.184,      -53.7271,      -50.9273,"ASSEMBLY_LAGERSITZ_NEU-1_SET-GEHAEUSE","ALUMINIUM",NA,            0.,            0.,            0.,            0.,  -5.13323E-15,   2.00776E-15,       NoValue
D:/MoVerHu_Projekt/FE_Modell/FE-Abaqus-Model/Job-19.odb,Step-163,Increment      6: Step Time =    1.000,"LAGERSITZ_NEU-1",         12814,             6,         12574,      -106.184,      -53.7271,      -50.9273,"ASSEMBLY_LAGERSITZ_NEU-1_SET-GEHAEUSE","ALUMINIUM",NA,            0.,            0.,            0.,            0.,   724.505E-18,   1.79633E-15,       NoValue
D:/MoVerHu_Projekt/FE_Modell/FE-Abaqus-Model/Job-19.odb,Step-163,Increment      6: Step Time =    1.000,"LAGERSITZ_NEU-1",         12815,             6,         12574,      -106.184,      -53.7271,      -50.9273,"ASSEMBLY_LAGERSITZ_NEU-1_SET-GEHAEUSE","ALUMINIUM",NA,            0.,            0.,            0.,            0.,   724.505E-18,   1.79633E-15,       NoValue
D:/MoVerHu_Projekt/FE_Modell/FE-Abaqus-Model/Job-19.odb,Step-163,Increment      6: Step Time =    1.000,"LAGERSITZ_NEU-1",         12820,             6,         12574,      -106.184,      -53.7271,      -50.9273,"ASSEMBLY_LAGERSITZ_NEU-1_SET-GEHAEUSE","ALUMINIUM",NA,            0.,            0.,            0.,            0.,   724.505E-18,   1.79633E-15,       NoValue
D:/MoVerHu_Projekt/FE_Modell/FE-Abaqus-Model/Job-19.odb,Step-163,Increment      6: Step Time =    1.000,"LAGERSITZ_NEU-1",         12819,             6,         12574,      -106.184,      -53.7271,      -50.9273,"ASSEMBLY_LAGERSITZ_NEU-1_SET-GEHAEUSE","ALUMINIUM",NA,            0.,            0.,            0.,            0.,   724.505E-18,   1.79633E-15,       NoValue
D:/MoVerHu_Projekt/FE_Modell/FE-Abaqus-Model/Job-19.odb,Step-163,Increment      6: Step Time =    1.000,"LAGERSITZ_NEU-1",         12821,             6,         12575,      -103.184,      -53.7271,      -50.9273,"ASSEMBLY_LAGERSITZ_NEU-1_SET-GEHAEUSE","ALUMINIUM",NA,            0.,            0.,            0.,            0.,   762.319E-18,   2.25250E-15,       NoValue
D:/MoVerHu_Projekt/FE_Modell/FE-Abaqus-Model/Job-19.odb,Step-163,Increment      6: Step Time =    1.000,"LAGERSITZ_NEU-1",         12816,             6,         12575,      -103.184,      -53.7271,      -50.9273,"ASSEMBLY_LAGERSITZ_NEU-1_SET-GEHAEUSE","ALUMINIUM",NA,            0.,            0.,            0.,            0.,   762.319E-18,   2.25250E-15,       NoValue
D:/MoVerHu_Projekt/FE_Modell/FE-Abaqus-Model/Job-19.odb,Step-163,Increment      6: Step Time =    1.000,"LAGERSITZ_NEU-1",         12815,             6,         12575,      -103.184,      -53.7271,      -50.9273,"ASSEMBLY_LAGERSITZ_NEU-1_SET-GEHAEUSE","ALUMINIUM",NA,            0.,            0.,            0.,            0.,   762.319E-18,   2.25250E-15,       NoValue
D:/MoVerHu_Projekt/FE_Modell/FE-Abaqus-Model/Job-19.odb,Step-163,Increment      6: Step Time =    1.000,"LAGERSITZ_NEU-1",         12820,             6,         12575,      -103.184,      -53.7271,      -50.9273,"ASSEMBLY_LAGERSITZ_NEU-1_SET-GEHAEUSE","ALUMINIUM",NA,            0.,            0.,            0.,            0.,   762.319E-18,   2.25250E-15,       NoValue
D:/MoVerHu_Projekt/FE_Modell/FE-Abaqus-Model/Job-19.odb,Step-163,Increment      6: Step Time =    1.000,"LAGERSITZ_NEU-1",         12816,             6,         12576,      -100.184,      -53.7271,      -50.9273,"ASSEMBLY_LAGERSITZ_NEU-1_SET-GEHAEUSE","ALUMINIUM",NA,            0.,            0.,            0.,            0.,  -1.56779E-15,   2.34889E-15,       NoValue
D:/MoVerHu_Projekt/FE_Modell/FE-Abaqus-Model/Job-19.odb,Step-163,Increment      6: Step Time =    1.000,"LAGERSITZ_NEU-1",         12817,             6,         12576,      -100.184,      -53.7271,      -50.9273,"ASSEMBLY_LAGERSITZ_NEU-1_SET-GEHAEUSE","ALUMINIUM",NA,            0.,            0.,            0.,            0.,  -1.56779E-15,   2.34889E-15,       NoValue
D:/MoVerHu_Projekt/FE_Modell/FE-Abaqus-Model/Job-19.odb,Step-163,Increment      6: Step Time =    1.000,"LAGERSITZ_NEU-1",         12821,             6,         12576,      -100.184,      -53.7271,      -50.9273,"ASSEMBLY_LAGERSITZ_NEU-1_SET-GEHAEUSE","ALUMINIUM",NA,            0.,            0.,            0.,            0.,  -1.56779E-15,   2.34889E-15,       NoValue
D:/MoVerHu_Projekt/FE_Modell/FE-Abaqus-Model/Job-19.odb,Step-163,Increment      6: Step Time =    1.000,"LAGERSITZ_NEU-1",         12822,             6,         12576,      -100.184,      -53.7271,      -50.9273,"ASSEMBLY_LAGERSITZ_NEU-1_SET-GEHAEUSE","ALUMINIUM",NA,            0.,            0.,            0.,            0.,  -1.56779E-15,   2.34889E-15,       NoValue
D:/MoVerHu_Projekt/FE_Modell/FE-Abaqus-Model/Job-19.odb,Step-163,Increment      6: Step Time =    1.000,"LAGERSITZ_NEU-1",         12824,             6,         12577,      -109.184,      -52.4397,      -53.2607,"ASSEMBLY_LAGERSITZ_NEU-1_SET-GEHAEUSE","ALUMINIUM",NA,            0.,            0.,            0.,            0.,  -1.25131E-15,   2.89403E-15,       NoValue
D:/MoVerHu_Projekt/FE_Modell/FE-Abaqus-Model/Job-19.odb,Step-163,Increment      6: Step Time =    1.000,"LAGERSITZ_NEU-1",         12823,             6,         12577,      -109.184,      -52.4397,      -53.2607,"ASSEMBLY_LAGERSITZ_NEU-1_SET-GEHAEUSE","ALUMINIUM",NA,            0.,            0.,            0.,            0.,  -1.25131E-15,   2.89403E-15,       NoValue
D:/MoVerHu_Projekt/FE_Modell/FE-Abaqus-Model/Job-19.odb,Step-163,Increment      6: Step Time =    1.000,"LAGERSITZ_NEU-1",         12818,             6,         12577,      -109.184,      -52.4397,      -53.2607,"ASSEMBLY_LAGERSITZ_NEU-1_SET-GEHAEUSE","ALUMINIUM",NA,            0.,            0.,            0.,            0.,  -1.25131E-15,   2.89403E-15,       NoValue
D:/MoVerHu_Projekt/FE_Modell/FE-Abaqus-Model/Job-19.odb,Step-163,Increment      6: Step Time =    1.000,"LAGERSITZ_NEU-1",         12819,             6,         12577,      -109.184,      -52.4397,      -53.2607,"ASSEMBLY_LAGERSITZ_NEU-1_SET-GEHAEUSE","ALUMINIUM",NA,            0.,            0.,            0.,            0.,  -1.25131E-15,   2.89403E-15,       NoValue
D:/MoVerHu_Projekt/FE_Modell/FE-Abaqus-Model/Job-19.odb,Step-163,Increment      6: Step Time =    1.000,"LAGERSITZ_NEU-1",         12820,             6,         12578,      -106.184,      -52.4397,      -53.2607,"ASSEMBLY_LAGERSITZ_NEU-1_SET-GEHAEUSE","ALUMINIUM",NA,            0.,            0.,            0.,            0.,   14.1180E-18,   3.43393E-15,       NoValue
D:/MoVerHu_Projekt/FE_Modell/FE-Abaqus-Model/Job-19.odb,Step-163,Increment      6: Step Time =    1.000,"LAGERSITZ_NEU-1",         12819,             6,         12578,      -106.184,      -52.4397,      -53.2607,"ASSEMBLY_LAGERSITZ_NEU-1_SET-GEHAEUSE","ALUMINIUM",NA,            0.,            0.,            0.,            0.,   14.1180E-18,   3.43393E-15,       NoValue
D:/MoVerHu_Projekt/FE_Modell/FE-Abaqus-Model/Job-19.odb,Step-163,Increment      6: Step Time =    1.000,"LAGERSITZ_NEU-1",         12825,             6,         12578,      -106.184,      -52.4397,      -53.2607,"ASSEMBLY_LAGERSITZ_NEU-1_SET-GEHAEUSE","ALUMINIUM",NA,            0.,            0.,            0.,            0.,   14.1180E-18,   3.43393E-15,       NoValue
D:/MoVerHu_Projekt/FE_Modell/FE-Abaqus-Model/Job-19.odb,Step-163,Increment      6: Step Time =    1.000,"LAGERSITZ_NEU-1",         12824,             6,         12578,      -106.184,      -52.4397,      -53.2607,"ASSEMBLY_LAGERSITZ_NEU-1_SET-GEHAEUSE","ALUMINIUM",NA,            0.,            0.,            0.,            0.,   14.1180E-18,   3.43393E-15,       NoValue
D:/MoVerHu_Projekt/FE_Modell/FE-Abaqus-Model/Job-19.odb,Step-163,Increment      6: Step Time =    1.000,"LAGERSITZ_NEU-1",         12826,             6,         12579,      -103.184,      -52.4397,      -53.2607,"ASSEMBLY_LAGERSITZ_NEU-1_SET-GEHAEUSE","ALUMINIUM",NA,            0.,            0.,            0.,            0.,  -1.00592E-15,   2.67902E-15,       NoValue
D:/MoVerHu_Projekt/FE_Modell/FE-Abaqus-Model/Job-19.odb,Step-163,Increment      6: Step Time =    1.000,"LAGERSITZ_NEU-1",         12820,             6,         12579,      -103.184,      -52.4397,      -53.2607,"ASSEMBLY_LAGERSITZ_NEU-1_SET-GEHAEUSE","ALUMINIUM",NA,            0.,            0.,            0.,            0.,  -1.00592E-15,   2.67902E-15,       NoValue
D:/MoVerHu_Projekt/FE_Modell/FE-Abaqus-Model/Job-19.odb,Step-163,Increment      6: Step Time =    1.000,"LAGERSITZ_NEU-1",         12825,             6,         12579,      -103.184,      -52.4397,      -53.2607,"ASSEMBLY_LAGERSITZ_NEU-1_SET-GEHAEUSE","ALUMINIUM",NA,            0.,            0.,            0.,            0.,  -1.00592E-15,   2.67902E-15,       NoValue
D:/MoVerHu_Projekt/FE_Modell/FE-Abaqus-Model/Job-19.odb,Step-163,Increment      6: Step Time =    1.000,"LAGERSITZ_NEU-1",         12821,             6,         12579,      -103.184,      -52.4397,      -53.2607,"ASSEMBLY_LAGERSITZ_NEU-1_SET-GEHAEUSE","ALUMINIUM",NA,            0.,            0.,            0.,            0.,  -1.00592E-15,   2.67902E-15,       NoValue
D:/MoVerHu_Projekt/FE_Modell/FE-Abaqus-Model/Job-19.odb,Step-163,Increment      6: Step Time =    1.000,"LAGERSITZ_NEU-1",         12821,             6,         12580,      -100.184,      -52.4397,      -53.2607,"ASSEMBLY_LAGERSITZ_NEU-1_SET-GEHAEUSE","ALUMINIUM",NA,            0.,            0.,            0.,            0.,  -1.74668E-15,   3.18796E-15,       NoValue
D:/MoVerHu_Projekt/FE_Modell/FE-Abaqus-Model/Job-19.odb,Step-163,Increment      6: Step Time =    1.000,"LAGERSITZ_NEU-1",         12822,             6,         12580,      -100.184,      -52.4397,      -53.2607,"ASSEMBLY_LAGERSITZ_NEU-1_SET-GEHAEUSE","ALUMINIUM",NA,            0.,            0.,            0.,            0.,  -1.74668E-15,   3.18796E-15,       NoValue
D:/MoVerHu_Projekt/FE_Modell/FE-Abaqus-Model/Job-19.odb,Step-163,Increment      6: Step Time =    1.000,"LAGERSITZ_NEU-1",         12826,             6,         12580,      -100.184,      -52.4397,      -53.2607,"ASSEMBLY_LAGERSITZ_NEU-1_SET-GEHAEUSE","ALUMINIUM",NA,            0.,            0.,            0.,            0.,  -1.74668E-15,   3.18796E-15,       NoValue
D:/MoVerHu_Projekt/FE_Modell/FE-Abaqus-Model/Job-19.odb,Step-163,Increment      6: Step Time =    1.000,"LAGERSITZ_NEU-1",         12827,             6,         12580,      -100.184,      -52.4397,      -53.2607,"ASSEMBLY_LAGERSITZ_NEU-1_SET-GEHAEUSE","ALUMINIUM",NA,            0.,            0.,            0.,            0.,  -1.74668E-15,   3.18796E-15,       NoValue
D:/MoVerHu_Projekt/FE_Modell/FE-Abaqus-Model/Job-19.odb,Step-163,Increment      6: Step Time =    1.000,"LAGERSITZ_NEU-1",         12824,             6,         12581,      -109.184,      -51.0408,      -55.5291,"ASSEMBLY_LAGERSITZ_NEU-1_SET-GEHAEUSE","ALUMINIUM",NA,            0.,            0.,            0.,            0.,  -4.23883E-18,  -885.203E-18,       NoValue
D:/MoVerHu_Projekt/FE_Modell/FE-Abaqus-Model/Job-19.odb,Step-163,Increment      6: Step Time =    1.000,"LAGERSITZ_NEU-1",         12823,             6,         12581,      -109.184,      -51.0408,      -55.5291,"ASSEMBLY_LAGERSITZ_NEU-1_SET-GEHAEUSE","ALUMINIUM",NA,            0.,            0.,            0.,            0.,  -4.23883E-18,  -885.203E-18,       NoValue
D:/MoVerHu_Projekt/FE_Modell/FE-Abaqus-Model/Job-19.odb,Step-163,Increment      6: Step Time =    1.000,"LAGERSITZ_NEU-1",         12828,             6,         12581,      -109.184,      -51.0408,      -55.5291,"ASSEMBLY_LAGERSITZ_NEU-1_SET-GEHAEUSE","ALUMINIUM",NA,            0.,            0.,            0.,            0.,  -4.23883E-18,  -885.203E-18,       NoValue
D:/MoVerHu_Projekt/FE_Modell/FE-Abaqus-Model/Job-19.odb,Step-163,Increment      6: Step Time =    1.000,"LAGERSITZ_NEU-1",         12829,             6,         12581,      -109.184,      -51.0408,      -55.5291,"ASSEMBLY_LAGERSITZ_NEU-1_SET-GEHAEUSE","ALUMINIUM",NA,            0.,            0.,            0.,            0.,  -4.23883E-18,  -885.203E-18,       NoValue
D:/MoVerHu_Projekt/FE_Modell/FE-Abaqus-Model/Job-19.odb,Step-163,Increment      6: Step Time =    1.000,"LAGERSITZ_NEU-1",         12829,             6,         12582,      -106.184,      -51.0408,      -55.5291,"ASSEMBLY_LAGERSITZ_NEU-1_SET-GEHAEUSE","ALUMINIUM",NA,            0.,            0.,            0.,            0.,  -800.737E-18,  -483.161E-18,       NoValue
D:/MoVerHu_Projekt/FE_Modell/FE-Abaqus-Model/Job-19.odb,Step-163,Increment      6: Step Time =    1.000,"LAGERSITZ_NEU-1",         12825,             6,         12582,      -106.184,      -51.0408,      -55.5291,"ASSEMBLY_LAGERSITZ_NEU-1_SET-GEHAEUSE","ALUMINIUM",NA,            0.,            0.,            0.,            0.,  -800.737E-18,  -483.161E-18,       NoValue
D:/MoVerHu_Projekt/FE_Modell/FE-Abaqus-Model/Job-19.odb,Step-163,Increment      6: Step Time =    1.000,"LAGERSITZ_NEU-1",         12830,             6,         12582,      -106.184,      -51.0408,      -55.5291,"ASSEMBLY_LAGERSITZ_NEU-1_SET-GEHAEUSE","ALUMINIUM",NA,            0.,            0.,            0.,            0.,  -800.737E-18,  -483.161E-18,       NoValue
D:/MoVerHu_Projekt/FE_Modell/FE-Abaqus-Model/Job-19.odb,Step-163,Increment      6: Step Time =    1.000,"LAGERSITZ_NEU-1",         12824,             6,         12582,      -106.184,      -51.0408,      -55.5291,"ASSEMBLY_LAGERSITZ_NEU-1_SET-GEHAEUSE","ALUMINIUM",NA,            0.,            0.,            0.,            0.,  -800.737E-18,  -483.161E-18,       NoValue
D:/MoVerHu_Projekt/FE_Modell/FE-Abaqus-Model/Job-19.odb,Step-163,Increment      6: Step Time =    1.000,"LAGERSITZ_NEU-1",         12825,             6,         12583,      -103.184,      -51.0408,      -55.5291,"ASSEMBLY_LAGERSITZ_NEU-1_SET-GEHAEUSE","ALUMINIUM",NA,            0.,            0.,            0.,            0.,  -335.326E-18,  -739.401E-18,       NoValue
D:/MoVerHu_Projekt/FE_Modell/FE-Abaqus-Model/Job-19.odb,Step-163,Increment      6: Step Time =    1.000,"LAGERSITZ_NEU-1",         12830,             6,         12583,      -103.184,      -51.0408,      -55.5291,"ASSEMBLY_LAGERSITZ_NEU-1_SET-GEHAEUSE","ALUMINIUM",NA,            0.,            0.,            0.,            0.,  -335.326E-18,  -739.401E-18,       NoValue
D:/MoVerHu_Projekt/FE_Modell/FE-Abaqus-Model/Job-19.odb,Step-163,Increment      6: Step Time =    1.000,"LAGERSITZ_NEU-1",         12826,             6,         12583,      -103.184,      -51.0408,      -55.5291,"ASSEMBLY_LAGERSITZ_NEU-1_SET-GEHAEUSE","ALUMINIUM",NA,            0.,            0.,            0.,            0.,  -335.326E-18,  -739.401E-18,       NoValue
D:/MoVerHu_Projekt/FE_Modell/FE-Abaqus-Model/Job-19.odb,Step-163,Increment      6: Step Time =    1.000,"LAGERSITZ_NEU-1",         12831,             6,         12583,      -103.184,      -51.0408,      -55.5291,"ASSEMBLY_LAGERSITZ_NEU-1_SET-GEHAEUSE","ALUMINIUM",NA,            0.,            0.,            0.,            0.,  -335.326E-18,  -739.401E-18,       NoValue
D:/MoVerHu_Projekt/FE_Modell/FE-Abaqus-Model/Job-19.odb,Step-163,Increment      6: Step Time =    1.000,"LAGERSITZ_NEU-1",         12831,             6,         12584,      -100.184,      -51.0408,      -55.5291,"ASSEMBLY_LAGERSITZ_NEU-1_SET-GEHAEUSE","ALUMINIUM",NA,            0.,            0.,            0.,            0.,  -1.62954E-15,  -752.950E-18,       NoValue
D:/MoVerHu_Projekt/FE_Modell/FE-Abaqus-Model/Job-19.odb,Step-163,Increment      6: Step Time =    1.000,"LAGERSITZ_NEU-1",         12826,             6,         12584,      -100.184,      -51.0408,      -55.5291,"ASSEMBLY_LAGERSITZ_NEU-1_SET-GEHAEUSE","ALUMINIUM",NA,            0.,            0.,            0.,            0.,  -1.62954E-15,  -752.950E-18,       NoValue
D:/MoVerHu_Projekt/FE_Modell/FE-Abaqus-Model/Job-19.odb,Step-163,Increment      6: Step Time =    1.000,"LAGERSITZ_NEU-1",         12832,             6,         12584,      -100.184,      -51.0408,      -55.5291,"ASSEMBLY_LAGERSITZ_NEU-1_SET-GEHAEUSE","ALUMINIUM",NA,            0.,            0.,            0.,            0.,  -1.62954E-15,  -752.950E-18,       NoValue
D:/MoVerHu_Projekt/FE_Modell/FE-Abaqus-Model/Job-19.odb,Step-163,Increment      6: Step Time =    1.000,"LAGERSITZ_NEU-1",         12827,             6,         12584,      -100.184,      -51.0408,      -55.5291,"ASSEMBLY_LAGERSITZ_NEU-1_SET-GEHAEUSE","ALUMINIUM",NA,            0.,            0.,            0.,            0.,  -1.62954E-15,  -752.950E-18,       NoValue
D:/MoVerHu_Projekt/FE_Modell/FE-Abaqus-Model/Job-19.odb,Step-163,Increment      6: Step Time =    1.000,"LAGERSITZ_NEU-1",         12834,             6,         12585,      -109.184,      -49.5337,      -57.7270,"ASSEMBLY_LAGERSITZ_NEU-1_SET-GEHAEUSE","ALUMINIUM",NA,            0.,            0.,            0.,            0.,  -398.200E-18,  -4.92304E-15,       NoValue
D:/MoVerHu_Projekt/FE_Modell/FE-Abaqus-Model/Job-19.odb,Step-163,Increment      6: Step Time =    1.000,"LAGERSITZ_NEU-1",         12828,             6,         12585,      -109.184,      -49.5337,      -57.7270,"ASSEMBLY_LAGERSITZ_NEU-1_SET-GEHAEUSE","ALUMINIUM",NA,            0.,            0.,            0.,            0.,  -398.200E-18,  -4.92304E-15,       NoValue
D:/MoVerHu_Projekt/FE_Modell/FE-Abaqus-Model/Job-19.odb,Step-163,Increment      6: Step Time =    1.000,"LAGERSITZ_NEU-1",         12829,             6,         12585,      -109.184,      -49.5337,      -57.7270,"ASSEMBLY_LAGERSITZ_NEU-1_SET-GEHAEUSE","ALUMINIUM",NA,            0.,            0.,            0.,            0.,  -398.200E-18,  -4.92304E-15,       NoValue
D:/MoVerHu_Projekt/FE_Modell/FE-Abaqus-Model/Job-19.odb,Step-163,Increment      6: Step Time =    1.000,"LAGERSITZ_NEU-1",         12833,             6,         12585,      -109.184,      -49.5337,      -57.7270,"ASSEMBLY_LAGERSITZ_NEU-1_SET-GEHAEUSE","ALUMINIUM",NA,            0.,            0.,            0.,            0.,  -398.200E-18,  -4.92304E-15,       NoValue
D:/MoVerHu_Projekt/FE_Modell/FE-Abaqus-Model/Job-19.odb,Step-163,Increment      6: Step Time =    1.000,"LAGERSITZ_NEU-1",         12834,             6,         12586,      -106.184,      -49.5337,      -57.7270,"ASSEMBLY_LAGERSITZ_NEU-1_SET-GEHAEUSE","ALUMINIUM",NA,            0.,            0.,            0.,            0.,   1.49093E-15,  -5.13982E-15,       NoValue
D:/MoVerHu_Projekt/FE_Modell/FE-Abaqus-Model/Job-19.odb,Step-163,Increment      6: Step Time =    1.000,"LAGERSITZ_NEU-1",         12829,             6,         12586,      -106.184,      -49.5337,      -57.7270,"ASSEMBLY_LAGERSITZ_NEU-1_SET-GEHAEUSE","ALUMINIUM",NA,            0.,            0.,            0.,            0.,   1.49093E-15,  -5.13982E-15,       NoValue
D:/MoVerHu_Projekt/FE_Modell/FE-Abaqus-Model/Job-19.odb,Step-163,Increment      6: Step Time =    1.000,"LAGERSITZ_NEU-1",         12830,             6,         12586,      -106.184,      -49.5337,      -57.7270,"ASSEMBLY_LAGERSITZ_NEU-1_SET-GEHAEUSE","ALUMINIUM",NA,            0.,            0.,            0.,            0.,   1.49093E-15,  -5.13982E-15,       NoValue
D:/MoVerHu_Projekt/FE_Modell/FE-Abaqus-Model/Job-19.odb,Step-163,Increment      6: Step Time =    1.000,"LAGERSITZ_NEU-1",         12835,             6,         12586,      -106.184,      -49.5337,      -57.7270,"ASSEMBLY_LAGERSITZ_NEU-1_SET-GEHAEUSE","ALUMINIUM",NA,            0.,            0.,            0.,            0.,   1.49093E-15,  -5.13982E-15,       NoValue
D:/MoVerHu_Projekt/FE_Modell/FE-Abaqus-Model/Job-19.odb,Step-163,Increment      6: Step Time =    1.000,"LAGERSITZ_NEU-1",         12830,             6,         12587,      -103.184,      -49.5337,      -57.7270,"ASSEMBLY_LAGERSITZ_NEU-1_SET-GEHAEUSE","ALUMINIUM",NA,            0.,            0.,            0.,            0.,   2.59843E-15,  -6.16744E-15,       NoValue
D:/MoVerHu_Projekt/FE_Modell/FE-Abaqus-Model/Job-19.odb,Step-163,Increment      6: Step Time =    1.000,"LAGERSITZ_NEU-1",         12831,             6,         12587,      -103.184,      -49.5337,      -57.7270,"ASSEMBLY_LAGERSITZ_NEU-1_SET-GEHAEUSE","ALUMINIUM",NA,            0.,            0.,            0.,            0.,   2.59843E-15,  -6.16744E-15,       NoValue
D:/MoVerHu_Projekt/FE_Modell/FE-Abaqus-Model/Job-19.odb,Step-163,Increment      6: Step Time =    1.000,"LAGERSITZ_NEU-1",         12836,             6,         12587,      -103.184,      -49.5337,      -57.7270,"ASSEMBLY_LAGERSITZ_NEU-1_SET-GEHAEUSE","ALUMINIUM",NA,            0.,            0.,            0.,            0.,   2.59843E-15,  -6.16744E-15,       NoValue
D:/MoVerHu_Projekt/FE_Modell/FE-Abaqus-Model/Job-19.odb,Step-163,Increment      6: Step Time =    1.000,"LAGERSITZ_NEU-1",         12835,             6,         12587,      -103.184,      -49.5337,      -57.7270,"ASSEMBLY_LAGERSITZ_NEU-1_SET-GEHAEUSE","ALUMINIUM",NA,            0.,            0.,            0.,            0.,   2.59843E-15,  -6.16744E-15,       NoValue
D:/MoVerHu_Projekt/FE_Modell/FE-Abaqus-Model/Job-19.odb,Step-163,Increment      6: Step Time =    1.000,"LAGERSITZ_NEU-1",         12832,             6,         12588,      -100.184,      -49.5337,      -57.7270,"ASSEMBLY_LAGERSITZ_NEU-1_SET-GEHAEUSE","ALUMINIUM",NA,            0.,            0.,            0.,            0.,  -332.518E-18,  -5.44298E-15,       NoValue
D:/MoVerHu_Projekt/FE_Modell/FE-Abaqus-Model/Job-19.odb,Step-163,Increment      6: Step Time =    1.000,"LAGERSITZ_NEU-1",         12836,             6,         12588,      -100.184,      -49.5337,      -57.7270,"ASSEMBLY_LAGERSITZ_NEU-1_SET-GEHAEUSE","ALUMINIUM",NA,            0.,            0.,            0.,            0.,  -332.518E-18,  -5.44298E-15,       NoValue
D:/MoVerHu_Projekt/FE_Modell/FE-Abaqus-Model/Job-19.odb,Step-163,Increment      6: Step Time =    1.000,"LAGERSITZ_NEU-1",         12837,             6,         12588,      -100.184,      -49.5337,      -57.7270,"ASSEMBLY_LAGERSITZ_NEU-1_SET-GEHAEUSE","ALUMINIUM",NA,            0.,            0.,            0.,            0.,  -332.518E-18,  -5.44298E-15,       NoValue
D:/MoVerHu_Projekt/FE_Modell/FE-Abaqus-Model/Job-19.odb,Step-163,Increment      6: Step Time =    1.000,"LAGERSITZ_NEU-1",         12831,             6,         12588,      -100.184,      -49.5337,      -57.7270,"ASSEMBLY_LAGERSITZ_NEU-1_SET-GEHAEUSE","ALUMINIUM",NA,            0.,            0.,            0.,            0.,  -332.518E-18,  -5.44298E-15,       NoValue
D:/MoVerHu_Projekt/FE_Modell/FE-Abaqus-Model/Job-19.odb,Step-163,Increment      6: Step Time =    1.000,"LAGERSITZ_NEU-1",         12839,             6,         12589,      -109.184,      -47.9219,      -59.8493,"ASSEMBLY_LAGERSITZ_NEU-1_SET-GEHAEUSE","ALUMINIUM",NA,            0.,            0.,            0.,            0.,   1.98468E-15,   806.224E-18,       NoValue
D:/MoVerHu_Projekt/FE_Modell/FE-Abaqus-Model/Job-19.odb,Step-163,Increment      6: Step Time =    1.000,"LAGERSITZ_NEU-1",         12834,             6,         12589,      -109.184,      -47.9219,      -59.8493,"ASSEMBLY_LAGERSITZ_NEU-1_SET-GEHAEUSE","ALUMINIUM",NA,            0.,            0.,            0.,            0.,   1.98468E-15,   806.224E-18,       NoValue
D:/MoVerHu_Projekt/FE_Modell/FE-Abaqus-Model/Job-19.odb,Step-163,Increment      6: Step Time =    1.000,"LAGERSITZ_NEU-1",         12833,             6,         12589,      -109.184,      -47.9219,      -59.8493,"ASSEMBLY_LAGERSITZ_NEU-1_SET-GEHAEUSE","ALUMINIUM",NA,            0.,            0.,            0.,            0.,   1.98468E-15,   806.224E-18,       NoValue
D:/MoVerHu_Projekt/FE_Modell/FE-Abaqus-Model/Job-19.odb,Step-163,Increment      6: Step Time =    1.000,"LAGERSITZ_NEU-1",         12838,             6,         12589,      -109.184,      -47.9219,      -59.8493,"ASSEMBLY_LAGERSITZ_NEU-1_SET-GEHAEUSE","ALUMINIUM",NA,            0.,            0.,            0.,            0.,   1.98468E-15,   806.224E-18,       NoValue
D:/MoVerHu_Projekt/FE_Modell/FE-Abaqus-Model/Job-19.odb,Step-163,Increment      6: Step Time =    1.000,"LAGERSITZ_NEU-1",         12840,             6,         12590,      -106.184,      -47.9219,      -59.8493,"ASSEMBLY_LAGERSITZ_NEU-1_SET-GEHAEUSE","ALUMINIUM",NA,            0.,            0.,            0.,            0.,   2.79532E-15,   648.443E-18,       NoValue
D:/MoVerHu_Projekt/FE_Modell/FE-Abaqus-Model/Job-19.odb,Step-163,Increment      6: Step Time =    1.000,"LAGERSITZ_NEU-1",         12835,             6,         12590,      -106.184,      -47.9219,      -59.8493,"ASSEMBLY_LAGERSITZ_NEU-1_SET-GEHAEUSE","ALUMINIUM",NA,            0.,            0.,            0.,            0.,   2.79532E-15,   648.443E-18,       NoValue
D:/MoVerHu_Projekt/FE_Modell/FE-Abaqus-Model/Job-19.odb,Step-163,Increment      6: Step Time =    1.000,"LAGERSITZ_NEU-1",         12834,             6,         12590,      -106.184,      -47.9219,      -59.8493,"ASSEMBLY_LAGERSITZ_NEU-1_SET-GEHAEUSE","ALUMINIUM",NA,            0.,            0.,            0.,            0.,   2.79532E-15,   648.443E-18,       NoValue
D:/MoVerHu_Projekt/FE_Modell/FE-Abaqus-Model/Job-19.odb,Step-163,Increment      6: Step Time =    1.000,"LAGERSITZ_NEU-1",         12839,             6,         12590,      -106.184,      -47.9219,      -59.8493,"ASSEMBLY_LAGERSITZ_NEU-1_SET-GEHAEUSE","ALUMINIUM",NA,            0.,            0.,            0.,            0.,   2.79532E-15,   648.443E-18,       NoValue
D:/MoVerHu_Projekt/FE_Modell/FE-Abaqus-Model/Job-19.odb,Step-163,Increment      6: Step Time =    1.000,"LAGERSITZ_NEU-1",         12841,             6,         12591,      -103.184,      -47.9219,      -59.8493,"ASSEMBLY_LAGERSITZ_NEU-1_SET-GEHAEUSE","ALUMINIUM",NA,            0.,            0.,            0.,            0.,   3.38098E-15,   200.293E-18,       NoValue
D:/MoVerHu_Projekt/FE_Modell/FE-Abaqus-Model/Job-19.odb,Step-163,Increment      6: Step Time =    1.000,"LAGERSITZ_NEU-1",         12836,             6,         12591,      -103.184,      -47.9219,      -59.8493,"ASSEMBLY_LAGERSITZ_NEU-1_SET-GEHAEUSE","ALUMINIUM",NA,            0.,            0.,            0.,            0.,   3.38098E-15,   200.293E-18,       NoValue
D:/MoVerHu_Projekt/FE_Modell/FE-Abaqus-Model/Job-19.odb,Step-163,Increment      6: Step Time =    1.000,"LAGERSITZ_NEU-1",         12835,             6,         12591,      -103.184,      -47.9219,      -59.8493,"ASSEMBLY_LAGERSITZ_NEU-1_SET-GEHAEUSE","ALUMINIUM",NA,            0.,            0.,            0.,            0.,   3.38098E-15,   200.293E-18,       NoValue
D:/MoVerHu_Projekt/FE_Modell/FE-Abaqus-Model/Job-19.odb,Step-163,Increment      6: Step Time =    1.000,"LAGERSITZ_NEU-1",         12840,             6,         12591,      -103.184,      -47.9219,      -59.8493,"ASSEMBLY_LAGERSITZ_NEU-1_SET-GEHAEUSE","ALUMINIUM",NA,            0.,            0.,            0.,            0.,   3.38098E-15,   200.293E-18,       NoValue
D:/MoVerHu_Projekt/FE_Modell/FE-Abaqus-Model/Job-19.odb,Step-163,Increment      6: Step Time =    1.000,"LAGERSITZ_NEU-1",         12842,             6,         12592,      -100.184,      -47.9219,      -59.8493,"ASSEMBLY_LAGERSITZ_NEU-1_SET-GEHAEUSE","ALUMINIUM",NA,            0.,            0.,            0.,            0.,  -1.94307E-15,   1.08472E-15,       NoValue
D:/MoVerHu_Projekt/FE_Modell/FE-Abaqus-Model/Job-19.odb,Step-163,Increment      6: Step Time =    1.000,"LAGERSITZ_NEU-1",         12837,             6,         12592,      -100.184,      -47.9219,      -59.8493,"ASSEMBLY_LAGERSITZ_NEU-1_SET-GEHAEUSE","ALUMINIUM",NA,            0.,            0.,            0.,            0.,  -1.94307E-15,   1.08472E-15,       NoValue
D:/MoVerHu_Projekt/FE_Modell/FE-Abaqus-Model/Job-19.odb,Step-163,Increment      6: Step Time =    1.000,"LAGERSITZ_NEU-1",         12841,             6,         12592,      -100.184,      -47.9219,      -59.8493,"ASSEMBLY_LAGERSITZ_NEU-1_SET-GEHAEUSE","ALUMINIUM",NA,            0.,            0.,            0.,            0.,  -1.94307E-15,   1.08472E-15,       NoValue
D:/MoVerHu_Projekt/FE_Modell/FE-Abaqus-Model/Job-19.odb,Step-163,Increment      6: Step Time =    1.000,"LAGERSITZ_NEU-1",         12836,             6,         12592,      -100.184,      -47.9219,      -59.8493,"ASSEMBLY_LAGERSITZ_NEU-1_SET-GEHAEUSE","ALUMINIUM",NA,            0.,            0.,            0.,            0.,  -1.94307E-15,   1.08472E-15,       NoValue
D:/MoVerHu_Projekt/FE_Modell/FE-Abaqus-Model/Job-19.odb,Step-163,Increment      6: Step Time =    1.000,"LAGERSITZ_NEU-1",         12839,             6,         12593,      -109.184,      -46.2092,      -61.8911,"ASSEMBLY_LAGERSITZ_NEU-1_SET-GEHAEUSE","ALUMINIUM",NA,            0.,            0.,            0.,            0.,   1.16489E-15,   847.842E-18,       NoValue
D:/MoVerHu_Projekt/FE_Modell/FE-Abaqus-Model/Job-19.odb,Step-163,Increment      6: Step Time =    1.000,"LAGERSITZ_NEU-1",         12844,             6,         12593,      -109.184,      -46.2092,      -61.8911,"ASSEMBLY_LAGERSITZ_NEU-1_SET-GEHAEUSE","ALUMINIUM",NA,            0.,            0.,            0.,            0.,   1.16489E-15,   847.842E-18,       NoValue
D:/MoVerHu_Projekt/FE_Modell/FE-Abaqus-Model/Job-19.odb,Step-163,Increment      6: Step Time =    1.000,"LAGERSITZ_NEU-1",         12838,             6,         12593,      -109.184,      -46.2092,      -61.8911,"ASSEMBLY_LAGERSITZ_NEU-1_SET-GEHAEUSE","ALUMINIUM",NA,            0.,            0.,            0.,            0.,   1.16489E-15,   847.842E-18,       NoValue
D:/MoVerHu_Projekt/FE_Modell/FE-Abaqus-Model/Job-19.odb,Step-163,Increment      6: Step Time =    1.000,"LAGERSITZ_NEU-1",         12843,             6,         12593,      -109.184,      -46.2092,      -61.8911,"ASSEMBLY_LAGERSITZ_NEU-1_SET-GEHAEUSE","ALUMINIUM",NA,            0.,            0.,            0.,            0.,   1.16489E-15,   847.842E-18,       NoValue
D:/MoVerHu_Projekt/FE_Modell/FE-Abaqus-Model/Job-19.odb,Step-163,Increment      6: Step Time =    1.000,"LAGERSITZ_NEU-1",         12844,             6,         12594,      -106.184,      -46.2092,      -61.8911,"ASSEMBLY_LAGERSITZ_NEU-1_SET-GEHAEUSE","ALUMINIUM",NA,            0.,            0.,            0.,            0.,  -1.18358E-15,   948.282E-18,       NoValue
D:/MoVerHu_Projekt/FE_Modell/FE-Abaqus-Model/Job-19.odb,Step-163,Increment      6: Step Time =    1.000,"LAGERSITZ_NEU-1",         12839,             6,         12594,      -106.184,      -46.2092,      -61.8911,"ASSEMBLY_LAGERSITZ_NEU-1_SET-GEHAEUSE","ALUMINIUM",NA,            0.,            0.,            0.,            0.,  -1.18358E-15,   948.282E-18,       NoValue
D:/MoVerHu_Projekt/FE_Modell/FE-Abaqus-Model/Job-19.odb,Step-163,Increment      6: Step Time =    1.000,"LAGERSITZ_NEU-1",         12845,             6,         12594,      -106.184,      -46.2092,      -61.8911,"ASSEMBLY_LAGERSITZ_NEU-1_SET-GEHAEUSE","ALUMINIUM",NA,            0.,            0.,            0.,            0.,  -1.18358E-15,   948.282E-18,       NoValue
D:/MoVerHu_Projekt/FE_Modell/FE-Abaqus-Model/Job-19.odb,Step-163,Increment      6: Step Time =    1.000,"LAGERSITZ_NEU-1",         12840,             6,         12594,      -106.184,      -46.2092,      -61.8911,"ASSEMBLY_LAGERSITZ_NEU-1_SET-GEHAEUSE","ALUMINIUM",NA,            0.,            0.,            0.,            0.,  -1.18358E-15,   948.282E-18,       NoValue
D:/MoVerHu_Projekt/FE_Modell/FE-Abaqus-Model/Job-19.odb,Step-163,Increment      6: Step Time =    1.000,"LAGERSITZ_NEU-1",         12845,             6,         12595,      -103.184,      -46.2092,      -61.8911,"ASSEMBLY_LAGERSITZ_NEU-1_SET-GEHAEUSE","ALUMINIUM",NA,            0.,            0.,            0.,            0.,   161.236E-18,   2.13692E-15,       NoValue
D:/MoVerHu_Projekt/FE_Modell/FE-Abaqus-Model/Job-19.odb,Step-163,Increment      6: Step Time =    1.000,"LAGERSITZ_NEU-1",         12840,             6,         12595,      -103.184,      -46.2092,      -61.8911,"ASSEMBLY_LAGERSITZ_NEU-1_SET-GEHAEUSE","ALUMINIUM",NA,            0.,            0.,            0.,            0.,   161.236E-18,   2.13692E-15,       NoValue
D:/MoVerHu_Projekt/FE_Modell/FE-Abaqus-Model/Job-19.odb,Step-163,Increment      6: Step Time =    1.000,"LAGERSITZ_NEU-1",         12846,             6,         12595,      -103.184,      -46.2092,      -61.8911,"ASSEMBLY_LAGERSITZ_NEU-1_SET-GEHAEUSE","ALUMINIUM",NA,            0.,            0.,            0.,            0.,   161.236E-18,   2.13692E-15,       NoValue
D:/MoVerHu_Projekt/FE_Modell/FE-Abaqus-Model/Job-19.odb,Step-163,Increment      6: Step Time =    1.000,"LAGERSITZ_NEU-1",         12841,             6,         12595,      -103.184,      -46.2092,      -61.8911,"ASSEMBLY_LAGERSITZ_NEU-1_SET-GEHAEUSE","ALUMINIUM",NA,            0.,            0.,            0.,            0.,   161.236E-18,   2.13692E-15,       NoValue
D:/MoVerHu_Projekt/FE_Modell/FE-Abaqus-Model/Job-19.odb,Step-163,Increment      6: Step Time =    1.000,"LAGERSITZ_NEU-1",         12846,             6,         12596,      -100.184,      -46.2092,      -61.8911,"ASSEMBLY_LAGERSITZ_NEU-1_SET-GEHAEUSE","ALUMINIUM",NA,            0.,            0.,            0.,            0.,  -2.20232E-15,   3.43555E-15,       NoValue
D:/MoVerHu_Projekt/FE_Modell/FE-Abaqus-Model/Job-19.odb,Step-163,Increment      6: Step Time =    1.000,"LAGERSITZ_NEU-1",         12842,             6,         12596,      -100.184,      -46.2092,      -61.8911,"ASSEMBLY_LAGERSITZ_NEU-1_SET-GEHAEUSE","ALUMINIUM",NA,            0.,            0.,            0.,            0.,  -2.20232E-15,   3.43555E-15,       NoValue
D:/MoVerHu_Projekt/FE_Modell/FE-Abaqus-Model/Job-19.odb,Step-163,Increment      6: Step Time =    1.000,"LAGERSITZ_NEU-1",         12841,             6,         12596,      -100.184,      -46.2092,      -61.8911,"ASSEMBLY_LAGERSITZ_NEU-1_SET-GEHAEUSE","ALUMINIUM",NA,            0.,            0.,            0.,            0.,  -2.20232E-15,   3.43555E-15,       NoValue
D:/MoVerHu_Projekt/FE_Modell/FE-Abaqus-Model/Job-19.odb,Step-163,Increment      6: Step Time =    1.000,"LAGERSITZ_NEU-1",         12847,             6,         12596,      -100.184,      -46.2092,      -61.8911,"ASSEMBLY_LAGERSITZ_NEU-1_SET-GEHAEUSE","ALUMINIUM",NA,            0.,            0.,            0.,            0.,  -2.20232E-15,   3.43555E-15,       NoValue
D:/MoVerHu_Projekt/FE_Modell/FE-Abaqus-Model/Job-19.odb,Step-163,Increment      6: Step Time =    1.000,"LAGERSITZ_NEU-1",         12844,             6,         12597,      -109.184,      -44.3996,      -63.8475,"ASSEMBLY_LAGERSITZ_NEU-1_SET-GEHAEUSE","ALUMINIUM",NA,            0.,            0.,            0.,            0.,  -1.21918E-15,   2.68272E-15,       NoValue
D:/MoVerHu_Projekt/FE_Modell/FE-Abaqus-Model/Job-19.odb,Step-163,Increment      6: Step Time =    1.000,"LAGERSITZ_NEU-1",         12843,             6,         12597,      -109.184,      -44.3996,      -63.8475,"ASSEMBLY_LAGERSITZ_NEU-1_SET-GEHAEUSE","ALUMINIUM",NA,            0.,            0.,            0.,            0.,  -1.21918E-15,   2.68272E-15,       NoValue
D:/MoVerHu_Projekt/FE_Modell/FE-Abaqus-Model/Job-19.odb,Step-163,Increment      6: Step Time =    1.000,"LAGERSITZ_NEU-1",         12848,             6,         12597,      -109.184,      -44.3996,      -63.8475,"ASSEMBLY_LAGERSITZ_NEU-1_SET-GEHAEUSE","ALUMINIUM",NA,            0.,            0.,            0.,            0.,  -1.21918E-15,   2.68272E-15,       NoValue
D:/MoVerHu_Projekt/FE_Modell/FE-Abaqus-Model/Job-19.odb,Step-163,Increment      6: Step Time =    1.000,"LAGERSITZ_NEU-1",         12849,             6,         12597,      -109.184,      -44.3996,      -63.8475,"ASSEMBLY_LAGERSITZ_NEU-1_SET-GEHAEUSE","ALUMINIUM",NA,            0.,            0.,            0.,            0.,  -1.21918E-15,   2.68272E-15,       NoValue
D:/MoVerHu_Projekt/FE_Modell/FE-Abaqus-Model/Job-19.odb,Step-163,Increment      6: Step Time =    1.000,"LAGERSITZ_NEU-1",         12850,             6,         12598,      -106.184,      -44.3996,      -63.8475,"ASSEMBLY_LAGERSITZ_NEU-1_SET-GEHAEUSE","ALUMINIUM",NA,            0.,            0.,            0.,            0.,  -1.59430E-15,   86.7671E-18,       NoValue
D:/MoVerHu_Projekt/FE_Modell/FE-Abaqus-Model/Job-19.odb,Step-163,Increment      6: Step Time =    1.000,"LAGERSITZ_NEU-1",         12845,             6,         12598,      -106.184,      -44.3996,      -63.8475,"ASSEMBLY_LAGERSITZ_NEU-1_SET-GEHAEUSE","ALUMINIUM",NA,            0.,            0.,            0.,            0.,  -1.59430E-15,   86.7671E-18,       NoValue
D:/MoVerHu_Projekt/FE_Modell/FE-Abaqus-Model/Job-19.odb,Step-163,Increment      6: Step Time =    1.000,"LAGERSITZ_NEU-1",         12849,             6,         12598,      -106.184,      -44.3996,      -63.8475,"ASSEMBLY_LAGERSITZ_NEU-1_SET-GEHAEUSE","ALUMINIUM",NA,            0.,            0.,            0.,            0.,  -1.59430E-15,   86.7671E-18,       NoValue
D:/MoVerHu_Projekt/FE_Modell/FE-Abaqus-Model/Job-19.odb,Step-163,Increment      6: Step Time =    1.000,"LAGERSITZ_NEU-1",         12844,             6,         12598,      -106.184,      -44.3996,      -63.8475,"ASSEMBLY_LAGERSITZ_NEU-1_SET-GEHAEUSE","ALUMINIUM",NA,            0.,            0.,            0.,            0.,  -1.59430E-15,   86.7671E-18,       NoValue
D:/MoVerHu_Projekt/FE_Modell/FE-Abaqus-Model/Job-19.odb,Step-163,Increment      6: Step Time =    1.000,"LAGERSITZ_NEU-1",         12850,             6,         12599,      -103.184,      -44.3996,      -63.8475,"ASSEMBLY_LAGERSITZ_NEU-1_SET-GEHAEUSE","ALUMINIUM",NA,            0.,            0.,            0.,            0.,  -933.956E-18,   481.104E-18,       NoValue
D:/MoVerHu_Projekt/FE_Modell/FE-Abaqus-Model/Job-19.odb,Step-163,Increment      6: Step Time =    1.000,"LAGERSITZ_NEU-1",         12851,             6,         12599,      -103.184,      -44.3996,      -63.8475,"ASSEMBLY_LAGERSITZ_NEU-1_SET-GEHAEUSE","ALUMINIUM",NA,            0.,            0.,            0.,            0.,  -933.956E-18,   481.104E-18,       NoValue
D:/MoVerHu_Projekt/FE_Modell/FE-Abaqus-Model/Job-19.odb,Step-163,Increment      6: Step Time =    1.000,"LAGERSITZ_NEU-1",         12845,             6,         12599,      -103.184,      -44.3996,      -63.8475,"ASSEMBLY_LAGERSITZ_NEU-1_SET-GEHAEUSE","ALUMINIUM",NA,            0.,            0.,            0.,            0.,  -933.956E-18,   481.104E-18,       NoValue
D:/MoVerHu_Projekt/FE_Modell/FE-Abaqus-Model/Job-19.odb,Step-163,Increment      6: Step Time =    1.000,"LAGERSITZ_NEU-1",         12846,             6,         12599,      -103.184,      -44.3996,      -63.8475,"ASSEMBLY_LAGERSITZ_NEU-1_SET-GEHAEUSE","ALUMINIUM",NA,            0.,            0.,            0.,            0.,  -933.956E-18,   481.104E-18,       NoValue
D:/MoVerHu_Projekt/FE_Modell/FE-Abaqus-Model/Job-19.odb,Step-163,Increment      6: Step Time =    1.000,"LAGERSITZ_NEU-1",         12852,             6,         12600,      -100.184,      -44.3996,      -63.8475,"ASSEMBLY_LAGERSITZ_NEU-1_SET-GEHAEUSE","ALUMINIUM",NA,            0.,            0.,            0.,            0.,  -2.20361E-15,   939.814E-18,       NoValue
D:/MoVerHu_Projekt/FE_Modell/FE-Abaqus-Model/Job-19.odb,Step-163,Increment      6: Step Time =    1.000,"LAGERSITZ_NEU-1",         12846,             6,         12600,      -100.184,      -44.3996,      -63.8475,"ASSEMBLY_LAGERSITZ_NEU-1_SET-GEHAEUSE","ALUMINIUM",NA,            0.,            0.,            0.,            0.,  -2.20361E-15,   939.814E-18,       NoValue
D:/MoVerHu_Projekt/FE_Modell/FE-Abaqus-Model/Job-19.odb,Step-163,Increment      6: Step Time =    1.000,"LAGERSITZ_NEU-1",         12851,             6,         12600,      -100.184,      -44.3996,      -63.8475,"ASSEMBLY_LAGERSITZ_NEU-1_SET-GEHAEUSE","ALUMINIUM",NA,            0.,            0.,            0.,            0.,  -2.20361E-15,   939.814E-18,       NoValue
D:/MoVerHu_Projekt/FE_Modell/FE-Abaqus-Model/Job-19.odb,Step-163,Increment      6: Step Time =    1.000,"LAGERSITZ_NEU-1",         12847,             6,         12600,      -100.184,      -44.3996,      -63.8475,"ASSEMBLY_LAGERSITZ_NEU-1_SET-GEHAEUSE","ALUMINIUM",NA,            0.,            0.,            0.,            0.,  -2.20361E-15,   939.814E-18,       NoValue
D:/MoVerHu_Projekt/FE_Modell/FE-Abaqus-Model/Job-19.odb,Step-163,Increment      6: Step Time =    1.000,"LAGERSITZ_NEU-1",         12853,             6,         12601,      -109.184,      -42.4974,      -65.7139,"ASSEMBLY_LAGERSITZ_NEU-1_SET-GEHAEUSE","ALUMINIUM",NA,            0.,            0.,            0.,            0.,  -1.83082E-15,  -3.79695E-15,       NoValue
D:/MoVerHu_Projekt/FE_Modell/FE-Abaqus-Model/Job-19.odb,Step-163,Increment      6: Step Time =    1.000,"LAGERSITZ_NEU-1",         12849,             6,         12601,      -109.184,      -42.4974,      -65.7139,"ASSEMBLY_LAGERSITZ_NEU-1_SET-GEHAEUSE","ALUMINIUM",NA,            0.,            0.,            0.,            0.,  -1.83082E-15,  -3.79695E-15,       NoValue
D:/MoVerHu_Projekt/FE_Modell/FE-Abaqus-Model/Job-19.odb,Step-163,Increment      6: Step Time =    1.000,"LAGERSITZ_NEU-1",         12848,             6,         12601,      -109.184,      -42.4974,      -65.7139,"ASSEMBLY_LAGERSITZ_NEU-1_SET-GEHAEUSE","ALUMINIUM",NA,            0.,            0.,            0.,            0.,  -1.83082E-15,  -3.79695E-15,       NoValue
D:/MoVerHu_Projekt/FE_Modell/FE-Abaqus-Model/Job-19.odb,Step-163,Increment      6: Step Time =    1.000,"LAGERSITZ_NEU-1",         12854,             6,         12601,      -109.184,      -42.4974,      -65.7139,"ASSEMBLY_LAGERSITZ_NEU-1_SET-GEHAEUSE","ALUMINIUM",NA,            0.,            0.,            0.,            0.,  -1.83082E-15,  -3.79695E-15,       NoValue
D:/MoVerHu_Projekt/FE_Modell/FE-Abaqus-Model/Job-19.odb,Step-163,Increment      6: Step Time =    1.000,"LAGERSITZ_NEU-1",         12854,             6,         12602,      -106.184,      -42.4974,      -65.7139,"ASSEMBLY_LAGERSITZ_NEU-1_SET-GEHAEUSE","ALUMINIUM",NA,            0.,            0.,            0.,            0.,   813.955E-18,  -3.72296E-15,       NoValue
D:/MoVerHu_Projekt/FE_Modell/FE-Abaqus-Model/Job-19.odb,Step-163,Increment      6: Step Time =    1.000,"LAGERSITZ_NEU-1",         12849,             6,         12602,      -106.184,      -42.4974,      -65.7139,"ASSEMBLY_LAGERSITZ_NEU-1_SET-GEHAEUSE","ALUMINIUM",NA,            0.,            0.,            0.,            0.,   813.955E-18,  -3.72296E-15,       NoValue
D:/MoVerHu_Projekt/FE_Modell/FE-Abaqus-Model/Job-19.odb,Step-163,Increment      6: Step Time =    1.000,"LAGERSITZ_NEU-1",         12850,             6,         12602,      -106.184,      -42.4974,      -65.7139,"ASSEMBLY_LAGERSITZ_NEU-1_SET-GEHAEUSE","ALUMINIUM",NA,            0.,            0.,            0.,            0.,   813.955E-18,  -3.72296E-15,       NoValue
D:/MoVerHu_Projekt/FE_Modell/FE-Abaqus-Model/Job-19.odb,Step-163,Increment      6: Step Time =    1.000,"LAGERSITZ_NEU-1",         12855,             6,         12602,      -106.184,      -42.4974,      -65.7139,"ASSEMBLY_LAGERSITZ_NEU-1_SET-GEHAEUSE","ALUMINIUM",NA,            0.,            0.,            0.,            0.,   813.955E-18,  -3.72296E-15,       NoValue
D:/MoVerHu_Projekt/FE_Modell/FE-Abaqus-Model/Job-19.odb,Step-163,Increment      6: Step Time =    1.000,"LAGERSITZ_NEU-1",         12855,             6,         12603,      -103.184,      -42.4974,      -65.7139,"ASSEMBLY_LAGERSITZ_NEU-1_SET-GEHAEUSE","ALUMINIUM",NA,            0.,            0.,            0.,            0.,  -650.482E-18,  -2.62237E-15,       NoValue
D:/MoVerHu_Projekt/FE_Modell/FE-Abaqus-Model/Job-19.odb,Step-163,Increment      6: Step Time =    1.000,"LAGERSITZ_NEU-1",         12850,             6,         12603,      -103.184,      -42.4974,      -65.7139,"ASSEMBLY_LAGERSITZ_NEU-1_SET-GEHAEUSE","ALUMINIUM",NA,            0.,            0.,            0.,            0.,  -650.482E-18,  -2.62237E-15,       NoValue
D:/MoVerHu_Projekt/FE_Modell/FE-Abaqus-Model/Job-19.odb,Step-163,Increment      6: Step Time =    1.000,"LAGERSITZ_NEU-1",         12856,             6,         12603,      -103.184,      -42.4974,      -65.7139,"ASSEMBLY_LAGERSITZ_NEU-1_SET-GEHAEUSE","ALUMINIUM",NA,            0.,            0.,            0.,            0.,  -650.482E-18,  -2.62237E-15,       NoValue
D:/MoVerHu_Projekt/FE_Modell/FE-Abaqus-Model/Job-19.odb,Step-163,Increment      6: Step Time =    1.000,"LAGERSITZ_NEU-1",         12851,             6,         12603,      -103.184,      -42.4974,      -65.7139,"ASSEMBLY_LAGERSITZ_NEU-1_SET-GEHAEUSE","ALUMINIUM",NA,            0.,            0.,            0.,            0.,  -650.482E-18,  -2.62237E-15,       NoValue
D:/MoVerHu_Projekt/FE_Modell/FE-Abaqus-Model/Job-19.odb,Step-163,Increment      6: Step Time =    1.000,"LAGERSITZ_NEU-1",         12856,             6,         12604,      -100.184,      -42.4974,      -65.7139,"ASSEMBLY_LAGERSITZ_NEU-1_SET-GEHAEUSE","ALUMINIUM",NA,            0.,            0.,            0.,            0.,  -4.56314E-15,  -3.21080E-15,       NoValue
D:/MoVerHu_Projekt/FE_Modell/FE-Abaqus-Model/Job-19.odb,Step-163,Increment      6: Step Time =    1.000,"LAGERSITZ_NEU-1",         12851,             6,         12604,      -100.184,      -42.4974,      -65.7139,"ASSEMBLY_LAGERSITZ_NEU-1_SET-GEHAEUSE","ALUMINIUM",NA,            0.,            0.,            0.,            0.,  -4.56314E-15,  -3.21080E-15,       NoValue
D:/MoVerHu_Projekt/FE_Modell/FE-Abaqus-Model/Job-19.odb,Step-163,Increment      6: Step Time =    1.000,"LAGERSITZ_NEU-1",         12857,             6,         12604,      -100.184,      -42.4974,      -65.7139,"ASSEMBLY_LAGERSITZ_NEU-1_SET-GEHAEUSE","ALUMINIUM",NA,            0.,            0.,            0.,            0.,  -4.56314E-15,  -3.21080E-15,       NoValue
D:/MoVerHu_Projekt/FE_Modell/FE-Abaqus-Model/Job-19.odb,Step-163,Increment      6: Step Time =    1.000,"LAGERSITZ_NEU-1",         12852,             6,         12604,      -100.184,      -42.4974,      -65.7139,"ASSEMBLY_LAGERSITZ_NEU-1_SET-GEHAEUSE","ALUMINIUM",NA,            0.,            0.,            0.,            0.,  -4.56314E-15,  -3.21080E-15,       NoValue
D:/MoVerHu_Projekt/FE_Modell/FE-Abaqus-Model/Job-19.odb,Step-163,Increment      6: Step Time =    1.000,"LAGERSITZ_NEU-1",         12854,             6,         12605,      -109.184,      -40.5069,      -67.4860,"ASSEMBLY_LAGERSITZ_NEU-1_SET-GEHAEUSE","ALUMINIUM",NA,            0.,            0.,            0.,            0.,  -792.410E-18,  -4.81367E-15,       NoValue
D:/MoVerHu_Projekt/FE_Modell/FE-Abaqus-Model/Job-19.odb,Step-163,Increment      6: Step Time =    1.000,"LAGERSITZ_NEU-1",         12853,             6,         12605,      -109.184,      -40.5069,      -67.4860,"ASSEMBLY_LAGERSITZ_NEU-1_SET-GEHAEUSE","ALUMINIUM",NA,            0.,            0.,            0.,            0.,  -792.410E-18,  -4.81367E-15,       NoValue
D:/MoVerHu_Projekt/FE_Modell/FE-Abaqus-Model/Job-19.odb,Step-163,Increment      6: Step Time =    1.000,"LAGERSITZ_NEU-1",         12859,             6,         12605,      -109.184,      -40.5069,      -67.4860,"ASSEMBLY_LAGERSITZ_NEU-1_SET-GEHAEUSE","ALUMINIUM",NA,            0.,            0.,            0.,            0.,  -792.410E-18,  -4.81367E-15,       NoValue
D:/MoVerHu_Projekt/FE_Modell/FE-Abaqus-Model/Job-19.odb,Step-163,Increment      6: Step Time =    1.000,"LAGERSITZ_NEU-1",         12858,             6,         12605,      -109.184,      -40.5069,      -67.4860,"ASSEMBLY_LAGERSITZ_NEU-1_SET-GEHAEUSE","ALUMINIUM",NA,            0.,            0.,            0.,            0.,  -792.410E-18,  -4.81367E-15,       NoValue
D:/MoVerHu_Projekt/FE_Modell/FE-Abaqus-Model/Job-19.odb,Step-163,Increment      6: Step Time =    1.000,"LAGERSITZ_NEU-1",         12854,             6,         12606,      -106.184,      -40.5069,      -67.4860,"ASSEMBLY_LAGERSITZ_NEU-1_SET-GEHAEUSE","ALUMINIUM",NA,            0.,            0.,            0.,            0.,  -855.860E-18,  -5.20756E-15,       NoValue
D:/MoVerHu_Projekt/FE_Modell/FE-Abaqus-Model/Job-19.odb,Step-163,Increment      6: Step Time =    1.000,"LAGERSITZ_NEU-1",         12860,             6,         12606,      -106.184,      -40.5069,      -67.4860,"ASSEMBLY_LAGERSITZ_NEU-1_SET-GEHAEUSE","ALUMINIUM",NA,            0.,            0.,            0.,            0.,  -855.860E-18,  -5.20756E-15,       NoValue
D:/MoVerHu_Projekt/FE_Modell/FE-Abaqus-Model/Job-19.odb,Step-163,Increment      6: Step Time =    1.000,"LAGERSITZ_NEU-1",         12859,             6,         12606,      -106.184,      -40.5069,      -67.4860,"ASSEMBLY_LAGERSITZ_NEU-1_SET-GEHAEUSE","ALUMINIUM",NA,            0.,            0.,            0.,            0.,  -855.860E-18,  -5.20756E-15,       NoValue
D:/MoVerHu_Projekt/FE_Modell/FE-Abaqus-Model/Job-19.odb,Step-163,Increment      6: Step Time =    1.000,"LAGERSITZ_NEU-1",         12855,             6,         12606,      -106.184,      -40.5069,      -67.4860,"ASSEMBLY_LAGERSITZ_NEU-1_SET-GEHAEUSE","ALUMINIUM",NA,            0.,            0.,            0.,            0.,  -855.860E-18,  -5.20756E-15,       NoValue
D:/MoVerHu_Projekt/FE_Modell/FE-Abaqus-Model/Job-19.odb,Step-163,Increment      6: Step Time =    1.000,"LAGERSITZ_NEU-1",         12861,             6,         12607,      -103.184,      -40.5069,      -67.4860,"ASSEMBLY_LAGERSITZ_NEU-1_SET-GEHAEUSE","ALUMINIUM",NA,            0.,            0.,            0.,            0.,   152.690E-18,  -5.08750E-15,       NoValue
D:/MoVerHu_Projekt/FE_Modell/FE-Abaqus-Model/Job-19.odb,Step-163,Increment      6: Step Time =    1.000,"LAGERSITZ_NEU-1",         12855,             6,         12607,      -103.184,      -40.5069,      -67.4860,"ASSEMBLY_LAGERSITZ_NEU-1_SET-GEHAEUSE","ALUMINIUM",NA,            0.,            0.,            0.,            0.,   152.690E-18,  -5.08750E-15,       NoValue
D:/MoVerHu_Projekt/FE_Modell/FE-Abaqus-Model/Job-19.odb,Step-163,Increment      6: Step Time =    1.000,"LAGERSITZ_NEU-1",         12856,             6,         12607,      -103.184,      -40.5069,      -67.4860,"ASSEMBLY_LAGERSITZ_NEU-1_SET-GEHAEUSE","ALUMINIUM",NA,            0.,            0.,            0.,            0.,   152.690E-18,  -5.08750E-15,       NoValue
D:/MoVerHu_Projekt/FE_Modell/FE-Abaqus-Model/Job-19.odb,Step-163,Increment      6: Step Time =    1.000,"LAGERSITZ_NEU-1",         12860,             6,         12607,      -103.184,      -40.5069,      -67.4860,"ASSEMBLY_LAGERSITZ_NEU-1_SET-GEHAEUSE","ALUMINIUM",NA,            0.,            0.,            0.,            0.,   152.690E-18,  -5.08750E-15,       NoValue
D:/MoVerHu_Projekt/FE_Modell/FE-Abaqus-Model/Job-19.odb,Step-163,Increment      6: Step Time =    1.000,"LAGERSITZ_NEU-1",         12862,             6,         12608,      -100.184,      -40.5069,      -67.4860,"ASSEMBLY_LAGERSITZ_NEU-1_SET-GEHAEUSE","ALUMINIUM",NA,            0.,            0.,            0.,            0.,  -4.74724E-15,  -5.70573E-15,       NoValue
D:/MoVerHu_Projekt/FE_Modell/FE-Abaqus-Model/Job-19.odb,Step-163,Increment      6: Step Time =    1.000,"LAGERSITZ_NEU-1",         12861,             6,         12608,      -100.184,      -40.5069,      -67.4860,"ASSEMBLY_LAGERSITZ_NEU-1_SET-GEHAEUSE","ALUMINIUM",NA,            0.,            0.,            0.,            0.,  -4.74724E-15,  -5.70573E-15,       NoValue
D:/MoVerHu_Projekt/FE_Modell/FE-Abaqus-Model/Job-19.odb,Step-163,Increment      6: Step Time =    1.000,"LAGERSITZ_NEU-1",         12856,             6,         12608,      -100.184,      -40.5069,      -67.4860,"ASSEMBLY_LAGERSITZ_NEU-1_SET-GEHAEUSE","ALUMINIUM",NA,            0.,            0.,            0.,            0.,  -4.74724E-15,  -5.70573E-15,       NoValue
D:/MoVerHu_Projekt/FE_Modell/FE-Abaqus-Model/Job-19.odb,Step-163,Increment      6: Step Time =    1.000,"LAGERSITZ_NEU-1",         12857,             6,         12608,      -100.184,      -40.5069,      -67.4860,"ASSEMBLY_LAGERSITZ_NEU-1_SET-GEHAEUSE","ALUMINIUM",NA,            0.,            0.,            0.,            0.,  -4.74724E-15,  -5.70573E-15,       NoValue
D:/MoVerHu_Projekt/FE_Modell/FE-Abaqus-Model/Job-19.odb,Step-163,Increment      6: Step Time =    1.000,"LAGERSITZ_NEU-1",         12858,             6,         12609,      -109.184,      -38.4330,      -69.1597,"ASSEMBLY_LAGERSITZ_NEU-1_SET-GEHAEUSE","ALUMINIUM",NA,            0.,            0.,            0.,            0.,  -2.36653E-15,   1.92579E-15,       NoValue
D:/MoVerHu_Projekt/FE_Modell/FE-Abaqus-Model/Job-19.odb,Step-163,Increment      6: Step Time =    1.000,"LAGERSITZ_NEU-1",         12859,             6,         12609,      -109.184,      -38.4330,      -69.1597,"ASSEMBLY_LAGERSITZ_NEU-1_SET-GEHAEUSE","ALUMINIUM",NA,            0.,            0.,            0.,            0.,  -2.36653E-15,   1.92579E-15,       NoValue
D:/MoVerHu_Projekt/FE_Modell/FE-Abaqus-Model/Job-19.odb,Step-163,Increment      6: Step Time =    1.000,"LAGERSITZ_NEU-1",         12863,             6,         12609,      -109.184,      -38.4330,      -69.1597,"ASSEMBLY_LAGERSITZ_NEU-1_SET-GEHAEUSE","ALUMINIUM",NA,            0.,            0.,            0.,            0.,  -2.36653E-15,   1.92579E-15,       NoValue
D:/MoVerHu_Projekt/FE_Modell/FE-Abaqus-Model/Job-19.odb,Step-163,Increment      6: Step Time =    1.000,"LAGERSITZ_NEU-1",         12864,             6,         12609,      -109.184,      -38.4330,      -69.1597,"ASSEMBLY_LAGERSITZ_NEU-1_SET-GEHAEUSE","ALUMINIUM",NA,            0.,            0.,            0.,            0.,  -2.36653E-15,   1.92579E-15,       NoValue
D:/MoVerHu_Projekt/FE_Modell/FE-Abaqus-Model/Job-19.odb,Step-163,Increment      6: Step Time =    1.000,"LAGERSITZ_NEU-1",         12864,             6,         12610,      -106.184,      -38.4330,      -69.1597,"ASSEMBLY_LAGERSITZ_NEU-1_SET-GEHAEUSE","ALUMINIUM",NA,            0.,            0.,            0.,            0.,   1.63410E-15,   3.23792E-15,       NoValue
D:/MoVerHu_Projekt/FE_Modell/FE-Abaqus-Model/Job-19.odb,Step-163,Increment      6: Step Time =    1.000,"LAGERSITZ_NEU-1",         12859,             6,         12610,      -106.184,      -38.4330,      -69.1597,"ASSEMBLY_LAGERSITZ_NEU-1_SET-GEHAEUSE","ALUMINIUM",NA,            0.,            0.,            0.,            0.,   1.63410E-15,   3.23792E-15,       NoValue
D:/MoVerHu_Projekt/FE_Modell/FE-Abaqus-Model/Job-19.odb,Step-163,Increment      6: Step Time =    1.000,"LAGERSITZ_NEU-1",         12865,             6,         12610,      -106.184,      -38.4330,      -69.1597,"ASSEMBLY_LAGERSITZ_NEU-1_SET-GEHAEUSE","ALUMINIUM",NA,            0.,            0.,            0.,            0.,   1.63410E-15,   3.23792E-15,       NoValue
D:/MoVerHu_Projekt/FE_Modell/FE-Abaqus-Model/Job-19.odb,Step-163,Increment      6: Step Time =    1.000,"LAGERSITZ_NEU-1",         12860,             6,         12610,      -106.184,      -38.4330,      -69.1597,"ASSEMBLY_LAGERSITZ_NEU-1_SET-GEHAEUSE","ALUMINIUM",NA,            0.,            0.,            0.,            0.,   1.63410E-15,   3.23792E-15,       NoValue
D:/MoVerHu_Projekt/FE_Modell/FE-Abaqus-Model/Job-19.odb,Step-163,Increment      6: Step Time =    1.000,"LAGERSITZ_NEU-1",         12866,             6,         12611,      -103.184,      -38.4330,      -69.1597,"ASSEMBLY_LAGERSITZ_NEU-1_SET-GEHAEUSE","ALUMINIUM",NA,            0.,            0.,            0.,            0.,   2.49859E-15,   1.60168E-15,       NoValue
D:/MoVerHu_Projekt/FE_Modell/FE-Abaqus-Model/Job-19.odb,Step-163,Increment      6: Step Time =    1.000,"LAGERSITZ_NEU-1",         12860,             6,         12611,      -103.184,      -38.4330,      -69.1597,"ASSEMBLY_LAGERSITZ_NEU-1_SET-GEHAEUSE","ALUMINIUM",NA,            0.,            0.,            0.,            0.,   2.49859E-15,   1.60168E-15,       NoValue
D:/MoVerHu_Projekt/FE_Modell/FE-Abaqus-Model/Job-19.odb,Step-163,Increment      6: Step Time =    1.000,"LAGERSITZ_NEU-1",         12865,             6,         12611,      -103.184,      -38.4330,      -69.1597,"ASSEMBLY_LAGERSITZ_NEU-1_SET-GEHAEUSE","ALUMINIUM",NA,            0.,            0.,            0.,            0.,   2.49859E-15,   1.60168E-15,       NoValue
D:/MoVerHu_Projekt/FE_Modell/FE-Abaqus-Model/Job-19.odb,Step-163,Increment      6: Step Time =    1.000,"LAGERSITZ_NEU-1",         12861,             6,         12611,      -103.184,      -38.4330,      -69.1597,"ASSEMBLY_LAGERSITZ_NEU-1_SET-GEHAEUSE","ALUMINIUM",NA,            0.,            0.,            0.,            0.,   2.49859E-15,   1.60168E-15,       NoValue
D:/MoVerHu_Projekt/FE_Modell/FE-Abaqus-Model/Job-19.odb,Step-163,Increment      6: Step Time =    1.000,"LAGERSITZ_NEU-1",         12867,             6,         12612,      -100.184,      -38.4330,      -69.1597,"ASSEMBLY_LAGERSITZ_NEU-1_SET-GEHAEUSE","ALUMINIUM",NA,            0.,            0.,            0.,            0.,  -2.92213E-15,   3.25732E-15,       NoValue
D:/MoVerHu_Projekt/FE_Modell/FE-Abaqus-Model/Job-19.odb,Step-163,Increment      6: Step Time =    1.000,"LAGERSITZ_NEU-1",         12866,             6,         12612,      -100.184,      -38.4330,      -69.1597,"ASSEMBLY_LAGERSITZ_NEU-1_SET-GEHAEUSE","ALUMINIUM",NA,            0.,            0.,            0.,            0.,  -2.92213E-15,   3.25732E-15,       NoValue
D:/MoVerHu_Projekt/FE_Modell/FE-Abaqus-Model/Job-19.odb,Step-163,Increment      6: Step Time =    1.000,"LAGERSITZ_NEU-1",         12862,             6,         12612,      -100.184,      -38.4330,      -69.1597,"ASSEMBLY_LAGERSITZ_NEU-1_SET-GEHAEUSE","ALUMINIUM",NA,            0.,            0.,            0.,            0.,  -2.92213E-15,   3.25732E-15,       NoValue
D:/MoVerHu_Projekt/FE_Modell/FE-Abaqus-Model/Job-19.odb,Step-163,Increment      6: Step Time =    1.000,"LAGERSITZ_NEU-1",         12861,             6,         12612,      -100.184,      -38.4330,      -69.1597,"ASSEMBLY_LAGERSITZ_NEU-1_SET-GEHAEUSE","ALUMINIUM",NA,            0.,            0.,            0.,            0.,  -2.92213E-15,   3.25732E-15,       NoValue
D:/MoVerHu_Projekt/FE_Modell/FE-Abaqus-Model/Job-19.odb,Step-163,Increment      6: Step Time =    1.000,"LAGERSITZ_NEU-1",         12868,             6,         12613,      -109.184,      -33.9652,      -72.2514,"ASSEMBLY_LAGERSITZ_NEU-1_SET-GEHAEUSE","ALUMINIUM",NA,            0.,            0.,            0.,            0.,  -1.49059E-18,   2.76196E-15,       NoValue
D:/MoVerHu_Projekt/FE_Modell/FE-Abaqus-Model/Job-19.odb,Step-163,Increment      6: Step Time =    1.000,"LAGERSITZ_NEU-1",         12873,             6,         12613,      -109.184,      -33.9652,      -72.2514,"ASSEMBLY_LAGERSITZ_NEU-1_SET-GEHAEUSE","ALUMINIUM",NA,            0.,            0.,            0.,            0.,  -1.49059E-18,   2.76196E-15,       NoValue
D:/MoVerHu_Projekt/FE_Modell/FE-Abaqus-Model/Job-19.odb,Step-163,Increment      6: Step Time =    1.000,"LAGERSITZ_NEU-1",         12874,             6,         12613,      -109.184,      -33.9652,      -72.2514,"ASSEMBLY_LAGERSITZ_NEU-1_SET-GEHAEUSE","ALUMINIUM",NA,            0.,            0.,            0.,            0.,  -1.49059E-18,   2.76196E-15,       NoValue
D:/MoVerHu_Projekt/FE_Modell/FE-Abaqus-Model/Job-19.odb,Step-163,Increment      6: Step Time =    1.000,"LAGERSITZ_NEU-1",         12869,             6,         12613,      -109.184,      -33.9652,      -72.2514,"ASSEMBLY_LAGERSITZ_NEU-1_SET-GEHAEUSE","ALUMINIUM",NA,            0.,            0.,            0.,            0.,  -1.49059E-18,   2.76196E-15,       NoValue
D:/MoVerHu_Projekt/FE_Modell/FE-Abaqus-Model/Job-19.odb,Step-163,Increment      6: Step Time =    1.000,"LAGERSITZ_NEU-1",         12870,             6,         12614,      -106.184,      -33.9652,      -72.2514,"ASSEMBLY_LAGERSITZ_NEU-1_SET-GEHAEUSE","ALUMINIUM",NA,            0.,            0.,            0.,            0.,  -3.13358E-15,   1.99777E-15,       NoValue
D:/MoVerHu_Projekt/FE_Modell/FE-Abaqus-Model/Job-19.odb,Step-163,Increment      6: Step Time =    1.000,"LAGERSITZ_NEU-1",         12874,             6,         12614,      -106.184,      -33.9652,      -72.2514,"ASSEMBLY_LAGERSITZ_NEU-1_SET-GEHAEUSE","ALUMINIUM",NA,            0.,            0.,            0.,            0.,  -3.13358E-15,   1.99777E-15,       NoValue
D:/MoVerHu_Projekt/FE_Modell/FE-Abaqus-Model/Job-19.odb,Step-163,Increment      6: Step Time =    1.000,"LAGERSITZ_NEU-1",         12869,             6,         12614,      -106.184,      -33.9652,      -72.2514,"ASSEMBLY_LAGERSITZ_NEU-1_SET-GEHAEUSE","ALUMINIUM",NA,            0.,            0.,            0.,            0.,  -3.13358E-15,   1.99777E-15,       NoValue
D:/MoVerHu_Projekt/FE_Modell/FE-Abaqus-Model/Job-19.odb,Step-163,Increment      6: Step Time =    1.000,"LAGERSITZ_NEU-1",         12875,             6,         12614,      -106.184,      -33.9652,      -72.2514,"ASSEMBLY_LAGERSITZ_NEU-1_SET-GEHAEUSE","ALUMINIUM",NA,            0.,            0.,            0.,            0.,  -3.13358E-15,   1.99777E-15,       NoValue
D:/MoVerHu_Projekt/FE_Modell/FE-Abaqus-Model/Job-19.odb,Step-163,Increment      6: Step Time =    1.000,"LAGERSITZ_NEU-1",         12870,             6,         12615,      -103.184,      -33.9652,      -72.2514,"ASSEMBLY_LAGERSITZ_NEU-1_SET-GEHAEUSE","ALUMINIUM",NA,            0.,            0.,            0.,            0.,  -161.422E-18,   1.11115E-15,       NoValue
D:/MoVerHu_Projekt/FE_Modell/FE-Abaqus-Model/Job-19.odb,Step-163,Increment      6: Step Time =    1.000,"LAGERSITZ_NEU-1",         12875,             6,         12615,      -103.184,      -33.9652,      -72.2514,"ASSEMBLY_LAGERSITZ_NEU-1_SET-GEHAEUSE","ALUMINIUM",NA,            0.,            0.,            0.,            0.,  -161.422E-18,   1.11115E-15,       NoValue
D:/MoVerHu_Projekt/FE_Modell/FE-Abaqus-Model/Job-19.odb,Step-163,Increment      6: Step Time =    1.000,"LAGERSITZ_NEU-1",         12871,             6,         12615,      -103.184,      -33.9652,      -72.2514,"ASSEMBLY_LAGERSITZ_NEU-1_SET-GEHAEUSE","ALUMINIUM",NA,            0.,            0.,            0.,            0.,  -161.422E-18,   1.11115E-15,       NoValue
D:/MoVerHu_Projekt/FE_Modell/FE-Abaqus-Model/Job-19.odb,Step-163,Increment      6: Step Time =    1.000,"LAGERSITZ_NEU-1",         12876,             6,         12615,      -103.184,      -33.9652,      -72.2514,"ASSEMBLY_LAGERSITZ_NEU-1_SET-GEHAEUSE","ALUMINIUM",NA,            0.,            0.,            0.,            0.,  -161.422E-18,   1.11115E-15,       NoValue
D:/MoVerHu_Projekt/FE_Modell/FE-Abaqus-Model/Job-19.odb,Step-163,Increment      6: Step Time =    1.000,"LAGERSITZ_NEU-1",         12871,             6,         12616,      -100.184,      -33.9652,      -72.2514,"ASSEMBLY_LAGERSITZ_NEU-1_SET-GEHAEUSE","ALUMINIUM",NA,            0.,            0.,            0.,            0.,  -3.83533E-15,   1.92954E-15,       NoValue
D:/MoVerHu_Projekt/FE_Modell/FE-Abaqus-Model/Job-19.odb,Step-163,Increment      6: Step Time =    1.000,"LAGERSITZ_NEU-1",         12876,             6,         12616,      -100.184,      -33.9652,      -72.2514,"ASSEMBLY_LAGERSITZ_NEU-1_SET-GEHAEUSE","ALUMINIUM",NA,            0.,            0.,            0.,            0.,  -3.83533E-15,   1.92954E-15,       NoValue
D:/MoVerHu_Projekt/FE_Modell/FE-Abaqus-Model/Job-19.odb,Step-163,Increment      6: Step Time =    1.000,"LAGERSITZ_NEU-1",         12872,             6,         12616,      -100.184,      -33.9652,      -72.2514,"ASSEMBLY_LAGERSITZ_NEU-1_SET-GEHAEUSE","ALUMINIUM",NA,            0.,            0.,            0.,            0.,  -3.83533E-15,   1.92954E-15,       NoValue
D:/MoVerHu_Projekt/FE_Modell/FE-Abaqus-Model/Job-19.odb,Step-163,Increment      6: Step Time =    1.000,"LAGERSITZ_NEU-1",         12877,             6,         12616,      -100.184,      -33.9652,      -72.2514,"ASSEMBLY_LAGERSITZ_NEU-1_SET-GEHAEUSE","ALUMINIUM",NA,            0.,            0.,            0.,            0.,  -3.83533E-15,   1.92954E-15,       NoValue
D:/MoVerHu_Projekt/FE_Modell/FE-Abaqus-Model/Job-19.odb,Step-163,Increment      6: Step Time =    1.000,"LAGERSITZ_NEU-1",         12878,             6,         12617,      -109.184,      -31.5763,      -73.6534,"ASSEMBLY_LAGERSITZ_NEU-1_SET-GEHAEUSE","ALUMINIUM",NA,            0.,            0.,            0.,            0.,  -418.908E-18,  -1.80725E-15,       NoValue
D:/MoVerHu_Projekt/FE_Modell/FE-Abaqus-Model/Job-19.odb,Step-163,Increment      6: Step Time =    1.000,"LAGERSITZ_NEU-1",         12879,             6,         12617,      -109.184,      -31.5763,      -73.6534,"ASSEMBLY_LAGERSITZ_NEU-1_SET-GEHAEUSE","ALUMINIUM",NA,            0.,            0.,            0.,            0.,  -418.908E-18,  -1.80725E-15,       NoValue
D:/MoVerHu_Projekt/FE_Modell/FE-Abaqus-Model/Job-19.odb,Step-163,Increment      6: Step Time =    1.000,"LAGERSITZ_NEU-1",         12873,             6,         12617,      -109.184,      -31.5763,      -73.6534,"ASSEMBLY_LAGERSITZ_NEU-1_SET-GEHAEUSE","ALUMINIUM",NA,            0.,            0.,            0.,            0.,  -418.908E-18,  -1.80725E-15,       NoValue
D:/MoVerHu_Projekt/FE_Modell/FE-Abaqus-Model/Job-19.odb,Step-163,Increment      6: Step Time =    1.000,"LAGERSITZ_NEU-1",         12874,             6,         12617,      -109.184,      -31.5763,      -73.6534,"ASSEMBLY_LAGERSITZ_NEU-1_SET-GEHAEUSE","ALUMINIUM",NA,            0.,            0.,            0.,            0.,  -418.908E-18,  -1.80725E-15,       NoValue
D:/MoVerHu_Projekt/FE_Modell/FE-Abaqus-Model/Job-19.odb,Step-163,Increment      6: Step Time =    1.000,"LAGERSITZ_NEU-1",         12874,             6,         12618,      -106.184,      -31.5763,      -73.6534,"ASSEMBLY_LAGERSITZ_NEU-1_SET-GEHAEUSE","ALUMINIUM",NA,            0.,            0.,            0.,            0.,   490.812E-18,  -2.87928E-15,       NoValue
D:/MoVerHu_Projekt/FE_Modell/FE-Abaqus-Model/Job-19.odb,Step-163,Increment      6: Step Time =    1.000,"LAGERSITZ_NEU-1",         12875,             6,         12618,      -106.184,      -31.5763,      -73.6534,"ASSEMBLY_LAGERSITZ_NEU-1_SET-GEHAEUSE","ALUMINIUM",NA,            0.,            0.,            0.,            0.,   490.812E-18,  -2.87928E-15,       NoValue
D:/MoVerHu_Projekt/FE_Modell/FE-Abaqus-Model/Job-19.odb,Step-163,Increment      6: Step Time =    1.000,"LAGERSITZ_NEU-1",         12880,             6,         12618,      -106.184,      -31.5763,      -73.6534,"ASSEMBLY_LAGERSITZ_NEU-1_SET-GEHAEUSE","ALUMINIUM",NA,            0.,            0.,            0.,            0.,   490.812E-18,  -2.87928E-15,       NoValue
D:/MoVerHu_Projekt/FE_Modell/FE-Abaqus-Model/Job-19.odb,Step-163,Increment      6: Step Time =    1.000,"LAGERSITZ_NEU-1",         12879,             6,         12618,      -106.184,      -31.5763,      -73.6534,"ASSEMBLY_LAGERSITZ_NEU-1_SET-GEHAEUSE","ALUMINIUM",NA,            0.,            0.,            0.,            0.,   490.812E-18,  -2.87928E-15,       NoValue
D:/MoVerHu_Projekt/FE_Modell/FE-Abaqus-Model/Job-19.odb,Step-163,Increment      6: Step Time =    1.000,"LAGERSITZ_NEU-1",         12875,             6,         12619,      -103.184,      -31.5763,      -73.6534,"ASSEMBLY_LAGERSITZ_NEU-1_SET-GEHAEUSE","ALUMINIUM",NA,            0.,            0.,            0.,            0.,  -87.3765E-18,  -2.32594E-15,       NoValue
D:/MoVerHu_Projekt/FE_Modell/FE-Abaqus-Model/Job-19.odb,Step-163,Increment      6: Step Time =    1.000,"LAGERSITZ_NEU-1",         12881,             6,         12619,      -103.184,      -31.5763,      -73.6534,"ASSEMBLY_LAGERSITZ_NEU-1_SET-GEHAEUSE","ALUMINIUM",NA,            0.,            0.,            0.,            0.,  -87.3765E-18,  -2.32594E-15,       NoValue
D:/MoVerHu_Projekt/FE_Modell/FE-Abaqus-Model/Job-19.odb,Step-163,Increment      6: Step Time =    1.000,"LAGERSITZ_NEU-1",         12880,             6,         12619,      -103.184,      -31.5763,      -73.6534,"ASSEMBLY_LAGERSITZ_NEU-1_SET-GEHAEUSE","ALUMINIUM",NA,            0.,            0.,            0.,            0.,  -87.3765E-18,  -2.32594E-15,       NoValue
D:/MoVerHu_Projekt/FE_Modell/FE-Abaqus-Model/Job-19.odb,Step-163,Increment      6: Step Time =    1.000,"LAGERSITZ_NEU-1",         12876,             6,         12619,      -103.184,      -31.5763,      -73.6534,"ASSEMBLY_LAGERSITZ_NEU-1_SET-GEHAEUSE","ALUMINIUM",NA,            0.,            0.,            0.,            0.,  -87.3765E-18,  -2.32594E-15,       NoValue
D:/MoVerHu_Projekt/FE_Modell/FE-Abaqus-Model/Job-19.odb,Step-163,Increment      6: Step Time =    1.000,"LAGERSITZ_NEU-1",         12877,             6,         12620,      -100.184,      -31.5763,      -73.6534,"ASSEMBLY_LAGERSITZ_NEU-1_SET-GEHAEUSE","ALUMINIUM",NA,            0.,            0.,            0.,            0.,  -1.97048E-15,  -2.32204E-15,       NoValue
D:/MoVerHu_Projekt/FE_Modell/FE-Abaqus-Model/Job-19.odb,Step-163,Increment      6: Step Time =    1.000,"LAGERSITZ_NEU-1",         12876,             6,         12620,      -100.184,      -31.5763,      -73.6534,"ASSEMBLY_LAGERSITZ_NEU-1_SET-GEHAEUSE","ALUMINIUM",NA,            0.,            0.,            0.,            0.,  -1.97048E-15,  -2.32204E-15,       NoValue
D:/MoVerHu_Projekt/FE_Modell/FE-Abaqus-Model/Job-19.odb,Step-163,Increment      6: Step Time =    1.000,"LAGERSITZ_NEU-1",         12881,             6,         12620,      -100.184,      -31.5763,      -73.6534,"ASSEMBLY_LAGERSITZ_NEU-1_SET-GEHAEUSE","ALUMINIUM",NA,            0.,            0.,            0.,            0.,  -1.97048E-15,  -2.32204E-15,       NoValue
D:/MoVerHu_Projekt/FE_Modell/FE-Abaqus-Model/Job-19.odb,Step-163,Increment      6: Step Time =    1.000,"LAGERSITZ_NEU-1",         12882,             6,         12620,      -100.184,      -31.5763,      -73.6534,"ASSEMBLY_LAGERSITZ_NEU-1_SET-GEHAEUSE","ALUMINIUM",NA,            0.,            0.,            0.,            0.,  -1.97048E-15,  -2.32204E-15,       NoValue
D:/MoVerHu_Projekt/FE_Modell/FE-Abaqus-Model/Job-19.odb,Step-163,Increment      6: Step Time =    1.000,"LAGERSITZ_NEU-1",         12878,             6,         12621,      -109.184,      -29.1199,      -74.9334,"ASSEMBLY_LAGERSITZ_NEU-1_SET-GEHAEUSE","ALUMINIUM",NA,            0.,            0.,            0.,            0.,  -495.267E-18,   2.28931E-15,       NoValue
D:/MoVerHu_Projekt/FE_Modell/FE-Abaqus-Model/Job-19.odb,Step-163,Increment      6: Step Time =    1.000,"LAGERSITZ_NEU-1",         12884,             6,         12621,      -109.184,      -29.1199,      -74.9334,"ASSEMBLY_LAGERSITZ_NEU-1_SET-GEHAEUSE","ALUMINIUM",NA,            0.,            0.,            0.,            0.,  -495.267E-18,   2.28931E-15,       NoValue
D:/MoVerHu_Projekt/FE_Modell/FE-Abaqus-Model/Job-19.odb,Step-163,Increment      6: Step Time =    1.000,"LAGERSITZ_NEU-1",         12883,             6,         12621,      -109.184,      -29.1199,      -74.9334,"ASSEMBLY_LAGERSITZ_NEU-1_SET-GEHAEUSE","ALUMINIUM",NA,            0.,            0.,            0.,            0.,  -495.267E-18,   2.28931E-15,       NoValue
D:/MoVerHu_Projekt/FE_Modell/FE-Abaqus-Model/Job-19.odb,Step-163,Increment      6: Step Time =    1.000,"LAGERSITZ_NEU-1",         12879,             6,         12621,      -109.184,      -29.1199,      -74.9334,"ASSEMBLY_LAGERSITZ_NEU-1_SET-GEHAEUSE","ALUMINIUM",NA,            0.,            0.,            0.,            0.,  -495.267E-18,   2.28931E-15,       NoValue
D:/MoVerHu_Projekt/FE_Modell/FE-Abaqus-Model/Job-19.odb,Step-163,Increment      6: Step Time =    1.000,"LAGERSITZ_NEU-1",         12880,             6,         12622,      -106.184,      -29.1199,      -74.9334,"ASSEMBLY_LAGERSITZ_NEU-1_SET-GEHAEUSE","ALUMINIUM",NA,            0.,            0.,            0.,            0.,   451.848E-18,   802.865E-18,       NoValue
D:/MoVerHu_Projekt/FE_Modell/FE-Abaqus-Model/Job-19.odb,Step-163,Increment      6: Step Time =    1.000,"LAGERSITZ_NEU-1",         12879,             6,         12622,      -106.184,      -29.1199,      -74.9334,"ASSEMBLY_LAGERSITZ_NEU-1_SET-GEHAEUSE","ALUMINIUM",NA,            0.,            0.,            0.,            0.,   451.848E-18,   802.865E-18,       NoValue
D:/MoVerHu_Projekt/FE_Modell/FE-Abaqus-Model/Job-19.odb,Step-163,Increment      6: Step Time =    1.000,"LAGERSITZ_NEU-1",         12884,             6,         12622,      -106.184,      -29.1199,      -74.9334,"ASSEMBLY_LAGERSITZ_NEU-1_SET-GEHAEUSE","ALUMINIUM",NA,            0.,            0.,            0.,            0.,   451.848E-18,   802.865E-18,       NoValue
D:/MoVerHu_Projekt/FE_Modell/FE-Abaqus-Model/Job-19.odb,Step-163,Increment      6: Step Time =    1.000,"LAGERSITZ_NEU-1",         12885,             6,         12622,      -106.184,      -29.1199,      -74.9334,"ASSEMBLY_LAGERSITZ_NEU-1_SET-GEHAEUSE","ALUMINIUM",NA,            0.,            0.,            0.,            0.,   451.848E-18,   802.865E-18,       NoValue
D:/MoVerHu_Projekt/FE_Modell/FE-Abaqus-Model/Job-19.odb,Step-163,Increment      6: Step Time =    1.000,"LAGERSITZ_NEU-1",         12886,             6,         12623,      -103.184,      -29.1199,      -74.9334,"ASSEMBLY_LAGERSITZ_NEU-1_SET-GEHAEUSE","ALUMINIUM",NA,            0.,            0.,            0.,            0.,   2.34829E-15,   1.51583E-15,       NoValue
D:/MoVerHu_Projekt/FE_Modell/FE-Abaqus-Model/Job-19.odb,Step-163,Increment      6: Step Time =    1.000,"LAGERSITZ_NEU-1",         12885,             6,         12623,      -103.184,      -29.1199,      -74.9334,"ASSEMBLY_LAGERSITZ_NEU-1_SET-GEHAEUSE","ALUMINIUM",NA,            0.,            0.,            0.,            0.,   2.34829E-15,   1.51583E-15,       NoValue
D:/MoVerHu_Projekt/FE_Modell/FE-Abaqus-Model/Job-19.odb,Step-163,Increment      6: Step Time =    1.000,"LAGERSITZ_NEU-1",         12881,             6,         12623,      -103.184,      -29.1199,      -74.9334,"ASSEMBLY_LAGERSITZ_NEU-1_SET-GEHAEUSE","ALUMINIUM",NA,            0.,            0.,            0.,            0.,   2.34829E-15,   1.51583E-15,       NoValue
D:/MoVerHu_Projekt/FE_Modell/FE-Abaqus-Model/Job-19.odb,Step-163,Increment      6: Step Time =    1.000,"LAGERSITZ_NEU-1",         12880,             6,         12623,      -103.184,      -29.1199,      -74.9334,"ASSEMBLY_LAGERSITZ_NEU-1_SET-GEHAEUSE","ALUMINIUM",NA,            0.,            0.,            0.,            0.,   2.34829E-15,   1.51583E-15,       NoValue
D:/MoVerHu_Projekt/FE_Modell/FE-Abaqus-Model/Job-19.odb,Step-163,Increment      6: Step Time =    1.000,"LAGERSITZ_NEU-1",         12886,             6,         12624,      -100.184,      -29.1199,      -74.9334,"ASSEMBLY_LAGERSITZ_NEU-1_SET-GEHAEUSE","ALUMINIUM",NA,            0.,            0.,            0.,            0.,  -2.57511E-15,   1.61155E-15,       NoValue
D:/MoVerHu_Projekt/FE_Modell/FE-Abaqus-Model/Job-19.odb,Step-163,Increment      6: Step Time =    1.000,"LAGERSITZ_NEU-1",         12881,             6,         12624,      -100.184,      -29.1199,      -74.9334,"ASSEMBLY_LAGERSITZ_NEU-1_SET-GEHAEUSE","ALUMINIUM",NA,            0.,            0.,            0.,            0.,  -2.57511E-15,   1.61155E-15,       NoValue
D:/MoVerHu_Projekt/FE_Modell/FE-Abaqus-Model/Job-19.odb,Step-163,Increment      6: Step Time =    1.000,"LAGERSITZ_NEU-1",         12887,             6,         12624,      -100.184,      -29.1199,      -74.9334,"ASSEMBLY_LAGERSITZ_NEU-1_SET-GEHAEUSE","ALUMINIUM",NA,            0.,            0.,            0.,            0.,  -2.57511E-15,   1.61155E-15,       NoValue
D:/MoVerHu_Projekt/FE_Modell/FE-Abaqus-Model/Job-19.odb,Step-163,Increment      6: Step Time =    1.000,"LAGERSITZ_NEU-1",         12882,             6,         12624,      -100.184,      -29.1199,      -74.9334,"ASSEMBLY_LAGERSITZ_NEU-1_SET-GEHAEUSE","ALUMINIUM",NA,            0.,            0.,            0.,            0.,  -2.57511E-15,   1.61155E-15,       NoValue
D:/MoVerHu_Projekt/FE_Modell/FE-Abaqus-Model/Job-19.odb,Step-163,Increment      6: Step Time =    1.000,"LAGERSITZ_NEU-1",         12889,             6,         12625,      -109.184,      -26.6022,      -76.0882,"ASSEMBLY_LAGERSITZ_NEU-1_SET-GEHAEUSE","ALUMINIUM",NA,            0.,            0.,            0.,            0.,  -2.36682E-15,  -1.57039E-15,       NoValue
D:/MoVerHu_Projekt/FE_Modell/FE-Abaqus-Model/Job-19.odb,Step-163,Increment      6: Step Time =    1.000,"LAGERSITZ_NEU-1",         12883,             6,         12625,      -109.184,      -26.6022,      -76.0882,"ASSEMBLY_LAGERSITZ_NEU-1_SET-GEHAEUSE","ALUMINIUM",NA,            0.,            0.,            0.,            0.,  -2.36682E-15,  -1.57039E-15,       NoValue
D:/MoVerHu_Projekt/FE_Modell/FE-Abaqus-Model/Job-19.odb,Step-163,Increment      6: Step Time =    1.000,"LAGERSITZ_NEU-1",         12884,             6,         12625,      -109.184,      -26.6022,      -76.0882,"ASSEMBLY_LAGERSITZ_NEU-1_SET-GEHAEUSE","ALUMINIUM",NA,            0.,            0.,            0.,            0.,  -2.36682E-15,  -1.57039E-15,       NoValue
D:/MoVerHu_Projekt/FE_Modell/FE-Abaqus-Model/Job-19.odb,Step-163,Increment      6: Step Time =    1.000,"LAGERSITZ_NEU-1",         12888,             6,         12625,      -109.184,      -26.6022,      -76.0882,"ASSEMBLY_LAGERSITZ_NEU-1_SET-GEHAEUSE","ALUMINIUM",NA,            0.,            0.,            0.,            0.,  -2.36682E-15,  -1.57039E-15,       NoValue
D:/MoVerHu_Projekt/FE_Modell/FE-Abaqus-Model/Job-19.odb,Step-163,Increment      6: Step Time =    1.000,"LAGERSITZ_NEU-1",         12890,             6,         12626,      -106.184,      -26.6022,      -76.0882,"ASSEMBLY_LAGERSITZ_NEU-1_SET-GEHAEUSE","ALUMINIUM",NA,            0.,            0.,            0.,            0.,   131.062E-18,  -598.234E-18,       NoValue
D:/MoVerHu_Projekt/FE_Modell/FE-Abaqus-Model/Job-19.odb,Step-163,Increment      6: Step Time =    1.000,"LAGERSITZ_NEU-1",         12885,             6,         12626,      -106.184,      -26.6022,      -76.0882,"ASSEMBLY_LAGERSITZ_NEU-1_SET-GEHAEUSE","ALUMINIUM",NA,            0.,            0.,            0.,            0.,   131.062E-18,  -598.234E-18,       NoValue
D:/MoVerHu_Projekt/FE_Modell/FE-Abaqus-Model/Job-19.odb,Step-163,Increment      6: Step Time =    1.000,"LAGERSITZ_NEU-1",         12889,             6,         12626,      -106.184,      -26.6022,      -76.0882,"ASSEMBLY_LAGERSITZ_NEU-1_SET-GEHAEUSE","ALUMINIUM",NA,            0.,            0.,            0.,            0.,   131.062E-18,  -598.234E-18,       NoValue
D:/MoVerHu_Projekt/FE_Modell/FE-Abaqus-Model/Job-19.odb,Step-163,Increment      6: Step Time =    1.000,"LAGERSITZ_NEU-1",         12884,             6,         12626,      -106.184,      -26.6022,      -76.0882,"ASSEMBLY_LAGERSITZ_NEU-1_SET-GEHAEUSE","ALUMINIUM",NA,            0.,            0.,            0.,            0.,   131.062E-18,  -598.234E-18,       NoValue
D:/MoVerHu_Projekt/FE_Modell/FE-Abaqus-Model/Job-19.odb,Step-163,Increment      6: Step Time =    1.000,"LAGERSITZ_NEU-1",         12890,             6,         12627,      -103.184,      -26.6022,      -76.0882,"ASSEMBLY_LAGERSITZ_NEU-1_SET-GEHAEUSE","ALUMINIUM",NA,            0.,            0.,            0.,            0.,   546.154E-18,  -1.57819E-15,       NoValue
D:/MoVerHu_Projekt/FE_Modell/FE-Abaqus-Model/Job-19.odb,Step-163,Increment      6: Step Time =    1.000,"LAGERSITZ_NEU-1",         12885,             6,         12627,      -103.184,      -26.6022,      -76.0882,"ASSEMBLY_LAGERSITZ_NEU-1_SET-GEHAEUSE","ALUMINIUM",NA,            0.,            0.,            0.,            0.,   546.154E-18,  -1.57819E-15,       NoValue
D:/MoVerHu_Projekt/FE_Modell/FE-Abaqus-Model/Job-19.odb,Step-163,Increment      6: Step Time =    1.000,"LAGERSITZ_NEU-1",         12891,             6,         12627,      -103.184,      -26.6022,      -76.0882,"ASSEMBLY_LAGERSITZ_NEU-1_SET-GEHAEUSE","ALUMINIUM",NA,            0.,            0.,            0.,            0.,   546.154E-18,  -1.57819E-15,       NoValue
D:/MoVerHu_Projekt/FE_Modell/FE-Abaqus-Model/Job-19.odb,Step-163,Increment      6: Step Time =    1.000,"LAGERSITZ_NEU-1",         12886,             6,         12627,      -103.184,      -26.6022,      -76.0882,"ASSEMBLY_LAGERSITZ_NEU-1_SET-GEHAEUSE","ALUMINIUM",NA,            0.,            0.,            0.,            0.,   546.154E-18,  -1.57819E-15,       NoValue
D:/MoVerHu_Projekt/FE_Modell/FE-Abaqus-Model/Job-19.odb,Step-163,Increment      6: Step Time =    1.000,"LAGERSITZ_NEU-1",         12886,             6,         12628,      -100.184,      -26.6022,      -76.0882,"ASSEMBLY_LAGERSITZ_NEU-1_SET-GEHAEUSE","ALUMINIUM",NA,            0.,            0.,            0.,            0.,  -3.55106E-15,  -1.43745E-15,       NoValue
D:/MoVerHu_Projekt/FE_Modell/FE-Abaqus-Model/Job-19.odb,Step-163,Increment      6: Step Time =    1.000,"LAGERSITZ_NEU-1",         12892,             6,         12628,      -100.184,      -26.6022,      -76.0882,"ASSEMBLY_LAGERSITZ_NEU-1_SET-GEHAEUSE","ALUMINIUM",NA,            0.,            0.,            0.,            0.,  -3.55106E-15,  -1.43745E-15,       NoValue
D:/MoVerHu_Projekt/FE_Modell/FE-Abaqus-Model/Job-19.odb,Step-163,Increment      6: Step Time =    1.000,"LAGERSITZ_NEU-1",         12887,             6,         12628,      -100.184,      -26.6022,      -76.0882,"ASSEMBLY_LAGERSITZ_NEU-1_SET-GEHAEUSE","ALUMINIUM",NA,            0.,            0.,            0.,            0.,  -3.55106E-15,  -1.43745E-15,       NoValue
D:/MoVerHu_Projekt/FE_Modell/FE-Abaqus-Model/Job-19.odb,Step-163,Increment      6: Step Time =    1.000,"LAGERSITZ_NEU-1",         12891,             6,         12628,      -100.184,      -26.6022,      -76.0882,"ASSEMBLY_LAGERSITZ_NEU-1_SET-GEHAEUSE","ALUMINIUM",NA,            0.,            0.,            0.,            0.,  -3.55106E-15,  -1.43745E-15,       NoValue
D:/MoVerHu_Projekt/FE_Modell/FE-Abaqus-Model/Job-19.odb,Step-163,Increment      6: Step Time =    1.000,"LAGERSITZ_NEU-1",         12888,             6,         12629,      -109.184,      -24.0295,      -77.1146,"ASSEMBLY_LAGERSITZ_NEU-1_SET-GEHAEUSE","ALUMINIUM",NA,            0.,            0.,            0.,            0.,  -97.9146E-18,   1.46418E-15,       NoValue
D:/MoVerHu_Projekt/FE_Modell/FE-Abaqus-Model/Job-19.odb,Step-163,Increment      6: Step Time =    1.000,"LAGERSITZ_NEU-1",         12894,             6,         12629,      -109.184,      -24.0295,      -77.1146,"ASSEMBLY_LAGERSITZ_NEU-1_SET-GEHAEUSE","ALUMINIUM",NA,            0.,            0.,            0.,            0.,  -97.9146E-18,   1.46418E-15,       NoValue
D:/MoVerHu_Projekt/FE_Modell/FE-Abaqus-Model/Job-19.odb,Step-163,Increment      6: Step Time =    1.000,"LAGERSITZ_NEU-1",         12893,             6,         12629,      -109.184,      -24.0295,      -77.1146,"ASSEMBLY_LAGERSITZ_NEU-1_SET-GEHAEUSE","ALUMINIUM",NA,            0.,            0.,            0.,            0.,  -97.9146E-18,   1.46418E-15,       NoValue
D:/MoVerHu_Projekt/FE_Modell/FE-Abaqus-Model/Job-19.odb,Step-163,Increment      6: Step Time =    1.000,"LAGERSITZ_NEU-1",         12889,             6,         12629,      -109.184,      -24.0295,      -77.1146,"ASSEMBLY_LAGERSITZ_NEU-1_SET-GEHAEUSE","ALUMINIUM",NA,            0.,            0.,            0.,            0.,  -97.9146E-18,   1.46418E-15,       NoValue
D:/MoVerHu_Projekt/FE_Modell/FE-Abaqus-Model/Job-19.odb,Step-163,Increment      6: Step Time =    1.000,"LAGERSITZ_NEU-1",         12889,             6,         12630,      -106.184,      -24.0295,      -77.1146,"ASSEMBLY_LAGERSITZ_NEU-1_SET-GEHAEUSE","ALUMINIUM",NA,            0.,            0.,            0.,            0.,  -836.135E-18,   1.89021E-15,       NoValue
D:/MoVerHu_Projekt/FE_Modell/FE-Abaqus-Model/Job-19.odb,Step-163,Increment      6: Step Time =    1.000,"LAGERSITZ_NEU-1",         12895,             6,         12630,      -106.184,      -24.0295,      -77.1146,"ASSEMBLY_LAGERSITZ_NEU-1_SET-GEHAEUSE","ALUMINIUM",NA,            0.,            0.,            0.,            0.,  -836.135E-18,   1.89021E-15,       NoValue
D:/MoVerHu_Projekt/FE_Modell/FE-Abaqus-Model/Job-19.odb,Step-163,Increment      6: Step Time =    1.000,"LAGERSITZ_NEU-1",         12894,             6,         12630,      -106.184,      -24.0295,      -77.1146,"ASSEMBLY_LAGERSITZ_NEU-1_SET-GEHAEUSE","ALUMINIUM",NA,            0.,            0.,            0.,            0.,  -836.135E-18,   1.89021E-15,       NoValue
D:/MoVerHu_Projekt/FE_Modell/FE-Abaqus-Model/Job-19.odb,Step-163,Increment      6: Step Time =    1.000,"LAGERSITZ_NEU-1",         12890,             6,         12630,      -106.184,      -24.0295,      -77.1146,"ASSEMBLY_LAGERSITZ_NEU-1_SET-GEHAEUSE","ALUMINIUM",NA,            0.,            0.,            0.,            0.,  -836.135E-18,   1.89021E-15,       NoValue
D:/MoVerHu_Projekt/FE_Modell/FE-Abaqus-Model/Job-19.odb,Step-163,Increment      6: Step Time =    1.000,"LAGERSITZ_NEU-1",         12896,             6,         12631,      -103.184,      -24.0295,      -77.1146,"ASSEMBLY_LAGERSITZ_NEU-1_SET-GEHAEUSE","ALUMINIUM",NA,            0.,            0.,            0.,            0.,   1.69015E-15,   1.35575E-15,       NoValue
D:/MoVerHu_Projekt/FE_Modell/FE-Abaqus-Model/Job-19.odb,Step-163,Increment      6: Step Time =    1.000,"LAGERSITZ_NEU-1",         12895,             6,         12631,      -103.184,      -24.0295,      -77.1146,"ASSEMBLY_LAGERSITZ_NEU-1_SET-GEHAEUSE","ALUMINIUM",NA,            0.,            0.,            0.,            0.,   1.69015E-15,   1.35575E-15,       NoValue
D:/MoVerHu_Projekt/FE_Modell/FE-Abaqus-Model/Job-19.odb,Step-163,Increment      6: Step Time =    1.000,"LAGERSITZ_NEU-1",         12891,             6,         12631,      -103.184,      -24.0295,      -77.1146,"ASSEMBLY_LAGERSITZ_NEU-1_SET-GEHAEUSE","ALUMINIUM",NA,            0.,            0.,            0.,            0.,   1.69015E-15,   1.35575E-15,       NoValue
D:/MoVerHu_Projekt/FE_Modell/FE-Abaqus-Model/Job-19.odb,Step-163,Increment      6: Step Time =    1.000,"LAGERSITZ_NEU-1",         12890,             6,         12631,      -103.184,      -24.0295,      -77.1146,"ASSEMBLY_LAGERSITZ_NEU-1_SET-GEHAEUSE","ALUMINIUM",NA,            0.,            0.,            0.,            0.,   1.69015E-15,   1.35575E-15,       NoValue
D:/MoVerHu_Projekt/FE_Modell/FE-Abaqus-Model/Job-19.odb,Step-163,Increment      6: Step Time =    1.000,"LAGERSITZ_NEU-1",         12892,             6,         12632,      -100.184,      -24.0295,      -77.1146,"ASSEMBLY_LAGERSITZ_NEU-1_SET-GEHAEUSE","ALUMINIUM",NA,            0.,            0.,            0.,            0.,  -4.83446E-15,   2.09056E-15,       NoValue
D:/MoVerHu_Projekt/FE_Modell/FE-Abaqus-Model/Job-19.odb,Step-163,Increment      6: Step Time =    1.000,"LAGERSITZ_NEU-1",         12897,             6,         12632,      -100.184,      -24.0295,      -77.1146,"ASSEMBLY_LAGERSITZ_NEU-1_SET-GEHAEUSE","ALUMINIUM",NA,            0.,            0.,            0.,            0.,  -4.83446E-15,   2.09056E-15,       NoValue
D:/MoVerHu_Projekt/FE_Modell/FE-Abaqus-Model/Job-19.odb,Step-163,Increment      6: Step Time =    1.000,"LAGERSITZ_NEU-1",         12896,             6,         12632,      -100.184,      -24.0295,      -77.1146,"ASSEMBLY_LAGERSITZ_NEU-1_SET-GEHAEUSE","ALUMINIUM",NA,            0.,            0.,            0.,            0.,  -4.83446E-15,   2.09056E-15,       NoValue
D:/MoVerHu_Projekt/FE_Modell/FE-Abaqus-Model/Job-19.odb,Step-163,Increment      6: Step Time =    1.000,"LAGERSITZ_NEU-1",         12891,             6,         12632,      -100.184,      -24.0295,      -77.1146,"ASSEMBLY_LAGERSITZ_NEU-1_SET-GEHAEUSE","ALUMINIUM",NA,            0.,            0.,            0.,            0.,  -4.83446E-15,   2.09056E-15,       NoValue
D:/MoVerHu_Projekt/FE_Modell/FE-Abaqus-Model/Job-19.odb,Step-163,Increment      6: Step Time =    1.000,"LAGERSITZ_NEU-1",         12898,             6,         12633,      -109.184,      -21.4084,      -78.0103,"ASSEMBLY_LAGERSITZ_NEU-1_SET-GEHAEUSE","ALUMINIUM",NA,            0.,            0.,            0.,            0.,  -1.17846E-15,   1.27954E-15,       NoValue
D:/MoVerHu_Projekt/FE_Modell/FE-Abaqus-Model/Job-19.odb,Step-163,Increment      6: Step Time =    1.000,"LAGERSITZ_NEU-1",         12899,             6,         12633,      -109.184,      -21.4084,      -78.0103,"ASSEMBLY_LAGERSITZ_NEU-1_SET-GEHAEUSE","ALUMINIUM",NA,            0.,            0.,            0.,            0.,  -1.17846E-15,   1.27954E-15,       NoValue
D:/MoVerHu_Projekt/FE_Modell/FE-Abaqus-Model/Job-19.odb,Step-163,Increment      6: Step Time =    1.000,"LAGERSITZ_NEU-1",         12894,             6,         12633,      -109.184,      -21.4084,      -78.0103,"ASSEMBLY_LAGERSITZ_NEU-1_SET-GEHAEUSE","ALUMINIUM",NA,            0.,            0.,            0.,            0.,  -1.17846E-15,   1.27954E-15,       NoValue
D:/MoVerHu_Projekt/FE_Modell/FE-Abaqus-Model/Job-19.odb,Step-163,Increment      6: Step Time =    1.000,"LAGERSITZ_NEU-1",         12893,             6,         12633,      -109.184,      -21.4084,      -78.0103,"ASSEMBLY_LAGERSITZ_NEU-1_SET-GEHAEUSE","ALUMINIUM",NA,            0.,            0.,            0.,            0.,  -1.17846E-15,   1.27954E-15,       NoValue
D:/MoVerHu_Projekt/FE_Modell/FE-Abaqus-Model/Job-19.odb,Step-163,Increment      6: Step Time =    1.000,"LAGERSITZ_NEU-1",         12899,             6,         12634,      -106.184,      -21.4084,      -78.0103,"ASSEMBLY_LAGERSITZ_NEU-1_SET-GEHAEUSE","ALUMINIUM",NA,            0.,            0.,            0.,            0.,  -3.15582E-15,   2.01686E-15,       NoValue
D:/MoVerHu_Projekt/FE_Modell/FE-Abaqus-Model/Job-19.odb,Step-163,Increment      6: Step Time =    1.000,"LAGERSITZ_NEU-1",         12894,             6,         12634,      -106.184,      -21.4084,      -78.0103,"ASSEMBLY_LAGERSITZ_NEU-1_SET-GEHAEUSE","ALUMINIUM",NA,            0.,            0.,            0.,            0.,  -3.15582E-15,   2.01686E-15,       NoValue
D:/MoVerHu_Projekt/FE_Modell/FE-Abaqus-Model/Job-19.odb,Step-163,Increment      6: Step Time =    1.000,"LAGERSITZ_NEU-1",         12900,             6,         12634,      -106.184,      -21.4084,      -78.0103,"ASSEMBLY_LAGERSITZ_NEU-1_SET-GEHAEUSE","ALUMINIUM",NA,            0.,            0.,            0.,            0.,  -3.15582E-15,   2.01686E-15,       NoValue
D:/MoVerHu_Projekt/FE_Modell/FE-Abaqus-Model/Job-19.odb,Step-163,Increment      6: Step Time =    1.000,"LAGERSITZ_NEU-1",         12895,             6,         12634,      -106.184,      -21.4084,      -78.0103,"ASSEMBLY_LAGERSITZ_NEU-1_SET-GEHAEUSE","ALUMINIUM",NA,            0.,            0.,            0.,            0.,  -3.15582E-15,   2.01686E-15,       NoValue
D:/MoVerHu_Projekt/FE_Modell/FE-Abaqus-Model/Job-19.odb,Step-163,Increment      6: Step Time =    1.000,"LAGERSITZ_NEU-1",         12900,             6,         12635,      -103.184,      -21.4084,      -78.0103,"ASSEMBLY_LAGERSITZ_NEU-1_SET-GEHAEUSE","ALUMINIUM",NA,            0.,            0.,            0.,            0.,  -1.28959E-15,   1.35129E-15,       NoValue
D:/MoVerHu_Projekt/FE_Modell/FE-Abaqus-Model/Job-19.odb,Step-163,Increment      6: Step Time =    1.000,"LAGERSITZ_NEU-1",         12896,             6,         12635,      -103.184,      -21.4084,      -78.0103,"ASSEMBLY_LAGERSITZ_NEU-1_SET-GEHAEUSE","ALUMINIUM",NA,            0.,            0.,            0.,            0.,  -1.28959E-15,   1.35129E-15,       NoValue
D:/MoVerHu_Projekt/FE_Modell/FE-Abaqus-Model/Job-19.odb,Step-163,Increment      6: Step Time =    1.000,"LAGERSITZ_NEU-1",         12895,             6,         12635,      -103.184,      -21.4084,      -78.0103,"ASSEMBLY_LAGERSITZ_NEU-1_SET-GEHAEUSE","ALUMINIUM",NA,            0.,            0.,            0.,            0.,  -1.28959E-15,   1.35129E-15,       NoValue
D:/MoVerHu_Projekt/FE_Modell/FE-Abaqus-Model/Job-19.odb,Step-163,Increment      6: Step Time =    1.000,"LAGERSITZ_NEU-1",         12901,             6,         12635,      -103.184,      -21.4084,      -78.0103,"ASSEMBLY_LAGERSITZ_NEU-1_SET-GEHAEUSE","ALUMINIUM",NA,            0.,            0.,            0.,            0.,  -1.28959E-15,   1.35129E-15,       NoValue
D:/MoVerHu_Projekt/FE_Modell/FE-Abaqus-Model/Job-19.odb,Step-163,Increment      6: Step Time =    1.000,"LAGERSITZ_NEU-1",         12901,             6,         12636,      -100.184,      -21.4084,      -78.0103,"ASSEMBLY_LAGERSITZ_NEU-1_SET-GEHAEUSE","ALUMINIUM",NA,            0.,            0.,            0.,            0.,  -3.67547E-15,   1.50360E-15,       NoValue
D:/MoVerHu_Projekt/FE_Modell/FE-Abaqus-Model/Job-19.odb,Step-163,Increment      6: Step Time =    1.000,"LAGERSITZ_NEU-1",         12897,             6,         12636,      -100.184,      -21.4084,      -78.0103,"ASSEMBLY_LAGERSITZ_NEU-1_SET-GEHAEUSE","ALUMINIUM",NA,            0.,            0.,            0.,            0.,  -3.67547E-15,   1.50360E-15,       NoValue
D:/MoVerHu_Projekt/FE_Modell/FE-Abaqus-Model/Job-19.odb,Step-163,Increment      6: Step Time =    1.000,"LAGERSITZ_NEU-1",         12896,             6,         12636,      -100.184,      -21.4084,      -78.0103,"ASSEMBLY_LAGERSITZ_NEU-1_SET-GEHAEUSE","ALUMINIUM",NA,            0.,            0.,            0.,            0.,  -3.67547E-15,   1.50360E-15,       NoValue
D:/MoVerHu_Projekt/FE_Modell/FE-Abaqus-Model/Job-19.odb,Step-163,Increment      6: Step Time =    1.000,"LAGERSITZ_NEU-1",         12902,             6,         12636,      -100.184,      -21.4084,      -78.0103,"ASSEMBLY_LAGERSITZ_NEU-1_SET-GEHAEUSE","ALUMINIUM",NA,            0.,            0.,            0.,            0.,  -3.67547E-15,   1.50360E-15,       NoValue
D:/MoVerHu_Projekt/FE_Modell/FE-Abaqus-Model/Job-19.odb,Step-163,Increment      6: Step Time =    1.000,"LAGERSITZ_NEU-1",         12903,             6,         12637,      -109.184,      -18.7455,      -78.7729,"ASSEMBLY_LAGERSITZ_NEU-1_SET-GEHAEUSE","ALUMINIUM",NA,            0.,            0.,            0.,            0.,  -2.11566E-15,   767.207E-18,       NoValue
D:/MoVerHu_Projekt/FE_Modell/FE-Abaqus-Model/Job-19.odb,Step-163,Increment      6: Step Time =    1.000,"LAGERSITZ_NEU-1",         12904,             6,         12637,      -109.184,      -18.7455,      -78.7729,"ASSEMBLY_LAGERSITZ_NEU-1_SET-GEHAEUSE","ALUMINIUM",NA,            0.,            0.,            0.,            0.,  -2.11566E-15,   767.207E-18,       NoValue
D:/MoVerHu_Projekt/FE_Modell/FE-Abaqus-Model/Job-19.odb,Step-163,Increment      6: Step Time =    1.000,"LAGERSITZ_NEU-1",         12898,             6,         12637,      -109.184,      -18.7455,      -78.7729,"ASSEMBLY_LAGERSITZ_NEU-1_SET-GEHAEUSE","ALUMINIUM",NA,            0.,            0.,            0.,            0.,  -2.11566E-15,   767.207E-18,       NoValue
D:/MoVerHu_Projekt/FE_Modell/FE-Abaqus-Model/Job-19.odb,Step-163,Increment      6: Step Time =    1.000,"LAGERSITZ_NEU-1",         12899,             6,         12637,      -109.184,      -18.7455,      -78.7729,"ASSEMBLY_LAGERSITZ_NEU-1_SET-GEHAEUSE","ALUMINIUM",NA,            0.,            0.,            0.,            0.,  -2.11566E-15,   767.207E-18,       NoValue
D:/MoVerHu_Projekt/FE_Modell/FE-Abaqus-Model/Job-19.odb,Step-163,Increment      6: Step Time =    1.000,"LAGERSITZ_NEU-1",         12899,             6,         12638,      -106.184,      -18.7455,      -78.7729,"ASSEMBLY_LAGERSITZ_NEU-1_SET-GEHAEUSE","ALUMINIUM",NA,            0.,            0.,            0.,            0.,  -722.085E-18,   633.478E-18,       NoValue
D:/MoVerHu_Projekt/FE_Modell/FE-Abaqus-Model/Job-19.odb,Step-163,Increment      6: Step Time =    1.000,"LAGERSITZ_NEU-1",         12905,             6,         12638,      -106.184,      -18.7455,      -78.7729,"ASSEMBLY_LAGERSITZ_NEU-1_SET-GEHAEUSE","ALUMINIUM",NA,            0.,            0.,            0.,            0.,  -722.085E-18,   633.478E-18,       NoValue
D:/MoVerHu_Projekt/FE_Modell/FE-Abaqus-Model/Job-19.odb,Step-163,Increment      6: Step Time =    1.000,"LAGERSITZ_NEU-1",         12904,             6,         12638,      -106.184,      -18.7455,      -78.7729,"ASSEMBLY_LAGERSITZ_NEU-1_SET-GEHAEUSE","ALUMINIUM",NA,            0.,            0.,            0.,            0.,  -722.085E-18,   633.478E-18,       NoValue
D:/MoVerHu_Projekt/FE_Modell/FE-Abaqus-Model/Job-19.odb,Step-163,Increment      6: Step Time =    1.000,"LAGERSITZ_NEU-1",         12900,             6,         12638,      -106.184,      -18.7455,      -78.7729,"ASSEMBLY_LAGERSITZ_NEU-1_SET-GEHAEUSE","ALUMINIUM",NA,            0.,            0.,            0.,            0.,  -722.085E-18,   633.478E-18,       NoValue
D:/MoVerHu_Projekt/FE_Modell/FE-Abaqus-Model/Job-19.odb,Step-163,Increment      6: Step Time =    1.000,"LAGERSITZ_NEU-1",         12900,             6,         12639,      -103.184,      -18.7455,      -78.7729,"ASSEMBLY_LAGERSITZ_NEU-1_SET-GEHAEUSE","ALUMINIUM",NA,            0.,            0.,            0.,            0.,   582.674E-18,   280.972E-18,       NoValue
D:/MoVerHu_Projekt/FE_Modell/FE-Abaqus-Model/Job-19.odb,Step-163,Increment      6: Step Time =    1.000,"LAGERSITZ_NEU-1",         12901,             6,         12639,      -103.184,      -18.7455,      -78.7729,"ASSEMBLY_LAGERSITZ_NEU-1_SET-GEHAEUSE","ALUMINIUM",NA,            0.,            0.,            0.,            0.,   582.674E-18,   280.972E-18,       NoValue
D:/MoVerHu_Projekt/FE_Modell/FE-Abaqus-Model/Job-19.odb,Step-163,Increment      6: Step Time =    1.000,"LAGERSITZ_NEU-1",         12906,             6,         12639,      -103.184,      -18.7455,      -78.7729,"ASSEMBLY_LAGERSITZ_NEU-1_SET-GEHAEUSE","ALUMINIUM",NA,            0.,            0.,            0.,            0.,   582.674E-18,   280.972E-18,       NoValue
D:/MoVerHu_Projekt/FE_Modell/FE-Abaqus-Model/Job-19.odb,Step-163,Increment      6: Step Time =    1.000,"LAGERSITZ_NEU-1",         12905,             6,         12639,      -103.184,      -18.7455,      -78.7729,"ASSEMBLY_LAGERSITZ_NEU-1_SET-GEHAEUSE","ALUMINIUM",NA,            0.,            0.,            0.,            0.,   582.674E-18,   280.972E-18,       NoValue
D:/MoVerHu_Projekt/FE_Modell/FE-Abaqus-Model/Job-19.odb,Step-163,Increment      6: Step Time =    1.000,"LAGERSITZ_NEU-1",         12906,             6,         12640,      -100.184,      -18.7455,      -78.7729,"ASSEMBLY_LAGERSITZ_NEU-1_SET-GEHAEUSE","ALUMINIUM",NA,            0.,            0.,            0.,            0.,  -1.87213E-15,   891.897E-18,       NoValue
D:/MoVerHu_Projekt/FE_Modell/FE-Abaqus-Model/Job-19.odb,Step-163,Increment      6: Step Time =    1.000,"LAGERSITZ_NEU-1",         12907,             6,         12640,      -100.184,      -18.7455,      -78.7729,"ASSEMBLY_LAGERSITZ_NEU-1_SET-GEHAEUSE","ALUMINIUM",NA,            0.,            0.,            0.,            0.,  -1.87213E-15,   891.897E-18,       NoValue
D:/MoVerHu_Projekt/FE_Modell/FE-Abaqus-Model/Job-19.odb,Step-163,Increment      6: Step Time =    1.000,"LAGERSITZ_NEU-1",         12902,             6,         12640,      -100.184,      -18.7455,      -78.7729,"ASSEMBLY_LAGERSITZ_NEU-1_SET-GEHAEUSE","ALUMINIUM",NA,            0.,            0.,            0.,            0.,  -1.87213E-15,   891.897E-18,       NoValue
D:/MoVerHu_Projekt/FE_Modell/FE-Abaqus-Model/Job-19.odb,Step-163,Increment      6: Step Time =    1.000,"LAGERSITZ_NEU-1",         12901,             6,         12640,      -100.184,      -18.7455,      -78.7729,"ASSEMBLY_LAGERSITZ_NEU-1_SET-GEHAEUSE","ALUMINIUM",NA,            0.,            0.,            0.,            0.,  -1.87213E-15,   891.897E-18,       NoValue
D:/MoVerHu_Projekt/FE_Modell/FE-Abaqus-Model/Job-19.odb,Step-163,Increment      6: Step Time =    1.000,"LAGERSITZ_NEU-1",         12909,             6,         12641,      -109.184,      -16.0476,      -79.4004,"ASSEMBLY_LAGERSITZ_NEU-1_SET-GEHAEUSE","ALUMINIUM",NA,            0.,            0.,            0.,            0.,  -1.07584E-15,   828.094E-18,       NoValue
D:/MoVerHu_Projekt/FE_Modell/FE-Abaqus-Model/Job-19.odb,Step-163,Increment      6: Step Time =    1.000,"LAGERSITZ_NEU-1",         12908,             6,         12641,      -109.184,      -16.0476,      -79.4004,"ASSEMBLY_LAGERSITZ_NEU-1_SET-GEHAEUSE","ALUMINIUM",NA,            0.,            0.,            0.,            0.,  -1.07584E-15,   828.094E-18,       NoValue
D:/MoVerHu_Projekt/FE_Modell/FE-Abaqus-Model/Job-19.odb,Step-163,Increment      6: Step Time =    1.000,"LAGERSITZ_NEU-1",         12904,             6,         12641,      -109.184,      -16.0476,      -79.4004,"ASSEMBLY_LAGERSITZ_NEU-1_SET-GEHAEUSE","ALUMINIUM",NA,            0.,            0.,            0.,            0.,  -1.07584E-15,   828.094E-18,       NoValue
D:/MoVerHu_Projekt/FE_Modell/FE-Abaqus-Model/Job-19.odb,Step-163,Increment      6: Step Time =    1.000,"LAGERSITZ_NEU-1",         12903,             6,         12641,      -109.184,      -16.0476,      -79.4004,"ASSEMBLY_LAGERSITZ_NEU-1_SET-GEHAEUSE","ALUMINIUM",NA,            0.,            0.,            0.,            0.,  -1.07584E-15,   828.094E-18,       NoValue
D:/MoVerHu_Projekt/FE_Modell/FE-Abaqus-Model/Job-19.odb,Step-163,Increment      6: Step Time =    1.000,"LAGERSITZ_NEU-1",         12910,             6,         12642,      -106.184,      -16.0476,      -79.4004,"ASSEMBLY_LAGERSITZ_NEU-1_SET-GEHAEUSE","ALUMINIUM",NA,            0.,            0.,            0.,            0.,   68.6409E-18,   1.02521E-15,       NoValue
D:/MoVerHu_Projekt/FE_Modell/FE-Abaqus-Model/Job-19.odb,Step-163,Increment      6: Step Time =    1.000,"LAGERSITZ_NEU-1",         12904,             6,         12642,      -106.184,      -16.0476,      -79.4004,"ASSEMBLY_LAGERSITZ_NEU-1_SET-GEHAEUSE","ALUMINIUM",NA,            0.,            0.,            0.,            0.,   68.6409E-18,   1.02521E-15,       NoValue
D:/MoVerHu_Projekt/FE_Modell/FE-Abaqus-Model/Job-19.odb,Step-163,Increment      6: Step Time =    1.000,"LAGERSITZ_NEU-1",         12909,             6,         12642,      -106.184,      -16.0476,      -79.4004,"ASSEMBLY_LAGERSITZ_NEU-1_SET-GEHAEUSE","ALUMINIUM",NA,            0.,            0.,            0.,            0.,   68.6409E-18,   1.02521E-15,       NoValue
D:/MoVerHu_Projekt/FE_Modell/FE-Abaqus-Model/Job-19.odb,Step-163,Increment      6: Step Time =    1.000,"LAGERSITZ_NEU-1",         12905,             6,         12642,      -106.184,      -16.0476,      -79.4004,"ASSEMBLY_LAGERSITZ_NEU-1_SET-GEHAEUSE","ALUMINIUM",NA,            0.,            0.,            0.,            0.,   68.6409E-18,   1.02521E-15,       NoValue
D:/MoVerHu_Projekt/FE_Modell/FE-Abaqus-Model/Job-19.odb,Step-163,Increment      6: Step Time =    1.000,"LAGERSITZ_NEU-1",         12905,             6,         12643,      -103.184,      -16.0476,      -79.4004,"ASSEMBLY_LAGERSITZ_NEU-1_SET-GEHAEUSE","ALUMINIUM",NA,            0.,            0.,            0.,            0.,   847.953E-18,   565.261E-18,       NoValue
D:/MoVerHu_Projekt/FE_Modell/FE-Abaqus-Model/Job-19.odb,Step-163,Increment      6: Step Time =    1.000,"LAGERSITZ_NEU-1",         12910,             6,         12643,      -103.184,      -16.0476,      -79.4004,"ASSEMBLY_LAGERSITZ_NEU-1_SET-GEHAEUSE","ALUMINIUM",NA,            0.,            0.,            0.,            0.,   847.953E-18,   565.261E-18,       NoValue
D:/MoVerHu_Projekt/FE_Modell/FE-Abaqus-Model/Job-19.odb,Step-163,Increment      6: Step Time =    1.000,"LAGERSITZ_NEU-1",         12911,             6,         12643,      -103.184,      -16.0476,      -79.4004,"ASSEMBLY_LAGERSITZ_NEU-1_SET-GEHAEUSE","ALUMINIUM",NA,            0.,            0.,            0.,            0.,   847.953E-18,   565.261E-18,       NoValue
D:/MoVerHu_Projekt/FE_Modell/FE-Abaqus-Model/Job-19.odb,Step-163,Increment      6: Step Time =    1.000,"LAGERSITZ_NEU-1",         12906,             6,         12643,      -103.184,      -16.0476,      -79.4004,"ASSEMBLY_LAGERSITZ_NEU-1_SET-GEHAEUSE","ALUMINIUM",NA,            0.,            0.,            0.,            0.,   847.953E-18,   565.261E-18,       NoValue
D:/MoVerHu_Projekt/FE_Modell/FE-Abaqus-Model/Job-19.odb,Step-163,Increment      6: Step Time =    1.000,"LAGERSITZ_NEU-1",         12911,             6,         12644,      -100.184,      -16.0476,      -79.4004,"ASSEMBLY_LAGERSITZ_NEU-1_SET-GEHAEUSE","ALUMINIUM",NA,            0.,            0.,            0.,            0.,  -3.43348E-15,   1.11964E-15,       NoValue
D:/MoVerHu_Projekt/FE_Modell/FE-Abaqus-Model/Job-19.odb,Step-163,Increment      6: Step Time =    1.000,"LAGERSITZ_NEU-1",         12906,             6,         12644,      -100.184,      -16.0476,      -79.4004,"ASSEMBLY_LAGERSITZ_NEU-1_SET-GEHAEUSE","ALUMINIUM",NA,            0.,            0.,            0.,            0.,  -3.43348E-15,   1.11964E-15,       NoValue
D:/MoVerHu_Projekt/FE_Modell/FE-Abaqus-Model/Job-19.odb,Step-163,Increment      6: Step Time =    1.000,"LAGERSITZ_NEU-1",         12912,             6,         12644,      -100.184,      -16.0476,      -79.4004,"ASSEMBLY_LAGERSITZ_NEU-1_SET-GEHAEUSE","ALUMINIUM",NA,            0.,            0.,            0.,            0.,  -3.43348E-15,   1.11964E-15,       NoValue
D:/MoVerHu_Projekt/FE_Modell/FE-Abaqus-Model/Job-19.odb,Step-163,Increment      6: Step Time =    1.000,"LAGERSITZ_NEU-1",         12907,             6,         12644,      -100.184,      -16.0476,      -79.4004,"ASSEMBLY_LAGERSITZ_NEU-1_SET-GEHAEUSE","ALUMINIUM",NA,            0.,            0.,            0.,            0.,  -3.43348E-15,   1.11964E-15,       NoValue
D:/MoVerHu_Projekt/FE_Modell/FE-Abaqus-Model/Job-19.odb,Step-163,Increment      6: Step Time =    1.000,"LAGERSITZ_NEU-1",         12914,             6,         12645,      -109.184,      -13.3215,      -79.8913,"ASSEMBLY_LAGERSITZ_NEU-1_SET-GEHAEUSE","ALUMINIUM",NA,            0.,            0.,            0.,            0.,  -1.45900E-15,   744.495E-18,       NoValue
D:/MoVerHu_Projekt/FE_Modell/FE-Abaqus-Model/Job-19.odb,Step-163,Increment      6: Step Time =    1.000,"LAGERSITZ_NEU-1",         12913,             6,         12645,      -109.184,      -13.3215,      -79.8913,"ASSEMBLY_LAGERSITZ_NEU-1_SET-GEHAEUSE","ALUMINIUM",NA,            0.,            0.,            0.,            0.,  -1.45900E-15,   744.495E-18,       NoValue
D:/MoVerHu_Projekt/FE_Modell/FE-Abaqus-Model/Job-19.odb,Step-163,Increment      6: Step Time =    1.000,"LAGERSITZ_NEU-1",         12908,             6,         12645,      -109.184,      -13.3215,      -79.8913,"ASSEMBLY_LAGERSITZ_NEU-1_SET-GEHAEUSE","ALUMINIUM",NA,            0.,            0.,            0.,            0.,  -1.45900E-15,   744.495E-18,       NoValue
D:/MoVerHu_Projekt/FE_Modell/FE-Abaqus-Model/Job-19.odb,Step-163,Increment      6: Step Time =    1.000,"LAGERSITZ_NEU-1",         12909,             6,         12645,      -109.184,      -13.3215,      -79.8913,"ASSEMBLY_LAGERSITZ_NEU-1_SET-GEHAEUSE","ALUMINIUM",NA,            0.,            0.,            0.,            0.,  -1.45900E-15,   744.495E-18,       NoValue
D:/MoVerHu_Projekt/FE_Modell/FE-Abaqus-Model/Job-19.odb,Step-163,Increment      6: Step Time =    1.000,"LAGERSITZ_NEU-1",         12914,             6,         12646,      -106.184,      -13.3215,      -79.8913,"ASSEMBLY_LAGERSITZ_NEU-1_SET-GEHAEUSE","ALUMINIUM",NA,            0.,            0.,            0.,            0.,  -1.46254E-15,   717.335E-18,       NoValue
D:/MoVerHu_Projekt/FE_Modell/FE-Abaqus-Model/Job-19.odb,Step-163,Increment      6: Step Time =    1.000,"LAGERSITZ_NEU-1",         12915,             6,         12646,      -106.184,      -13.3215,      -79.8913,"ASSEMBLY_LAGERSITZ_NEU-1_SET-GEHAEUSE","ALUMINIUM",NA,            0.,            0.,            0.,            0.,  -1.46254E-15,   717.335E-18,       NoValue
D:/MoVerHu_Projekt/FE_Modell/FE-Abaqus-Model/Job-19.odb,Step-163,Increment      6: Step Time =    1.000,"LAGERSITZ_NEU-1",         12910,             6,         12646,      -106.184,      -13.3215,      -79.8913,"ASSEMBLY_LAGERSITZ_NEU-1_SET-GEHAEUSE","ALUMINIUM",NA,            0.,            0.,            0.,            0.,  -1.46254E-15,   717.335E-18,       NoValue
D:/MoVerHu_Projekt/FE_Modell/FE-Abaqus-Model/Job-19.odb,Step-163,Increment      6: Step Time =    1.000,"LAGERSITZ_NEU-1",         12909,             6,         12646,      -106.184,      -13.3215,      -79.8913,"ASSEMBLY_LAGERSITZ_NEU-1_SET-GEHAEUSE","ALUMINIUM",NA,            0.,            0.,            0.,            0.,  -1.46254E-15,   717.335E-18,       NoValue
D:/MoVerHu_Projekt/FE_Modell/FE-Abaqus-Model/Job-19.odb,Step-163,Increment      6: Step Time =    1.000,"LAGERSITZ_NEU-1",         12911,             6,         12647,      -103.184,      -13.3215,      -79.8913,"ASSEMBLY_LAGERSITZ_NEU-1_SET-GEHAEUSE","ALUMINIUM",NA,            0.,            0.,            0.,            0.,  -447.411E-18,   1.14021E-15,       NoValue
D:/MoVerHu_Projekt/FE_Modell/FE-Abaqus-Model/Job-19.odb,Step-163,Increment      6: Step Time =    1.000,"LAGERSITZ_NEU-1",         12915,             6,         12647,      -103.184,      -13.3215,      -79.8913,"ASSEMBLY_LAGERSITZ_NEU-1_SET-GEHAEUSE","ALUMINIUM",NA,            0.,            0.,            0.,            0.,  -447.411E-18,   1.14021E-15,       NoValue
D:/MoVerHu_Projekt/FE_Modell/FE-Abaqus-Model/Job-19.odb,Step-163,Increment      6: Step Time =    1.000,"LAGERSITZ_NEU-1",         12916,             6,         12647,      -103.184,      -13.3215,      -79.8913,"ASSEMBLY_LAGERSITZ_NEU-1_SET-GEHAEUSE","ALUMINIUM",NA,            0.,            0.,            0.,            0.,  -447.411E-18,   1.14021E-15,       NoValue
D:/MoVerHu_Projekt/FE_Modell/FE-Abaqus-Model/Job-19.odb,Step-163,Increment      6: Step Time =    1.000,"LAGERSITZ_NEU-1",         12910,             6,         12647,      -103.184,      -13.3215,      -79.8913,"ASSEMBLY_LAGERSITZ_NEU-1_SET-GEHAEUSE","ALUMINIUM",NA,            0.,            0.,            0.,            0.,  -447.411E-18,   1.14021E-15,       NoValue
D:/MoVerHu_Projekt/FE_Modell/FE-Abaqus-Model/Job-19.odb,Step-163,Increment      6: Step Time =    1.000,"LAGERSITZ_NEU-1",         12911,             6,         12648,      -100.184,      -13.3215,      -79.8913,"ASSEMBLY_LAGERSITZ_NEU-1_SET-GEHAEUSE","ALUMINIUM",NA,            0.,            0.,            0.,            0.,  -4.61808E-15,   725.107E-18,       NoValue
D:/MoVerHu_Projekt/FE_Modell/FE-Abaqus-Model/Job-19.odb,Step-163,Increment      6: Step Time =    1.000,"LAGERSITZ_NEU-1",         12912,             6,         12648,      -100.184,      -13.3215,      -79.8913,"ASSEMBLY_LAGERSITZ_NEU-1_SET-GEHAEUSE","ALUMINIUM",NA,            0.,            0.,            0.,            0.,  -4.61808E-15,   725.107E-18,       NoValue
D:/MoVerHu_Projekt/FE_Modell/FE-Abaqus-Model/Job-19.odb,Step-163,Increment      6: Step Time =    1.000,"LAGERSITZ_NEU-1",         12916,             6,         12648,      -100.184,      -13.3215,      -79.8913,"ASSEMBLY_LAGERSITZ_NEU-1_SET-GEHAEUSE","ALUMINIUM",NA,            0.,            0.,            0.,            0.,  -4.61808E-15,   725.107E-18,       NoValue
D:/MoVerHu_Projekt/FE_Modell/FE-Abaqus-Model/Job-19.odb,Step-163,Increment      6: Step Time =    1.000,"LAGERSITZ_NEU-1",         12917,             6,         12648,      -100.184,      -13.3215,      -79.8913,"ASSEMBLY_LAGERSITZ_NEU-1_SET-GEHAEUSE","ALUMINIUM",NA,            0.,            0.,            0.,            0.,  -4.61808E-15,   725.107E-18,       NoValue
D:/MoVerHu_Projekt/FE_Modell/FE-Abaqus-Model/Job-19.odb,Step-163,Increment      6: Step Time =    1.000,"LAGERSITZ_NEU-1",         12914,             6,         12649,      -109.184,      -10.5742,      -80.2443,"ASSEMBLY_LAGERSITZ_NEU-1_SET-GEHAEUSE","ALUMINIUM",NA,            0.,            0.,            0.,            0.,  -3.16075E-15,   74.0352E-18,       NoValue
D:/MoVerHu_Projekt/FE_Modell/FE-Abaqus-Model/Job-19.odb,Step-163,Increment      6: Step Time =    1.000,"LAGERSITZ_NEU-1",         12913,             6,         12649,      -109.184,      -10.5742,      -80.2443,"ASSEMBLY_LAGERSITZ_NEU-1_SET-GEHAEUSE","ALUMINIUM",NA,            0.,            0.,            0.,            0.,  -3.16075E-15,   74.0352E-18,       NoValue
D:/MoVerHu_Projekt/FE_Modell/FE-Abaqus-Model/Job-19.odb,Step-163,Increment      6: Step Time =    1.000,"LAGERSITZ_NEU-1",         12919,             6,         12649,      -109.184,      -10.5742,      -80.2443,"ASSEMBLY_LAGERSITZ_NEU-1_SET-GEHAEUSE","ALUMINIUM",NA,            0.,            0.,            0.,            0.,  -3.16075E-15,   74.0352E-18,       NoValue
D:/MoVerHu_Projekt/FE_Modell/FE-Abaqus-Model/Job-19.odb,Step-163,Increment      6: Step Time =    1.000,"LAGERSITZ_NEU-1",         12918,             6,         12649,      -109.184,      -10.5742,      -80.2443,"ASSEMBLY_LAGERSITZ_NEU-1_SET-GEHAEUSE","ALUMINIUM",NA,            0.,            0.,            0.,            0.,  -3.16075E-15,   74.0352E-18,       NoValue
D:/MoVerHu_Projekt/FE_Modell/FE-Abaqus-Model/Job-19.odb,Step-163,Increment      6: Step Time =    1.000,"LAGERSITZ_NEU-1",         12919,             6,         12650,      -106.184,      -10.5742,      -80.2443,"ASSEMBLY_LAGERSITZ_NEU-1_SET-GEHAEUSE","ALUMINIUM",NA,            0.,            0.,            0.,            0.,   1.55032E-15,   98.1597E-18,       NoValue
D:/MoVerHu_Projekt/FE_Modell/FE-Abaqus-Model/Job-19.odb,Step-163,Increment      6: Step Time =    1.000,"LAGERSITZ_NEU-1",         12915,             6,         12650,      -106.184,      -10.5742,      -80.2443,"ASSEMBLY_LAGERSITZ_NEU-1_SET-GEHAEUSE","ALUMINIUM",NA,            0.,            0.,            0.,            0.,   1.55032E-15,   98.1597E-18,       NoValue
D:/MoVerHu_Projekt/FE_Modell/FE-Abaqus-Model/Job-19.odb,Step-163,Increment      6: Step Time =    1.000,"LAGERSITZ_NEU-1",         12920,             6,         12650,      -106.184,      -10.5742,      -80.2443,"ASSEMBLY_LAGERSITZ_NEU-1_SET-GEHAEUSE","ALUMINIUM",NA,            0.,            0.,            0.,            0.,   1.55032E-15,   98.1597E-18,       NoValue
D:/MoVerHu_Projekt/FE_Modell/FE-Abaqus-Model/Job-19.odb,Step-163,Increment      6: Step Time =    1.000,"LAGERSITZ_NEU-1",         12914,             6,         12650,      -106.184,      -10.5742,      -80.2443,"ASSEMBLY_LAGERSITZ_NEU-1_SET-GEHAEUSE","ALUMINIUM",NA,            0.,            0.,            0.,            0.,   1.55032E-15,   98.1597E-18,       NoValue
D:/MoVerHu_Projekt/FE_Modell/FE-Abaqus-Model/Job-19.odb,Step-163,Increment      6: Step Time =    1.000,"LAGERSITZ_NEU-1",         12921,             6,         12651,      -103.184,      -10.5742,      -80.2443,"ASSEMBLY_LAGERSITZ_NEU-1_SET-GEHAEUSE","ALUMINIUM",NA,            0.,            0.,            0.,            0.,   861.591E-18,  -379.772E-18,       NoValue
D:/MoVerHu_Projekt/FE_Modell/FE-Abaqus-Model/Job-19.odb,Step-163,Increment      6: Step Time =    1.000,"LAGERSITZ_NEU-1",         12915,             6,         12651,      -103.184,      -10.5742,      -80.2443,"ASSEMBLY_LAGERSITZ_NEU-1_SET-GEHAEUSE","ALUMINIUM",NA,            0.,            0.,            0.,            0.,   861.591E-18,  -379.772E-18,       NoValue
D:/MoVerHu_Projekt/FE_Modell/FE-Abaqus-Model/Job-19.odb,Step-163,Increment      6: Step Time =    1.000,"LAGERSITZ_NEU-1",         12920,             6,         12651,      -103.184,      -10.5742,      -80.2443,"ASSEMBLY_LAGERSITZ_NEU-1_SET-GEHAEUSE","ALUMINIUM",NA,            0.,            0.,            0.,            0.,   861.591E-18,  -379.772E-18,       NoValue
D:/MoVerHu_Projekt/FE_Modell/FE-Abaqus-Model/Job-19.odb,Step-163,Increment      6: Step Time =    1.000,"LAGERSITZ_NEU-1",         12916,             6,         12651,      -103.184,      -10.5742,      -80.2443,"ASSEMBLY_LAGERSITZ_NEU-1_SET-GEHAEUSE","ALUMINIUM",NA,            0.,            0.,            0.,            0.,   861.591E-18,  -379.772E-18,       NoValue
D:/MoVerHu_Projekt/FE_Modell/FE-Abaqus-Model/Job-19.odb,Step-163,Increment      6: Step Time =    1.000,"LAGERSITZ_NEU-1",         12917,             6,         12652,      -100.184,      -10.5742,      -80.2443,"ASSEMBLY_LAGERSITZ_NEU-1_SET-GEHAEUSE","ALUMINIUM",NA,            0.,            0.,            0.,            0.,  -819.948E-18,  -16.2754E-18,       NoValue
D:/MoVerHu_Projekt/FE_Modell/FE-Abaqus-Model/Job-19.odb,Step-163,Increment      6: Step Time =    1.000,"LAGERSITZ_NEU-1",         12921,             6,         12652,      -100.184,      -10.5742,      -80.2443,"ASSEMBLY_LAGERSITZ_NEU-1_SET-GEHAEUSE","ALUMINIUM",NA,            0.,            0.,            0.,            0.,  -819.948E-18,  -16.2754E-18,       NoValue
D:/MoVerHu_Projekt/FE_Modell/FE-Abaqus-Model/Job-19.odb,Step-163,Increment      6: Step Time =    1.000,"LAGERSITZ_NEU-1",         12922,             6,         12652,      -100.184,      -10.5742,      -80.2443,"ASSEMBLY_LAGERSITZ_NEU-1_SET-GEHAEUSE","ALUMINIUM",NA,            0.,            0.,            0.,            0.,  -819.948E-18,  -16.2754E-18,       NoValue
D:/MoVerHu_Projekt/FE_Modell/FE-Abaqus-Model/Job-19.odb,Step-163,Increment      6: Step Time =    1.000,"LAGERSITZ_NEU-1",         12916,             6,         12652,      -100.184,      -10.5742,      -80.2443,"ASSEMBLY_LAGERSITZ_NEU-1_SET-GEHAEUSE","ALUMINIUM",NA,            0.,            0.,            0.,            0.,  -819.948E-18,  -16.2754E-18,       NoValue
D:/MoVerHu_Projekt/FE_Modell/FE-Abaqus-Model/Job-19.odb,Step-163,Increment      6: Step Time =    1.000,"LAGERSITZ_NEU-1",         12924,             6,         12653,      -109.184,      -7.81262,      -80.4586,"ASSEMBLY_LAGERSITZ_NEU-1_SET-GEHAEUSE","ALUMINIUM",NA,            0.,            0.,            0.,            0.,   515.839E-18,  -46.1666E-18,       NoValue
D:/MoVerHu_Projekt/FE_Modell/FE-Abaqus-Model/Job-19.odb,Step-163,Increment      6: Step Time =    1.000,"LAGERSITZ_NEU-1",         12919,             6,         12653,      -109.184,      -7.81262,      -80.4586,"ASSEMBLY_LAGERSITZ_NEU-1_SET-GEHAEUSE","ALUMINIUM",NA,            0.,            0.,            0.,            0.,   515.839E-18,  -46.1666E-18,       NoValue
D:/MoVerHu_Projekt/FE_Modell/FE-Abaqus-Model/Job-19.odb,Step-163,Increment      6: Step Time =    1.000,"LAGERSITZ_NEU-1",         12918,             6,         12653,      -109.184,      -7.81262,      -80.4586,"ASSEMBLY_LAGERSITZ_NEU-1_SET-GEHAEUSE","ALUMINIUM",NA,            0.,            0.,            0.,            0.,   515.839E-18,  -46.1666E-18,       NoValue
D:/MoVerHu_Projekt/FE_Modell/FE-Abaqus-Model/Job-19.odb,Step-163,Increment      6: Step Time =    1.000,"LAGERSITZ_NEU-1",         12923,             6,         12653,      -109.184,      -7.81262,      -80.4586,"ASSEMBLY_LAGERSITZ_NEU-1_SET-GEHAEUSE","ALUMINIUM",NA,            0.,            0.,            0.,            0.,   515.839E-18,  -46.1666E-18,       NoValue
D:/MoVerHu_Projekt/FE_Modell/FE-Abaqus-Model/Job-19.odb,Step-163,Increment      6: Step Time =    1.000,"LAGERSITZ_NEU-1",         12919,             6,         12654,      -106.184,      -7.81262,      -80.4586,"ASSEMBLY_LAGERSITZ_NEU-1_SET-GEHAEUSE","ALUMINIUM",NA,            0.,            0.,            0.,            0.,   1.38819E-15,   83.9149E-18,       NoValue
D:/MoVerHu_Projekt/FE_Modell/FE-Abaqus-Model/Job-19.odb,Step-163,Increment      6: Step Time =    1.000,"LAGERSITZ_NEU-1",         12924,             6,         12654,      -106.184,      -7.81262,      -80.4586,"ASSEMBLY_LAGERSITZ_NEU-1_SET-GEHAEUSE","ALUMINIUM",NA,            0.,            0.,            0.,            0.,   1.38819E-15,   83.9149E-18,       NoValue
D:/MoVerHu_Projekt/FE_Modell/FE-Abaqus-Model/Job-19.odb,Step-163,Increment      6: Step Time =    1.000,"LAGERSITZ_NEU-1",         12920,             6,         12654,      -106.184,      -7.81262,      -80.4586,"ASSEMBLY_LAGERSITZ_NEU-1_SET-GEHAEUSE","ALUMINIUM",NA,            0.,            0.,            0.,            0.,   1.38819E-15,   83.9149E-18,       NoValue
D:/MoVerHu_Projekt/FE_Modell/FE-Abaqus-Model/Job-19.odb,Step-163,Increment      6: Step Time =    1.000,"LAGERSITZ_NEU-1",         12925,             6,         12654,      -106.184,      -7.81262,      -80.4586,"ASSEMBLY_LAGERSITZ_NEU-1_SET-GEHAEUSE","ALUMINIUM",NA,            0.,            0.,            0.,            0.,   1.38819E-15,   83.9149E-18,       NoValue
D:/MoVerHu_Projekt/FE_Modell/FE-Abaqus-Model/Job-19.odb,Step-163,Increment      6: Step Time =    1.000,"LAGERSITZ_NEU-1",         12920,             6,         12655,      -103.184,      -7.81262,      -80.4586,"ASSEMBLY_LAGERSITZ_NEU-1_SET-GEHAEUSE","ALUMINIUM",NA,            0.,            0.,            0.,            0.,   2.08063E-15,  -111.616E-18,       NoValue
D:/MoVerHu_Projekt/FE_Modell/FE-Abaqus-Model/Job-19.odb,Step-163,Increment      6: Step Time =    1.000,"LAGERSITZ_NEU-1",         12921,             6,         12655,      -103.184,      -7.81262,      -80.4586,"ASSEMBLY_LAGERSITZ_NEU-1_SET-GEHAEUSE","ALUMINIUM",NA,            0.,            0.,            0.,            0.,   2.08063E-15,  -111.616E-18,       NoValue
D:/MoVerHu_Projekt/FE_Modell/FE-Abaqus-Model/Job-19.odb,Step-163,Increment      6: Step Time =    1.000,"LAGERSITZ_NEU-1",         12926,             6,         12655,      -103.184,      -7.81262,      -80.4586,"ASSEMBLY_LAGERSITZ_NEU-1_SET-GEHAEUSE","ALUMINIUM",NA,            0.,            0.,            0.,            0.,   2.08063E-15,  -111.616E-18,       NoValue
D:/MoVerHu_Projekt/FE_Modell/FE-Abaqus-Model/Job-19.odb,Step-163,Increment      6: Step Time =    1.000,"LAGERSITZ_NEU-1",         12925,             6,         12655,      -103.184,      -7.81262,      -80.4586,"ASSEMBLY_LAGERSITZ_NEU-1_SET-GEHAEUSE","ALUMINIUM",NA,            0.,            0.,            0.,            0.,   2.08063E-15,  -111.616E-18,       NoValue
D:/MoVerHu_Projekt/FE_Modell/FE-Abaqus-Model/Job-19.odb,Step-163,Increment      6: Step Time =    1.000,"LAGERSITZ_NEU-1",         12926,             6,         12656,      -100.184,      -7.81262,      -80.4586,"ASSEMBLY_LAGERSITZ_NEU-1_SET-GEHAEUSE","ALUMINIUM",NA,            0.,            0.,            0.,            0.,  -4.45544E-15,   54.7470E-18,       NoValue
D:/MoVerHu_Projekt/FE_Modell/FE-Abaqus-Model/Job-19.odb,Step-163,Increment      6: Step Time =    1.000,"LAGERSITZ_NEU-1",         12921,             6,         12656,      -100.184,      -7.81262,      -80.4586,"ASSEMBLY_LAGERSITZ_NEU-1_SET-GEHAEUSE","ALUMINIUM",NA,            0.,            0.,            0.,            0.,  -4.45544E-15,   54.7470E-18,       NoValue
D:/MoVerHu_Projekt/FE_Modell/FE-Abaqus-Model/Job-19.odb,Step-163,Increment      6: Step Time =    1.000,"LAGERSITZ_NEU-1",         12922,             6,         12656,      -100.184,      -7.81262,      -80.4586,"ASSEMBLY_LAGERSITZ_NEU-1_SET-GEHAEUSE","ALUMINIUM",NA,            0.,            0.,            0.,            0.,  -4.45544E-15,   54.7470E-18,       NoValue
D:/MoVerHu_Projekt/FE_Modell/FE-Abaqus-Model/Job-19.odb,Step-163,Increment      6: Step Time =    1.000,"LAGERSITZ_NEU-1",         12927,             6,         12656,      -100.184,      -7.81262,      -80.4586,"ASSEMBLY_LAGERSITZ_NEU-1_SET-GEHAEUSE","ALUMINIUM",NA,            0.,            0.,            0.,            0.,  -4.45544E-15,   54.7470E-18,       NoValue
D:/MoVerHu_Projekt/FE_Modell/FE-Abaqus-Model/Job-19.odb,Step-163,Increment      6: Step Time =    1.000,"LAGERSITZ_NEU-1",         12934,             6,         12657,      -109.184,      -2.02306,      -80.4562,"ASSEMBLY_LAGERSITZ_NEU-1_SET-GEHAEUSE","ALUMINIUM",NA,            0.,            0.,            0.,            0.,  -2.39257E-15,   45.7521E-18,       NoValue
D:/MoVerHu_Projekt/FE_Modell/FE-Abaqus-Model/Job-19.odb,Step-163,Increment      6: Step Time =    1.000,"LAGERSITZ_NEU-1",         12928,             6,         12657,      -109.184,      -2.02306,      -80.4562,"ASSEMBLY_LAGERSITZ_NEU-1_SET-GEHAEUSE","ALUMINIUM",NA,            0.,            0.,            0.,            0.,  -2.39257E-15,   45.7521E-18,       NoValue
D:/MoVerHu_Projekt/FE_Modell/FE-Abaqus-Model/Job-19.odb,Step-163,Increment      6: Step Time =    1.000,"LAGERSITZ_NEU-1",         12929,             6,         12657,      -109.184,      -2.02306,      -80.4562,"ASSEMBLY_LAGERSITZ_NEU-1_SET-GEHAEUSE","ALUMINIUM",NA,            0.,            0.,            0.,            0.,  -2.39257E-15,   45.7521E-18,       NoValue
D:/MoVerHu_Projekt/FE_Modell/FE-Abaqus-Model/Job-19.odb,Step-163,Increment      6: Step Time =    1.000,"LAGERSITZ_NEU-1",         12933,             6,         12657,      -109.184,      -2.02306,      -80.4562,"ASSEMBLY_LAGERSITZ_NEU-1_SET-GEHAEUSE","ALUMINIUM",NA,            0.,            0.,            0.,            0.,  -2.39257E-15,   45.7521E-18,       NoValue
D:/MoVerHu_Projekt/FE_Modell/FE-Abaqus-Model/Job-19.odb,Step-163,Increment      6: Step Time =    1.000,"LAGERSITZ_NEU-1",         12935,             6,         12658,      -106.184,      -2.02306,      -80.4562,"ASSEMBLY_LAGERSITZ_NEU-1_SET-GEHAEUSE","ALUMINIUM",NA,            0.,            0.,            0.,            0.,  -3.20116E-15,   181.037E-18,       NoValue
D:/MoVerHu_Projekt/FE_Modell/FE-Abaqus-Model/Job-19.odb,Step-163,Increment      6: Step Time =    1.000,"LAGERSITZ_NEU-1",         12929,             6,         12658,      -106.184,      -2.02306,      -80.4562,"ASSEMBLY_LAGERSITZ_NEU-1_SET-GEHAEUSE","ALUMINIUM",NA,            0.,            0.,            0.,            0.,  -3.20116E-15,   181.037E-18,       NoValue
D:/MoVerHu_Projekt/FE_Modell/FE-Abaqus-Model/Job-19.odb,Step-163,Increment      6: Step Time =    1.000,"LAGERSITZ_NEU-1",         12934,             6,         12658,      -106.184,      -2.02306,      -80.4562,"ASSEMBLY_LAGERSITZ_NEU-1_SET-GEHAEUSE","ALUMINIUM",NA,            0.,            0.,            0.,            0.,  -3.20116E-15,   181.037E-18,       NoValue
D:/MoVerHu_Projekt/FE_Modell/FE-Abaqus-Model/Job-19.odb,Step-163,Increment      6: Step Time =    1.000,"LAGERSITZ_NEU-1",         12930,             6,         12658,      -106.184,      -2.02306,      -80.4562,"ASSEMBLY_LAGERSITZ_NEU-1_SET-GEHAEUSE","ALUMINIUM",NA,            0.,            0.,            0.,            0.,  -3.20116E-15,   181.037E-18,       NoValue
D:/MoVerHu_Projekt/FE_Modell/FE-Abaqus-Model/Job-19.odb,Step-163,Increment      6: Step Time =    1.000,"LAGERSITZ_NEU-1",         12936,             6,         12659,      -103.184,      -2.02306,      -80.4562,"ASSEMBLY_LAGERSITZ_NEU-1_SET-GEHAEUSE","ALUMINIUM",NA,            0.,            0.,            0.,            0.,  -2.37346E-15,   239.176E-18,       NoValue
D:/MoVerHu_Projekt/FE_Modell/FE-Abaqus-Model/Job-19.odb,Step-163,Increment      6: Step Time =    1.000,"LAGERSITZ_NEU-1",         12930,             6,         12659,      -103.184,      -2.02306,      -80.4562,"ASSEMBLY_LAGERSITZ_NEU-1_SET-GEHAEUSE","ALUMINIUM",NA,            0.,            0.,            0.,            0.,  -2.37346E-15,   239.176E-18,       NoValue
D:/MoVerHu_Projekt/FE_Modell/FE-Abaqus-Model/Job-19.odb,Step-163,Increment      6: Step Time =    1.000,"LAGERSITZ_NEU-1",         12931,             6,         12659,      -103.184,      -2.02306,      -80.4562,"ASSEMBLY_LAGERSITZ_NEU-1_SET-GEHAEUSE","ALUMINIUM",NA,            0.,            0.,            0.,            0.,  -2.37346E-15,   239.176E-18,       NoValue
D:/MoVerHu_Projekt/FE_Modell/FE-Abaqus-Model/Job-19.odb,Step-163,Increment      6: Step Time =    1.000,"LAGERSITZ_NEU-1",         12935,             6,         12659,      -103.184,      -2.02306,      -80.4562,"ASSEMBLY_LAGERSITZ_NEU-1_SET-GEHAEUSE","ALUMINIUM",NA,            0.,            0.,            0.,            0.,  -2.37346E-15,   239.176E-18,       NoValue
D:/MoVerHu_Projekt/FE_Modell/FE-Abaqus-Model/Job-19.odb,Step-163,Increment      6: Step Time =    1.000,"LAGERSITZ_NEU-1",         12931,             6,         12660,      -100.184,      -2.02306,      -80.4562,"ASSEMBLY_LAGERSITZ_NEU-1_SET-GEHAEUSE","ALUMINIUM",NA,            0.,            0.,            0.,            0.,  -4.64192E-15,   59.1901E-18,       NoValue
D:/MoVerHu_Projekt/FE_Modell/FE-Abaqus-Model/Job-19.odb,Step-163,Increment      6: Step Time =    1.000,"LAGERSITZ_NEU-1",         12937,             6,         12660,      -100.184,      -2.02306,      -80.4562,"ASSEMBLY_LAGERSITZ_NEU-1_SET-GEHAEUSE","ALUMINIUM",NA,            0.,            0.,            0.,            0.,  -4.64192E-15,   59.1901E-18,       NoValue
D:/MoVerHu_Projekt/FE_Modell/FE-Abaqus-Model/Job-19.odb,Step-163,Increment      6: Step Time =    1.000,"LAGERSITZ_NEU-1",         12932,             6,         12660,      -100.184,      -2.02306,      -80.4562,"ASSEMBLY_LAGERSITZ_NEU-1_SET-GEHAEUSE","ALUMINIUM",NA,            0.,            0.,            0.,            0.,  -4.64192E-15,   59.1901E-18,       NoValue
D:/MoVerHu_Projekt/FE_Modell/FE-Abaqus-Model/Job-19.odb,Step-163,Increment      6: Step Time =    1.000,"LAGERSITZ_NEU-1",         12936,             6,         12660,      -100.184,      -2.02306,      -80.4562,"ASSEMBLY_LAGERSITZ_NEU-1_SET-GEHAEUSE","ALUMINIUM",NA,            0.,            0.,            0.,            0.,  -4.64192E-15,   59.1901E-18,       NoValue
D:/MoVerHu_Projekt/FE_Modell/FE-Abaqus-Model/Job-19.odb,Step-163,Increment      6: Step Time =    1.000,"LAGERSITZ_NEU-1",         12938,             6,         12661,      -109.184,   988.805E-03,      -80.2132,"ASSEMBLY_LAGERSITZ_NEU-1_SET-GEHAEUSE","ALUMINIUM",NA,            0.,            0.,            0.,            0.,  -1.97367E-15,  -47.3286E-18,       NoValue
D:/MoVerHu_Projekt/FE_Modell/FE-Abaqus-Model/Job-19.odb,Step-163,Increment      6: Step Time =    1.000,"LAGERSITZ_NEU-1",         12934,             6,         12661,      -109.184,   988.805E-03,      -80.2132,"ASSEMBLY_LAGERSITZ_NEU-1_SET-GEHAEUSE","ALUMINIUM",NA,            0.,            0.,            0.,            0.,  -1.97367E-15,  -47.3286E-18,       NoValue
D:/MoVerHu_Projekt/FE_Modell/FE-Abaqus-Model/Job-19.odb,Step-163,Increment      6: Step Time =    1.000,"LAGERSITZ_NEU-1",         12933,             6,         12661,      -109.184,   988.805E-03,      -80.2132,"ASSEMBLY_LAGERSITZ_NEU-1_SET-GEHAEUSE","ALUMINIUM",NA,            0.,            0.,            0.,            0.,  -1.97367E-15,  -47.3286E-18,       NoValue
D:/MoVerHu_Projekt/FE_Modell/FE-Abaqus-Model/Job-19.odb,Step-163,Increment      6: Step Time =    1.000,"LAGERSITZ_NEU-1",         12939,             6,         12661,      -109.184,   988.805E-03,      -80.2132,"ASSEMBLY_LAGERSITZ_NEU-1_SET-GEHAEUSE","ALUMINIUM",NA,            0.,            0.,            0.,            0.,  -1.97367E-15,  -47.3286E-18,       NoValue
D:/MoVerHu_Projekt/FE_Modell/FE-Abaqus-Model/Job-19.odb,Step-163,Increment      6: Step Time =    1.000,"LAGERSITZ_NEU-1",         12935,             6,         12662,      -106.184,   988.805E-03,      -80.2132,"ASSEMBLY_LAGERSITZ_NEU-1_SET-GEHAEUSE","ALUMINIUM",NA,            0.,            0.,            0.,            0.,  -1.84728E-15,   35.8538E-18,       NoValue
D:/MoVerHu_Projekt/FE_Modell/FE-Abaqus-Model/Job-19.odb,Step-163,Increment      6: Step Time =    1.000,"LAGERSITZ_NEU-1",         12940,             6,         12662,      -106.184,   988.805E-03,      -80.2132,"ASSEMBLY_LAGERSITZ_NEU-1_SET-GEHAEUSE","ALUMINIUM",NA,            0.,            0.,            0.,            0.,  -1.84728E-15,   35.8538E-18,       NoValue
D:/MoVerHu_Projekt/FE_Modell/FE-Abaqus-Model/Job-19.odb,Step-163,Increment      6: Step Time =    1.000,"LAGERSITZ_NEU-1",         12939,             6,         12662,      -106.184,   988.805E-03,      -80.2132,"ASSEMBLY_LAGERSITZ_NEU-1_SET-GEHAEUSE","ALUMINIUM",NA,            0.,            0.,            0.,            0.,  -1.84728E-15,   35.8538E-18,       NoValue
D:/MoVerHu_Projekt/FE_Modell/FE-Abaqus-Model/Job-19.odb,Step-163,Increment      6: Step Time =    1.000,"LAGERSITZ_NEU-1",         12934,             6,         12662,      -106.184,   988.805E-03,      -80.2132,"ASSEMBLY_LAGERSITZ_NEU-1_SET-GEHAEUSE","ALUMINIUM",NA,            0.,            0.,            0.,            0.,  -1.84728E-15,   35.8538E-18,       NoValue
D:/MoVerHu_Projekt/FE_Modell/FE-Abaqus-Model/Job-19.odb,Step-163,Increment      6: Step Time =    1.000,"LAGERSITZ_NEU-1",         12936,             6,         12663,      -103.184,   988.805E-03,      -80.2132,"ASSEMBLY_LAGERSITZ_NEU-1_SET-GEHAEUSE","ALUMINIUM",NA,            0.,            0.,            0.,            0.,  -1.12801E-15,   3.47016E-18,       NoValue
D:/MoVerHu_Projekt/FE_Modell/FE-Abaqus-Model/Job-19.odb,Step-163,Increment      6: Step Time =    1.000,"LAGERSITZ_NEU-1",         12941,             6,         12663,      -103.184,   988.805E-03,      -80.2132,"ASSEMBLY_LAGERSITZ_NEU-1_SET-GEHAEUSE","ALUMINIUM",NA,            0.,            0.,            0.,            0.,  -1.12801E-15,   3.47016E-18,       NoValue
D:/MoVerHu_Projekt/FE_Modell/FE-Abaqus-Model/Job-19.odb,Step-163,Increment      6: Step Time =    1.000,"LAGERSITZ_NEU-1",         12940,             6,         12663,      -103.184,   988.805E-03,      -80.2132,"ASSEMBLY_LAGERSITZ_NEU-1_SET-GEHAEUSE","ALUMINIUM",NA,            0.,            0.,            0.,            0.,  -1.12801E-15,   3.47016E-18,       NoValue
D:/MoVerHu_Projekt/FE_Modell/FE-Abaqus-Model/Job-19.odb,Step-163,Increment      6: Step Time =    1.000,"LAGERSITZ_NEU-1",         12935,             6,         12663,      -103.184,   988.805E-03,      -80.2132,"ASSEMBLY_LAGERSITZ_NEU-1_SET-GEHAEUSE","ALUMINIUM",NA,            0.,            0.,            0.,            0.,  -1.12801E-15,   3.47016E-18,       NoValue
D:/MoVerHu_Projekt/FE_Modell/FE-Abaqus-Model/Job-19.odb,Step-163,Increment      6: Step Time =    1.000,"LAGERSITZ_NEU-1",         12937,             6,         12664,      -100.184,   988.805E-03,      -80.2132,"ASSEMBLY_LAGERSITZ_NEU-1_SET-GEHAEUSE","ALUMINIUM",NA,            0.,            0.,            0.,            0.,  -1.63682E-15,  -170.338E-18,       NoValue
D:/MoVerHu_Projekt/FE_Modell/FE-Abaqus-Model/Job-19.odb,Step-163,Increment      6: Step Time =    1.000,"LAGERSITZ_NEU-1",         12941,             6,         12664,      -100.184,   988.805E-03,      -80.2132,"ASSEMBLY_LAGERSITZ_NEU-1_SET-GEHAEUSE","ALUMINIUM",NA,            0.,            0.,            0.,            0.,  -1.63682E-15,  -170.338E-18,       NoValue
D:/MoVerHu_Projekt/FE_Modell/FE-Abaqus-Model/Job-19.odb,Step-163,Increment      6: Step Time =    1.000,"LAGERSITZ_NEU-1",         12942,             6,         12664,      -100.184,   988.805E-03,      -80.2132,"ASSEMBLY_LAGERSITZ_NEU-1_SET-GEHAEUSE","ALUMINIUM",NA,            0.,            0.,            0.,            0.,  -1.63682E-15,  -170.338E-18,       NoValue
D:/MoVerHu_Projekt/FE_Modell/FE-Abaqus-Model/Job-19.odb,Step-163,Increment      6: Step Time =    1.000,"LAGERSITZ_NEU-1",         12936,             6,         12664,      -100.184,   988.805E-03,      -80.2132,"ASSEMBLY_LAGERSITZ_NEU-1_SET-GEHAEUSE","ALUMINIUM",NA,            0.,            0.,            0.,            0.,  -1.63682E-15,  -170.338E-18,       NoValue
D:/MoVerHu_Projekt/FE_Modell/FE-Abaqus-Model/Job-19.odb,Step-163,Increment      6: Step Time =    1.000,"LAGERSITZ_NEU-1",         12944,             6,         12665,      -109.184,       3.98277,      -79.8050,"ASSEMBLY_LAGERSITZ_NEU-1_SET-GEHAEUSE","ALUMINIUM",NA,            0.,            0.,            0.,            0.,   800.401E-18,  -211.594E-18,       NoValue
D:/MoVerHu_Projekt/FE_Modell/FE-Abaqus-Model/Job-19.odb,Step-163,Increment      6: Step Time =    1.000,"LAGERSITZ_NEU-1",         12938,             6,         12665,      -109.184,       3.98277,      -79.8050,"ASSEMBLY_LAGERSITZ_NEU-1_SET-GEHAEUSE","ALUMINIUM",NA,            0.,            0.,            0.,            0.,   800.401E-18,  -211.594E-18,       NoValue
D:/MoVerHu_Projekt/FE_Modell/FE-Abaqus-Model/Job-19.odb,Step-163,Increment      6: Step Time =    1.000,"LAGERSITZ_NEU-1",         12943,             6,         12665,      -109.184,       3.98277,      -79.8050,"ASSEMBLY_LAGERSITZ_NEU-1_SET-GEHAEUSE","ALUMINIUM",NA,            0.,            0.,            0.,            0.,   800.401E-18,  -211.594E-18,       NoValue
D:/MoVerHu_Projekt/FE_Modell/FE-Abaqus-Model/Job-19.odb,Step-163,Increment      6: Step Time =    1.000,"LAGERSITZ_NEU-1",         12939,             6,         12665,      -109.184,       3.98277,      -79.8050,"ASSEMBLY_LAGERSITZ_NEU-1_SET-GEHAEUSE","ALUMINIUM",NA,            0.,            0.,            0.,            0.,   800.401E-18,  -211.594E-18,       NoValue
D:/MoVerHu_Projekt/FE_Modell/FE-Abaqus-Model/Job-19.odb,Step-163,Increment      6: Step Time =    1.000,"LAGERSITZ_NEU-1",         12944,             6,         12666,      -106.184,       3.98277,      -79.8050,"ASSEMBLY_LAGERSITZ_NEU-1_SET-GEHAEUSE","ALUMINIUM",NA,            0.,            0.,            0.,            0.,  -1.17333E-15,   214.406E-18,       NoValue
D:/MoVerHu_Projekt/FE_Modell/FE-Abaqus-Model/Job-19.odb,Step-163,Increment      6: Step Time =    1.000,"LAGERSITZ_NEU-1",         12939,             6,         12666,      -106.184,       3.98277,      -79.8050,"ASSEMBLY_LAGERSITZ_NEU-1_SET-GEHAEUSE","ALUMINIUM",NA,            0.,            0.,            0.,            0.,  -1.17333E-15,   214.406E-18,       NoValue
D:/MoVerHu_Projekt/FE_Modell/FE-Abaqus-Model/Job-19.odb,Step-163,Increment      6: Step Time =    1.000,"LAGERSITZ_NEU-1",         12945,             6,         12666,      -106.184,       3.98277,      -79.8050,"ASSEMBLY_LAGERSITZ_NEU-1_SET-GEHAEUSE","ALUMINIUM",NA,            0.,            0.,            0.,            0.,  -1.17333E-15,   214.406E-18,       NoValue
D:/MoVerHu_Projekt/FE_Modell/FE-Abaqus-Model/Job-19.odb,Step-163,Increment      6: Step Time =    1.000,"LAGERSITZ_NEU-1",         12940,             6,         12666,      -106.184,       3.98277,      -79.8050,"ASSEMBLY_LAGERSITZ_NEU-1_SET-GEHAEUSE","ALUMINIUM",NA,            0.,            0.,            0.,            0.,  -1.17333E-15,   214.406E-18,       NoValue
D:/MoVerHu_Projekt/FE_Modell/FE-Abaqus-Model/Job-19.odb,Step-163,Increment      6: Step Time =    1.000,"LAGERSITZ_NEU-1",         12940,             6,         12667,      -103.184,       3.98277,      -79.8050,"ASSEMBLY_LAGERSITZ_NEU-1_SET-GEHAEUSE","ALUMINIUM",NA,            0.,            0.,            0.,            0.,   1.65907E-15,   236.603E-18,       NoValue
D:/MoVerHu_Projekt/FE_Modell/FE-Abaqus-Model/Job-19.odb,Step-163,Increment      6: Step Time =    1.000,"LAGERSITZ_NEU-1",         12946,             6,         12667,      -103.184,       3.98277,      -79.8050,"ASSEMBLY_LAGERSITZ_NEU-1_SET-GEHAEUSE","ALUMINIUM",NA,            0.,            0.,            0.,            0.,   1.65907E-15,   236.603E-18,       NoValue
D:/MoVerHu_Projekt/FE_Modell/FE-Abaqus-Model/Job-19.odb,Step-163,Increment      6: Step Time =    1.000,"LAGERSITZ_NEU-1",         12945,             6,         12667,      -103.184,       3.98277,      -79.8050,"ASSEMBLY_LAGERSITZ_NEU-1_SET-GEHAEUSE","ALUMINIUM",NA,            0.,            0.,            0.,            0.,   1.65907E-15,   236.603E-18,       NoValue
D:/MoVerHu_Projekt/FE_Modell/FE-Abaqus-Model/Job-19.odb,Step-163,Increment      6: Step Time =    1.000,"LAGERSITZ_NEU-1",         12941,             6,         12667,      -103.184,       3.98277,      -79.8050,"ASSEMBLY_LAGERSITZ_NEU-1_SET-GEHAEUSE","ALUMINIUM",NA,            0.,            0.,            0.,            0.,   1.65907E-15,   236.603E-18,       NoValue
D:/MoVerHu_Projekt/FE_Modell/FE-Abaqus-Model/Job-19.odb,Step-163,Increment      6: Step Time =    1.000,"LAGERSITZ_NEU-1",         12947,             6,         12668,      -100.184,       3.98277,      -79.8050,"ASSEMBLY_LAGERSITZ_NEU-1_SET-GEHAEUSE","ALUMINIUM",NA,            0.,            0.,            0.,            0.,  -4.00442E-15,   138.274E-18,       NoValue
D:/MoVerHu_Projekt/FE_Modell/FE-Abaqus-Model/Job-19.odb,Step-163,Increment      6: Step Time =    1.000,"LAGERSITZ_NEU-1",         12946,             6,         12668,      -100.184,       3.98277,      -79.8050,"ASSEMBLY_LAGERSITZ_NEU-1_SET-GEHAEUSE","ALUMINIUM",NA,            0.,            0.,            0.,            0.,  -4.00442E-15,   138.274E-18,       NoValue
D:/MoVerHu_Projekt/FE_Modell/FE-Abaqus-Model/Job-19.odb,Step-163,Increment      6: Step Time =    1.000,"LAGERSITZ_NEU-1",         12942,             6,         12668,      -100.184,       3.98277,      -79.8050,"ASSEMBLY_LAGERSITZ_NEU-1_SET-GEHAEUSE","ALUMINIUM",NA,            0.,            0.,            0.,            0.,  -4.00442E-15,   138.274E-18,       NoValue
D:/MoVerHu_Projekt/FE_Modell/FE-Abaqus-Model/Job-19.odb,Step-163,Increment      6: Step Time =    1.000,"LAGERSITZ_NEU-1",         12941,             6,         12668,      -100.184,       3.98277,      -79.8050,"ASSEMBLY_LAGERSITZ_NEU-1_SET-GEHAEUSE","ALUMINIUM",NA,            0.,            0.,            0.,            0.,  -4.00442E-15,   138.274E-18,       NoValue
D:/MoVerHu_Projekt/FE_Modell/FE-Abaqus-Model/Job-19.odb,Step-163,Increment      6: Step Time =    1.000,"LAGERSITZ_NEU-1",         12943,             6,         12669,      -109.184,       6.94981,      -79.2331,"ASSEMBLY_LAGERSITZ_NEU-1_SET-GEHAEUSE","ALUMINIUM",NA,            0.,            0.,            0.,            0.,  -1.97120E-15,  -644.613E-18,       NoValue
D:/MoVerHu_Projekt/FE_Modell/FE-Abaqus-Model/Job-19.odb,Step-163,Increment      6: Step Time =    1.000,"LAGERSITZ_NEU-1",         12944,             6,         12669,      -109.184,       6.94981,      -79.2331,"ASSEMBLY_LAGERSITZ_NEU-1_SET-GEHAEUSE","ALUMINIUM",NA,            0.,            0.,            0.,            0.,  -1.97120E-15,  -644.613E-18,       NoValue
D:/MoVerHu_Projekt/FE_Modell/FE-Abaqus-Model/Job-19.odb,Step-163,Increment      6: Step Time =    1.000,"LAGERSITZ_NEU-1",         12949,             6,         12669,      -109.184,       6.94981,      -79.2331,"ASSEMBLY_LAGERSITZ_NEU-1_SET-GEHAEUSE","ALUMINIUM",NA,            0.,            0.,            0.,            0.,  -1.97120E-15,  -644.613E-18,       NoValue
D:/MoVerHu_Projekt/FE_Modell/FE-Abaqus-Model/Job-19.odb,Step-163,Increment      6: Step Time =    1.000,"LAGERSITZ_NEU-1",         12948,             6,         12669,      -109.184,       6.94981,      -79.2331,"ASSEMBLY_LAGERSITZ_NEU-1_SET-GEHAEUSE","ALUMINIUM",NA,            0.,            0.,            0.,            0.,  -1.97120E-15,  -644.613E-18,       NoValue
D:/MoVerHu_Projekt/FE_Modell/FE-Abaqus-Model/Job-19.odb,Step-163,Increment      6: Step Time =    1.000,"LAGERSITZ_NEU-1",         12944,             6,         12670,      -106.184,       6.94981,      -79.2331,"ASSEMBLY_LAGERSITZ_NEU-1_SET-GEHAEUSE","ALUMINIUM",NA,            0.,            0.,            0.,            0.,   61.2400E-18,  -790.379E-18,       NoValue
D:/MoVerHu_Projekt/FE_Modell/FE-Abaqus-Model/Job-19.odb,Step-163,Increment      6: Step Time =    1.000,"LAGERSITZ_NEU-1",         12949,             6,         12670,      -106.184,       6.94981,      -79.2331,"ASSEMBLY_LAGERSITZ_NEU-1_SET-GEHAEUSE","ALUMINIUM",NA,            0.,            0.,            0.,            0.,   61.2400E-18,  -790.379E-18,       NoValue
D:/MoVerHu_Projekt/FE_Modell/FE-Abaqus-Model/Job-19.odb,Step-163,Increment      6: Step Time =    1.000,"LAGERSITZ_NEU-1",         12950,             6,         12670,      -106.184,       6.94981,      -79.2331,"ASSEMBLY_LAGERSITZ_NEU-1_SET-GEHAEUSE","ALUMINIUM",NA,            0.,            0.,            0.,            0.,   61.2400E-18,  -790.379E-18,       NoValue
D:/MoVerHu_Projekt/FE_Modell/FE-Abaqus-Model/Job-19.odb,Step-163,Increment      6: Step Time =    1.000,"LAGERSITZ_NEU-1",         12945,             6,         12670,      -106.184,       6.94981,      -79.2331,"ASSEMBLY_LAGERSITZ_NEU-1_SET-GEHAEUSE","ALUMINIUM",NA,            0.,            0.,            0.,            0.,   61.2400E-18,  -790.379E-18,       NoValue
D:/MoVerHu_Projekt/FE_Modell/FE-Abaqus-Model/Job-19.odb,Step-163,Increment      6: Step Time =    1.000,"LAGERSITZ_NEU-1",         12945,             6,         12671,      -103.184,       6.94981,      -79.2331,"ASSEMBLY_LAGERSITZ_NEU-1_SET-GEHAEUSE","ALUMINIUM",NA,            0.,            0.,            0.,            0.,   1.52836E-15,  -778.884E-18,       NoValue
D:/MoVerHu_Projekt/FE_Modell/FE-Abaqus-Model/Job-19.odb,Step-163,Increment      6: Step Time =    1.000,"LAGERSITZ_NEU-1",         12950,             6,         12671,      -103.184,       6.94981,      -79.2331,"ASSEMBLY_LAGERSITZ_NEU-1_SET-GEHAEUSE","ALUMINIUM",NA,            0.,            0.,            0.,            0.,   1.52836E-15,  -778.884E-18,       NoValue
D:/MoVerHu_Projekt/FE_Modell/FE-Abaqus-Model/Job-19.odb,Step-163,Increment      6: Step Time =    1.000,"LAGERSITZ_NEU-1",         12951,             6,         12671,      -103.184,       6.94981,      -79.2331,"ASSEMBLY_LAGERSITZ_NEU-1_SET-GEHAEUSE","ALUMINIUM",NA,            0.,            0.,            0.,            0.,   1.52836E-15,  -778.884E-18,       NoValue
D:/MoVerHu_Projekt/FE_Modell/FE-Abaqus-Model/Job-19.odb,Step-163,Increment      6: Step Time =    1.000,"LAGERSITZ_NEU-1",         12946,             6,         12671,      -103.184,       6.94981,      -79.2331,"ASSEMBLY_LAGERSITZ_NEU-1_SET-GEHAEUSE","ALUMINIUM",NA,            0.,            0.,            0.,            0.,   1.52836E-15,  -778.884E-18,       NoValue
D:/MoVerHu_Projekt/FE_Modell/FE-Abaqus-Model/Job-19.odb,Step-163,Increment      6: Step Time =    1.000,"LAGERSITZ_NEU-1",         12951,             6,         12672,      -100.184,       6.94981,      -79.2331,"ASSEMBLY_LAGERSITZ_NEU-1_SET-GEHAEUSE","ALUMINIUM",NA,            0.,            0.,            0.,            0.,  -2.34649E-15,  -1.20697E-15,       NoValue
D:/MoVerHu_Projekt/FE_Modell/FE-Abaqus-Model/Job-19.odb,Step-163,Increment      6: Step Time =    1.000,"LAGERSITZ_NEU-1",         12952,             6,         12672,      -100.184,       6.94981,      -79.2331,"ASSEMBLY_LAGERSITZ_NEU-1_SET-GEHAEUSE","ALUMINIUM",NA,            0.,            0.,            0.,            0.,  -2.34649E-15,  -1.20697E-15,       NoValue
D:/MoVerHu_Projekt/FE_Modell/FE-Abaqus-Model/Job-19.odb,Step-163,Increment      6: Step Time =    1.000,"LAGERSITZ_NEU-1",         12946,             6,         12672,      -100.184,       6.94981,      -79.2331,"ASSEMBLY_LAGERSITZ_NEU-1_SET-GEHAEUSE","ALUMINIUM",NA,            0.,            0.,            0.,            0.,  -2.34649E-15,  -1.20697E-15,       NoValue
D:/MoVerHu_Projekt/FE_Modell/FE-Abaqus-Model/Job-19.odb,Step-163,Increment      6: Step Time =    1.000,"LAGERSITZ_NEU-1",         12947,             6,         12672,      -100.184,       6.94981,      -79.2331,"ASSEMBLY_LAGERSITZ_NEU-1_SET-GEHAEUSE","ALUMINIUM",NA,            0.,            0.,            0.,            0.,  -2.34649E-15,  -1.20697E-15,       NoValue
D:/MoVerHu_Projekt/FE_Modell/FE-Abaqus-Model/Job-19.odb,Step-163,Increment      6: Step Time =    1.000,"LAGERSITZ_NEU-1",         12953,             6,         12673,      -109.184,       9.88096,      -78.4991,"ASSEMBLY_LAGERSITZ_NEU-1_SET-GEHAEUSE","ALUMINIUM",NA,            0.,            0.,            0.,            0.,  -1.56153E-15,   212.145E-18,       NoValue
D:/MoVerHu_Projekt/FE_Modell/FE-Abaqus-Model/Job-19.odb,Step-163,Increment      6: Step Time =    1.000,"LAGERSITZ_NEU-1",         12949,             6,         12673,      -109.184,       9.88096,      -78.4991,"ASSEMBLY_LAGERSITZ_NEU-1_SET-GEHAEUSE","ALUMINIUM",NA,            0.,            0.,            0.,            0.,  -1.56153E-15,   212.145E-18,       NoValue
D:/MoVerHu_Projekt/FE_Modell/FE-Abaqus-Model/Job-19.odb,Step-163,Increment      6: Step Time =    1.000,"LAGERSITZ_NEU-1",         12954,             6,         12673,      -109.184,       9.88096,      -78.4991,"ASSEMBLY_LAGERSITZ_NEU-1_SET-GEHAEUSE","ALUMINIUM",NA,            0.,            0.,            0.,            0.,  -1.56153E-15,   212.145E-18,       NoValue
D:/MoVerHu_Projekt/FE_Modell/FE-Abaqus-Model/Job-19.odb,Step-163,Increment      6: Step Time =    1.000,"LAGERSITZ_NEU-1",         12948,             6,         12673,      -109.184,       9.88096,      -78.4991,"ASSEMBLY_LAGERSITZ_NEU-1_SET-GEHAEUSE","ALUMINIUM",NA,            0.,            0.,            0.,            0.,  -1.56153E-15,   212.145E-18,       NoValue
D:/MoVerHu_Projekt/FE_Modell/FE-Abaqus-Model/Job-19.odb,Step-163,Increment      6: Step Time =    1.000,"LAGERSITZ_NEU-1",         12949,             6,         12674,      -106.184,       9.88096,      -78.4991,"ASSEMBLY_LAGERSITZ_NEU-1_SET-GEHAEUSE","ALUMINIUM",NA,            0.,            0.,            0.,            0.,   340.481E-18,  -713.353E-18,       NoValue
D:/MoVerHu_Projekt/FE_Modell/FE-Abaqus-Model/Job-19.odb,Step-163,Increment      6: Step Time =    1.000,"LAGERSITZ_NEU-1",         12950,             6,         12674,      -106.184,       9.88096,      -78.4991,"ASSEMBLY_LAGERSITZ_NEU-1_SET-GEHAEUSE","ALUMINIUM",NA,            0.,            0.,            0.,            0.,   340.481E-18,  -713.353E-18,       NoValue
D:/MoVerHu_Projekt/FE_Modell/FE-Abaqus-Model/Job-19.odb,Step-163,Increment      6: Step Time =    1.000,"LAGERSITZ_NEU-1",         12955,             6,         12674,      -106.184,       9.88096,      -78.4991,"ASSEMBLY_LAGERSITZ_NEU-1_SET-GEHAEUSE","ALUMINIUM",NA,            0.,            0.,            0.,            0.,   340.481E-18,  -713.353E-18,       NoValue
D:/MoVerHu_Projekt/FE_Modell/FE-Abaqus-Model/Job-19.odb,Step-163,Increment      6: Step Time =    1.000,"LAGERSITZ_NEU-1",         12954,             6,         12674,      -106.184,       9.88096,      -78.4991,"ASSEMBLY_LAGERSITZ_NEU-1_SET-GEHAEUSE","ALUMINIUM",NA,            0.,            0.,            0.,            0.,   340.481E-18,  -713.353E-18,       NoValue
D:/MoVerHu_Projekt/FE_Modell/FE-Abaqus-Model/Job-19.odb,Step-163,Increment      6: Step Time =    1.000,"LAGERSITZ_NEU-1",         12956,             6,         12675,      -103.184,       9.88096,      -78.4991,"ASSEMBLY_LAGERSITZ_NEU-1_SET-GEHAEUSE","ALUMINIUM",NA,            0.,            0.,            0.,            0.,   1.07524E-15,  -62.7977E-18,       NoValue
D:/MoVerHu_Projekt/FE_Modell/FE-Abaqus-Model/Job-19.odb,Step-163,Increment      6: Step Time =    1.000,"LAGERSITZ_NEU-1",         12950,             6,         12675,      -103.184,       9.88096,      -78.4991,"ASSEMBLY_LAGERSITZ_NEU-1_SET-GEHAEUSE","ALUMINIUM",NA,            0.,            0.,            0.,            0.,   1.07524E-15,  -62.7977E-18,       NoValue
D:/MoVerHu_Projekt/FE_Modell/FE-Abaqus-Model/Job-19.odb,Step-163,Increment      6: Step Time =    1.000,"LAGERSITZ_NEU-1",         12955,             6,         12675,      -103.184,       9.88096,      -78.4991,"ASSEMBLY_LAGERSITZ_NEU-1_SET-GEHAEUSE","ALUMINIUM",NA,            0.,            0.,            0.,            0.,   1.07524E-15,  -62.7977E-18,       NoValue
D:/MoVerHu_Projekt/FE_Modell/FE-Abaqus-Model/Job-19.odb,Step-163,Increment      6: Step Time =    1.000,"LAGERSITZ_NEU-1",         12951,             6,         12675,      -103.184,       9.88096,      -78.4991,"ASSEMBLY_LAGERSITZ_NEU-1_SET-GEHAEUSE","ALUMINIUM",NA,            0.,            0.,            0.,            0.,   1.07524E-15,  -62.7977E-18,       NoValue
D:/MoVerHu_Projekt/FE_Modell/FE-Abaqus-Model/Job-19.odb,Step-163,Increment      6: Step Time =    1.000,"LAGERSITZ_NEU-1",         12957,             6,         12676,      -100.184,       9.88096,      -78.4991,"ASSEMBLY_LAGERSITZ_NEU-1_SET-GEHAEUSE","ALUMINIUM",NA,            0.,            0.,            0.,            0.,  -3.67091E-15,  -794.881E-18,       NoValue
D:/MoVerHu_Projekt/FE_Modell/FE-Abaqus-Model/Job-19.odb,Step-163,Increment      6: Step Time =    1.000,"LAGERSITZ_NEU-1",         12952,             6,         12676,      -100.184,       9.88096,      -78.4991,"ASSEMBLY_LAGERSITZ_NEU-1_SET-GEHAEUSE","ALUMINIUM",NA,            0.,            0.,            0.,            0.,  -3.67091E-15,  -794.881E-18,       NoValue
D:/MoVerHu_Projekt/FE_Modell/FE-Abaqus-Model/Job-19.odb,Step-163,Increment      6: Step Time =    1.000,"LAGERSITZ_NEU-1",         12951,             6,         12676,      -100.184,       9.88096,      -78.4991,"ASSEMBLY_LAGERSITZ_NEU-1_SET-GEHAEUSE","ALUMINIUM",NA,            0.,            0.,            0.,            0.,  -3.67091E-15,  -794.881E-18,       NoValue
D:/MoVerHu_Projekt/FE_Modell/FE-Abaqus-Model/Job-19.odb,Step-163,Increment      6: Step Time =    1.000,"LAGERSITZ_NEU-1",         12956,             6,         12676,      -100.184,       9.88096,      -78.4991,"ASSEMBLY_LAGERSITZ_NEU-1_SET-GEHAEUSE","ALUMINIUM",NA,            0.,            0.,            0.,            0.,  -3.67091E-15,  -794.881E-18,       NoValue
D:/MoVerHu_Projekt/FE_Modell/FE-Abaqus-Model/Job-19.odb,Step-163,Increment      6: Step Time =    1.000,"LAGERSITZ_NEU-1",         12954,             6,         12677,      -109.184,       12.7674,      -77.6052,"ASSEMBLY_LAGERSITZ_NEU-1_SET-GEHAEUSE","ALUMINIUM",NA,       5.33504,  -1.62955E-03,       1.85086,      -5.00369,  -338.043E-18,   1.98837E-15,       NoValue
D:/MoVerHu_Projekt/FE_Modell/FE-Abaqus-Model/Job-19.odb,Step-163,Increment      6: Step Time =    1.000,"LAGERSITZ_NEU-1",         12958,             6,         12677,      -109.184,       12.7674,      -77.6052,"ASSEMBLY_LAGERSITZ_NEU-1_SET-GEHAEUSE","ALUMINIUM",NA,       5.33504,  -1.62955E-03,       1.85086,      -5.00369,  -338.043E-18,   1.98837E-15,       NoValue
D:/MoVerHu_Projekt/FE_Modell/FE-Abaqus-Model/Job-19.odb,Step-163,Increment      6: Step Time =    1.000,"LAGERSITZ_NEU-1",         12959,             6,         12677,      -109.184,       12.7674,      -77.6052,"ASSEMBLY_LAGERSITZ_NEU-1_SET-GEHAEUSE","ALUMINIUM",NA,       5.33504,  -1.62955E-03,       1.85086,      -5.00369,  -338.043E-18,   1.98837E-15,       NoValue
D:/MoVerHu_Projekt/FE_Modell/FE-Abaqus-Model/Job-19.odb,Step-163,Increment      6: Step Time =    1.000,"LAGERSITZ_NEU-1",         12953,             6,         12677,      -109.184,       12.7674,      -77.6052,"ASSEMBLY_LAGERSITZ_NEU-1_SET-GEHAEUSE","ALUMINIUM",NA,       5.33504,  -1.62955E-03,       1.85086,      -5.00369,  -338.043E-18,   1.98837E-15,       NoValue
D:/MoVerHu_Projekt/FE_Modell/FE-Abaqus-Model/Job-19.odb,Step-163,Increment      6: Step Time =    1.000,"LAGERSITZ_NEU-1",         12955,             6,         12678,      -106.184,       12.7674,      -77.6052,"ASSEMBLY_LAGERSITZ_NEU-1_SET-GEHAEUSE","ALUMINIUM",NA,   615.002E-03,  -200.570E-06,   213.384E-03,  -576.797E-03,   530.789E-18,   3.21231E-15,       NoValue
D:/MoVerHu_Projekt/FE_Modell/FE-Abaqus-Model/Job-19.odb,Step-163,Increment      6: Step Time =    1.000,"LAGERSITZ_NEU-1",         12959,             6,         12678,      -106.184,       12.7674,      -77.6052,"ASSEMBLY_LAGERSITZ_NEU-1_SET-GEHAEUSE","ALUMINIUM",NA,   615.002E-03,  -200.570E-06,   213.384E-03,  -576.797E-03,   530.789E-18,   3.21231E-15,       NoValue
D:/MoVerHu_Projekt/FE_Modell/FE-Abaqus-Model/Job-19.odb,Step-163,Increment      6: Step Time =    1.000,"LAGERSITZ_NEU-1",         12954,             6,         12678,      -106.184,       12.7674,      -77.6052,"ASSEMBLY_LAGERSITZ_NEU-1_SET-GEHAEUSE","ALUMINIUM",NA,   615.002E-03,  -200.570E-06,   213.384E-03,  -576.797E-03,   530.789E-18,   3.21231E-15,       NoValue
D:/MoVerHu_Projekt/FE_Modell/FE-Abaqus-Model/Job-19.odb,Step-163,Increment      6: Step Time =    1.000,"LAGERSITZ_NEU-1",         12960,             6,         12678,      -106.184,       12.7674,      -77.6052,"ASSEMBLY_LAGERSITZ_NEU-1_SET-GEHAEUSE","ALUMINIUM",NA,   615.002E-03,  -200.570E-06,   213.384E-03,  -576.797E-03,   530.789E-18,   3.21231E-15,       NoValue
D:/MoVerHu_Projekt/FE_Modell/FE-Abaqus-Model/Job-19.odb,Step-163,Increment      6: Step Time =    1.000,"LAGERSITZ_NEU-1",         12956,             6,         12679,      -103.184,       12.7674,      -77.6052,"ASSEMBLY_LAGERSITZ_NEU-1_SET-GEHAEUSE","ALUMINIUM",NA,            0.,            0.,            0.,            0.,   74.7097E-18,   2.69907E-15,       NoValue
D:/MoVerHu_Projekt/FE_Modell/FE-Abaqus-Model/Job-19.odb,Step-163,Increment      6: Step Time =    1.000,"LAGERSITZ_NEU-1",         12961,             6,         12679,      -103.184,       12.7674,      -77.6052,"ASSEMBLY_LAGERSITZ_NEU-1_SET-GEHAEUSE","ALUMINIUM",NA,            0.,            0.,            0.,            0.,   74.7097E-18,   2.69907E-15,       NoValue
D:/MoVerHu_Projekt/FE_Modell/FE-Abaqus-Model/Job-19.odb,Step-163,Increment      6: Step Time =    1.000,"LAGERSITZ_NEU-1",         12960,             6,         12679,      -103.184,       12.7674,      -77.6052,"ASSEMBLY_LAGERSITZ_NEU-1_SET-GEHAEUSE","ALUMINIUM",NA,            0.,            0.,            0.,            0.,   74.7097E-18,   2.69907E-15,       NoValue
D:/MoVerHu_Projekt/FE_Modell/FE-Abaqus-Model/Job-19.odb,Step-163,Increment      6: Step Time =    1.000,"LAGERSITZ_NEU-1",         12955,             6,         12679,      -103.184,       12.7674,      -77.6052,"ASSEMBLY_LAGERSITZ_NEU-1_SET-GEHAEUSE","ALUMINIUM",NA,            0.,            0.,            0.,            0.,   74.7097E-18,   2.69907E-15,       NoValue
D:/MoVerHu_Projekt/FE_Modell/FE-Abaqus-Model/Job-19.odb,Step-163,Increment      6: Step Time =    1.000,"LAGERSITZ_NEU-1",         12957,             6,         12680,      -100.184,       12.7674,      -77.6052,"ASSEMBLY_LAGERSITZ_NEU-1_SET-GEHAEUSE","ALUMINIUM",NA,            0.,            0.,            0.,            0.,  -3.26825E-15,   2.74562E-15,       NoValue
D:/MoVerHu_Projekt/FE_Modell/FE-Abaqus-Model/Job-19.odb,Step-163,Increment      6: Step Time =    1.000,"LAGERSITZ_NEU-1",         12961,             6,         12680,      -100.184,       12.7674,      -77.6052,"ASSEMBLY_LAGERSITZ_NEU-1_SET-GEHAEUSE","ALUMINIUM",NA,            0.,            0.,            0.,            0.,  -3.26825E-15,   2.74562E-15,       NoValue
D:/MoVerHu_Projekt/FE_Modell/FE-Abaqus-Model/Job-19.odb,Step-163,Increment      6: Step Time =    1.000,"LAGERSITZ_NEU-1",         12956,             6,         12680,      -100.184,       12.7674,      -77.6052,"ASSEMBLY_LAGERSITZ_NEU-1_SET-GEHAEUSE","ALUMINIUM",NA,            0.,            0.,            0.,            0.,  -3.26825E-15,   2.74562E-15,       NoValue
D:/MoVerHu_Projekt/FE_Modell/FE-Abaqus-Model/Job-19.odb,Step-163,Increment      6: Step Time =    1.000,"LAGERSITZ_NEU-1",         12962,             6,         12680,      -100.184,       12.7674,      -77.6052,"ASSEMBLY_LAGERSITZ_NEU-1_SET-GEHAEUSE","ALUMINIUM",NA,            0.,            0.,            0.,            0.,  -3.26825E-15,   2.74562E-15,       NoValue
D:/MoVerHu_Projekt/FE_Modell/FE-Abaqus-Model/Job-19.odb,Step-163,Increment      6: Step Time =    1.000,"LAGERSITZ_NEU-1",         12963,             6,         12681,      -109.184,       15.6003,      -76.5541,"ASSEMBLY_LAGERSITZ_NEU-1_SET-GEHAEUSE","ALUMINIUM",NA,       48.3701,  -18.2762E-03,       18.4249,      -44.7234,  -746.119E-03,   610.506E-03,            1.
D:/MoVerHu_Projekt/FE_Modell/FE-Abaqus-Model/Job-19.odb,Step-163,Increment      6: Step Time =    1.000,"LAGERSITZ_NEU-1",         12959,             6,         12681,      -109.184,       15.6003,      -76.5541,"ASSEMBLY_LAGERSITZ_NEU-1_SET-GEHAEUSE","ALUMINIUM",NA,       48.3701,  -18.2762E-03,       18.4249,      -44.7234,  -746.119E-03,   610.506E-03,            1.
D:/MoVerHu_Projekt/FE_Modell/FE-Abaqus-Model/Job-19.odb,Step-163,Increment      6: Step Time =    1.000,"LAGERSITZ_NEU-1",         12964,             6,         12681,      -109.184,       15.6003,      -76.5541,"ASSEMBLY_LAGERSITZ_NEU-1_SET-GEHAEUSE","ALUMINIUM",NA,       48.3701,  -18.2762E-03,       18.4249,      -44.7234,  -746.119E-03,   610.506E-03,            1.
D:/MoVerHu_Projekt/FE_Modell/FE-Abaqus-Model/Job-19.odb,Step-163,Increment      6: Step Time =    1.000,"LAGERSITZ_NEU-1",         12958,             6,         12681,      -109.184,       15.6003,      -76.5541,"ASSEMBLY_LAGERSITZ_NEU-1_SET-GEHAEUSE","ALUMINIUM",NA,       48.3701,  -18.2762E-03,       18.4249,      -44.7234,  -746.119E-03,   610.506E-03,            1.
D:/MoVerHu_Projekt/FE_Modell/FE-Abaqus-Model/Job-19.odb,Step-163,Increment      6: Step Time =    1.000,"LAGERSITZ_NEU-1",         12964,             6,         12682,      -106.184,       15.6003,      -76.5541,"ASSEMBLY_LAGERSITZ_NEU-1_SET-GEHAEUSE","ALUMINIUM",NA,       16.8740,  -6.37970E-03,       6.61332,      -15.5240,  -1.35304E-15,  -1.53562E-15,       NoValue
D:/MoVerHu_Projekt/FE_Modell/FE-Abaqus-Model/Job-19.odb,Step-163,Increment      6: Step Time =    1.000,"LAGERSITZ_NEU-1",         12959,             6,         12682,      -106.184,       15.6003,      -76.5541,"ASSEMBLY_LAGERSITZ_NEU-1_SET-GEHAEUSE","ALUMINIUM",NA,       16.8740,  -6.37970E-03,       6.61332,      -15.5240,  -1.35304E-15,  -1.53562E-15,       NoValue
D:/MoVerHu_Projekt/FE_Modell/FE-Abaqus-Model/Job-19.odb,Step-163,Increment      6: Step Time =    1.000,"LAGERSITZ_NEU-1",         12960,             6,         12682,      -106.184,       15.6003,      -76.5541,"ASSEMBLY_LAGERSITZ_NEU-1_SET-GEHAEUSE","ALUMINIUM",NA,       16.8740,  -6.37970E-03,       6.61332,      -15.5240,  -1.35304E-15,  -1.53562E-15,       NoValue
D:/MoVerHu_Projekt/FE_Modell/FE-Abaqus-Model/Job-19.odb,Step-163,Increment      6: Step Time =    1.000,"LAGERSITZ_NEU-1",         12965,             6,         12682,      -106.184,       15.6003,      -76.5541,"ASSEMBLY_LAGERSITZ_NEU-1_SET-GEHAEUSE","ALUMINIUM",NA,       16.8740,  -6.37970E-03,       6.61332,      -15.5240,  -1.35304E-15,  -1.53562E-15,       NoValue
D:/MoVerHu_Projekt/FE_Modell/FE-Abaqus-Model/Job-19.odb,Step-163,Increment      6: Step Time =    1.000,"LAGERSITZ_NEU-1",         12960,             6,         12683,      -103.184,       15.6003,      -76.5541,"ASSEMBLY_LAGERSITZ_NEU-1_SET-GEHAEUSE","ALUMINIUM",NA,       6.58808,  -1.99150E-03,       2.61803,      -6.04555,   2.97896E-15,  -594.252E-18,       NoValue
D:/MoVerHu_Projekt/FE_Modell/FE-Abaqus-Model/Job-19.odb,Step-163,Increment      6: Step Time =    1.000,"LAGERSITZ_NEU-1",         12961,             6,         12683,      -103.184,       15.6003,      -76.5541,"ASSEMBLY_LAGERSITZ_NEU-1_SET-GEHAEUSE","ALUMINIUM",NA,       6.58808,  -1.99150E-03,       2.61803,      -6.04555,   2.97896E-15,  -594.252E-18,       NoValue
D:/MoVerHu_Projekt/FE_Modell/FE-Abaqus-Model/Job-19.odb,Step-163,Increment      6: Step Time =    1.000,"LAGERSITZ_NEU-1",         12966,             6,         12683,      -103.184,       15.6003,      -76.5541,"ASSEMBLY_LAGERSITZ_NEU-1_SET-GEHAEUSE","ALUMINIUM",NA,       6.58808,  -1.99150E-03,       2.61803,      -6.04555,   2.97896E-15,  -594.252E-18,       NoValue
D:/MoVerHu_Projekt/FE_Modell/FE-Abaqus-Model/Job-19.odb,Step-163,Increment      6: Step Time =    1.000,"LAGERSITZ_NEU-1",         12965,             6,         12683,      -103.184,       15.6003,      -76.5541,"ASSEMBLY_LAGERSITZ_NEU-1_SET-GEHAEUSE","ALUMINIUM",NA,       6.58808,  -1.99150E-03,       2.61803,      -6.04555,   2.97896E-15,  -594.252E-18,       NoValue
D:/MoVerHu_Projekt/FE_Modell/FE-Abaqus-Model/Job-19.odb,Step-163,Increment      6: Step Time =    1.000,"LAGERSITZ_NEU-1",         12967,             6,         12684,      -100.184,       15.6003,      -76.5541,"ASSEMBLY_LAGERSITZ_NEU-1_SET-GEHAEUSE","ALUMINIUM",NA,   811.777E-03,  -180.448E-06,   322.625E-03,  -744.912E-03,  -3.24266E-15,  -1.59536E-15,       NoValue
D:/MoVerHu_Projekt/FE_Modell/FE-Abaqus-Model/Job-19.odb,Step-163,Increment      6: Step Time =    1.000,"LAGERSITZ_NEU-1",         12966,             6,         12684,      -100.184,       15.6003,      -76.5541,"ASSEMBLY_LAGERSITZ_NEU-1_SET-GEHAEUSE","ALUMINIUM",NA,   811.777E-03,  -180.448E-06,   322.625E-03,  -744.912E-03,  -3.24266E-15,  -1.59536E-15,       NoValue
D:/MoVerHu_Projekt/FE_Modell/FE-Abaqus-Model/Job-19.odb,Step-163,Increment      6: Step Time =    1.000,"LAGERSITZ_NEU-1",         12961,             6,         12684,      -100.184,       15.6003,      -76.5541,"ASSEMBLY_LAGERSITZ_NEU-1_SET-GEHAEUSE","ALUMINIUM",NA,   811.777E-03,  -180.448E-06,   322.625E-03,  -744.912E-03,  -3.24266E-15,  -1.59536E-15,       NoValue
D:/MoVerHu_Projekt/FE_Modell/FE-Abaqus-Model/Job-19.odb,Step-163,Increment      6: Step Time =    1.000,"LAGERSITZ_NEU-1",         12962,             6,         12684,      -100.184,       15.6003,      -76.5541,"ASSEMBLY_LAGERSITZ_NEU-1_SET-GEHAEUSE","ALUMINIUM",NA,   811.777E-03,  -180.448E-06,   322.625E-03,  -744.912E-03,  -3.24266E-15,  -1.59536E-15,       NoValue
D:/MoVerHu_Projekt/FE_Modell/FE-Abaqus-Model/Job-19.odb,Step-163,Increment      6: Step Time =    1.000,"LAGERSITZ_NEU-1",         12969,             6,         12685,      -109.184,       18.3713,      -75.3491,"ASSEMBLY_LAGERSITZ_NEU-1_SET-GEHAEUSE","ALUMINIUM",NA,       124.730,  -73.9238E-03,       53.0652,      -112.879,  -517.925E-03,   403.633E-03,            1.
D:/MoVerHu_Projekt/FE_Modell/FE-Abaqus-Model/Job-19.odb,Step-163,Increment      6: Step Time =    1.000,"LAGERSITZ_NEU-1",         12963,             6,         12685,      -109.184,       18.3713,      -75.3491,"ASSEMBLY_LAGERSITZ_NEU-1_SET-GEHAEUSE","ALUMINIUM",NA,       124.730,  -73.9238E-03,       53.0652,      -112.879,  -517.925E-03,   403.633E-03,            1.
D:/MoVerHu_Projekt/FE_Modell/FE-Abaqus-Model/Job-19.odb,Step-163,Increment      6: Step Time =    1.000,"LAGERSITZ_NEU-1",         12964,             6,         12685,      -109.184,       18.3713,      -75.3491,"ASSEMBLY_LAGERSITZ_NEU-1_SET-GEHAEUSE","ALUMINIUM",NA,       124.730,  -73.9238E-03,       53.0652,      -112.879,  -517.925E-03,   403.633E-03,            1.
D:/MoVerHu_Projekt/FE_Modell/FE-Abaqus-Model/Job-19.odb,Step-163,Increment      6: Step Time =    1.000,"LAGERSITZ_NEU-1",         12968,             6,         12685,      -109.184,       18.3713,      -75.3491,"ASSEMBLY_LAGERSITZ_NEU-1_SET-GEHAEUSE","ALUMINIUM",NA,       124.730,  -73.9238E-03,       53.0652,      -112.879,  -517.925E-03,   403.633E-03,            1.
D:/MoVerHu_Projekt/FE_Modell/FE-Abaqus-Model/Job-19.odb,Step-163,Increment      6: Step Time =    1.000,"LAGERSITZ_NEU-1",         12964,             6,         12686,      -106.184,       18.3713,      -75.3491,"ASSEMBLY_LAGERSITZ_NEU-1_SET-GEHAEUSE","ALUMINIUM",NA,       101.764,  -48.1685E-03,       43.4847,      -92.0054,  -565.275E-03,   457.646E-03,            1.
D:/MoVerHu_Projekt/FE_Modell/FE-Abaqus-Model/Job-19.odb,Step-163,Increment      6: Step Time =    1.000,"LAGERSITZ_NEU-1",         12965,             6,         12686,      -106.184,       18.3713,      -75.3491,"ASSEMBLY_LAGERSITZ_NEU-1_SET-GEHAEUSE","ALUMINIUM",NA,       101.764,  -48.1685E-03,       43.4847,      -92.0054,  -565.275E-03,   457.646E-03,            1.
D:/MoVerHu_Projekt/FE_Modell/FE-Abaqus-Model/Job-19.odb,Step-163,Increment      6: Step Time =    1.000,"LAGERSITZ_NEU-1",         12969,             6,         12686,      -106.184,       18.3713,      -75.3491,"ASSEMBLY_LAGERSITZ_NEU-1_SET-GEHAEUSE","ALUMINIUM",NA,       101.764,  -48.1685E-03,       43.4847,      -92.0054,  -565.275E-03,   457.646E-03,            1.
D:/MoVerHu_Projekt/FE_Modell/FE-Abaqus-Model/Job-19.odb,Step-163,Increment      6: Step Time =    1.000,"LAGERSITZ_NEU-1",         12970,             6,         12686,      -106.184,       18.3713,      -75.3491,"ASSEMBLY_LAGERSITZ_NEU-1_SET-GEHAEUSE","ALUMINIUM",NA,       101.764,  -48.1685E-03,       43.4847,      -92.0054,  -565.275E-03,   457.646E-03,            1.
D:/MoVerHu_Projekt/FE_Modell/FE-Abaqus-Model/Job-19.odb,Step-163,Increment      6: Step Time =    1.000,"LAGERSITZ_NEU-1",         12970,             6,         12687,      -103.184,       18.3713,      -75.3491,"ASSEMBLY_LAGERSITZ_NEU-1_SET-GEHAEUSE","ALUMINIUM",NA,       58.4052,  -20.8452E-03,       25.1103,      -52.7318,  -468.399E-03,   388.731E-03,            1.
D:/MoVerHu_Projekt/FE_Modell/FE-Abaqus-Model/Job-19.odb,Step-163,Increment      6: Step Time =    1.000,"LAGERSITZ_NEU-1",         12971,             6,         12687,      -103.184,       18.3713,      -75.3491,"ASSEMBLY_LAGERSITZ_NEU-1_SET-GEHAEUSE","ALUMINIUM",NA,       58.4052,  -20.8452E-03,       25.1103,      -52.7318,  -468.399E-03,   388.731E-03,            1.
D:/MoVerHu_Projekt/FE_Modell/FE-Abaqus-Model/Job-19.odb,Step-163,Increment      6: Step Time =    1.000,"LAGERSITZ_NEU-1",         12966,             6,         12687,      -103.184,       18.3713,      -75.3491,"ASSEMBLY_LAGERSITZ_NEU-1_SET-GEHAEUSE","ALUMINIUM",NA,       58.4052,  -20.8452E-03,       25.1103,      -52.7318,  -468.399E-03,   388.731E-03,            1.
D:/MoVerHu_Projekt/FE_Modell/FE-Abaqus-Model/Job-19.odb,Step-163,Increment      6: Step Time =    1.000,"LAGERSITZ_NEU-1",         12965,             6,         12687,      -103.184,       18.3713,      -75.3491,"ASSEMBLY_LAGERSITZ_NEU-1_SET-GEHAEUSE","ALUMINIUM",NA,       58.4052,  -20.8452E-03,       25.1103,      -52.7318,  -468.399E-03,   388.731E-03,            1.
D:/MoVerHu_Projekt/FE_Modell/FE-Abaqus-Model/Job-19.odb,Step-163,Increment      6: Step Time =    1.000,"LAGERSITZ_NEU-1",         12967,             6,         12688,      -100.184,       18.3713,      -75.3491,"ASSEMBLY_LAGERSITZ_NEU-1_SET-GEHAEUSE","ALUMINIUM",NA,       19.0800,  -5.25393E-03,       8.39555,      -17.1337,   173.492E-18,  -1.67881E-15,       NoValue
D:/MoVerHu_Projekt/FE_Modell/FE-Abaqus-Model/Job-19.odb,Step-163,Increment      6: Step Time =    1.000,"LAGERSITZ_NEU-1",         12971,             6,         12688,      -100.184,       18.3713,      -75.3491,"ASSEMBLY_LAGERSITZ_NEU-1_SET-GEHAEUSE","ALUMINIUM",NA,       19.0800,  -5.25393E-03,       8.39555,      -17.1337,   173.492E-18,  -1.67881E-15,       NoValue
D:/MoVerHu_Projekt/FE_Modell/FE-Abaqus-Model/Job-19.odb,Step-163,Increment      6: Step Time =    1.000,"LAGERSITZ_NEU-1",         12972,             6,         12688,      -100.184,       18.3713,      -75.3491,"ASSEMBLY_LAGERSITZ_NEU-1_SET-GEHAEUSE","ALUMINIUM",NA,       19.0800,  -5.25393E-03,       8.39555,      -17.1337,   173.492E-18,  -1.67881E-15,       NoValue
D:/MoVerHu_Projekt/FE_Modell/FE-Abaqus-Model/Job-19.odb,Step-163,Increment      6: Step Time =    1.000,"LAGERSITZ_NEU-1",         12966,             6,         12688,      -100.184,       18.3713,      -75.3491,"ASSEMBLY_LAGERSITZ_NEU-1_SET-GEHAEUSE","ALUMINIUM",NA,       19.0800,  -5.25393E-03,       8.39555,      -17.1337,   173.492E-18,  -1.67881E-15,       NoValue
D:/MoVerHu_Projekt/FE_Modell/FE-Abaqus-Model/Job-19.odb,Step-163,Increment      6: Step Time =    1.000,"LAGERSITZ_NEU-1",         12974,             6,         12689,      -109.184,       21.0719,      -73.9937,"ASSEMBLY_LAGERSITZ_NEU-1_SET-GEHAEUSE","ALUMINIUM",NA,       156.550,  -131.967E-03,       73.6648,      -138.136,  -252.443E-03,   205.043E-03,            1.
D:/MoVerHu_Projekt/FE_Modell/FE-Abaqus-Model/Job-19.odb,Step-163,Increment      6: Step Time =    1.000,"LAGERSITZ_NEU-1",         12969,             6,         12689,      -109.184,       21.0719,      -73.9937,"ASSEMBLY_LAGERSITZ_NEU-1_SET-GEHAEUSE","ALUMINIUM",NA,       156.550,  -131.967E-03,       73.6648,      -138.136,  -252.443E-03,   205.043E-03,            1.
D:/MoVerHu_Projekt/FE_Modell/FE-Abaqus-Model/Job-19.odb,Step-163,Increment      6: Step Time =    1.000,"LAGERSITZ_NEU-1",         12973,             6,         12689,      -109.184,       21.0719,      -73.9937,"ASSEMBLY_LAGERSITZ_NEU-1_SET-GEHAEUSE","ALUMINIUM",NA,       156.550,  -131.967E-03,       73.6648,      -138.136,  -252.443E-03,   205.043E-03,            1.
D:/MoVerHu_Projekt/FE_Modell/FE-Abaqus-Model/Job-19.odb,Step-163,Increment      6: Step Time =    1.000,"LAGERSITZ_NEU-1",         12968,             6,         12689,      -109.184,       21.0719,      -73.9937,"ASSEMBLY_LAGERSITZ_NEU-1_SET-GEHAEUSE","ALUMINIUM",NA,       156.550,  -131.967E-03,       73.6648,      -138.136,  -252.443E-03,   205.043E-03,            1.
D:/MoVerHu_Projekt/FE_Modell/FE-Abaqus-Model/Job-19.odb,Step-163,Increment      6: Step Time =    1.000,"LAGERSITZ_NEU-1",         12974,             6,         12690,      -106.184,       21.0719,      -73.9937,"ASSEMBLY_LAGERSITZ_NEU-1_SET-GEHAEUSE","ALUMINIUM",NA,       156.287,  -107.713E-03,       73.5320,      -137.908,  -340.360E-03,   268.525E-03,            1.
D:/MoVerHu_Projekt/FE_Modell/FE-Abaqus-Model/Job-19.odb,Step-163,Increment      6: Step Time =    1.000,"LAGERSITZ_NEU-1",         12975,             6,         12690,      -106.184,       21.0719,      -73.9937,"ASSEMBLY_LAGERSITZ_NEU-1_SET-GEHAEUSE","ALUMINIUM",NA,       156.287,  -107.713E-03,       73.5320,      -137.908,  -340.360E-03,   268.525E-03,            1.
D:/MoVerHu_Projekt/FE_Modell/FE-Abaqus-Model/Job-19.odb,Step-163,Increment      6: Step Time =    1.000,"LAGERSITZ_NEU-1",         12969,             6,         12690,      -106.184,       21.0719,      -73.9937,"ASSEMBLY_LAGERSITZ_NEU-1_SET-GEHAEUSE","ALUMINIUM",NA,       156.287,  -107.713E-03,       73.5320,      -137.908,  -340.360E-03,   268.525E-03,            1.
D:/MoVerHu_Projekt/FE_Modell/FE-Abaqus-Model/Job-19.odb,Step-163,Increment      6: Step Time =    1.000,"LAGERSITZ_NEU-1",         12970,             6,         12690,      -106.184,       21.0719,      -73.9937,"ASSEMBLY_LAGERSITZ_NEU-1_SET-GEHAEUSE","ALUMINIUM",NA,       156.287,  -107.713E-03,       73.5320,      -137.908,  -340.360E-03,   268.525E-03,            1.
D:/MoVerHu_Projekt/FE_Modell/FE-Abaqus-Model/Job-19.odb,Step-163,Increment      6: Step Time =    1.000,"LAGERSITZ_NEU-1",         12971,             6,         12691,      -103.184,       21.0719,      -73.9937,"ASSEMBLY_LAGERSITZ_NEU-1_SET-GEHAEUSE","ALUMINIUM",NA,       125.103,  -65.3875E-03,       58.8498,      -110.397,  -448.788E-03,   353.637E-03,            1.
D:/MoVerHu_Projekt/FE_Modell/FE-Abaqus-Model/Job-19.odb,Step-163,Increment      6: Step Time =    1.000,"LAGERSITZ_NEU-1",         12970,             6,         12691,      -103.184,       21.0719,      -73.9937,"ASSEMBLY_LAGERSITZ_NEU-1_SET-GEHAEUSE","ALUMINIUM",NA,       125.103,  -65.3875E-03,       58.8498,      -110.397,  -448.788E-03,   353.637E-03,            1.
D:/MoVerHu_Projekt/FE_Modell/FE-Abaqus-Model/Job-19.odb,Step-163,Increment      6: Step Time =    1.000,"LAGERSITZ_NEU-1",         12976,             6,         12691,      -103.184,       21.0719,      -73.9937,"ASSEMBLY_LAGERSITZ_NEU-1_SET-GEHAEUSE","ALUMINIUM",NA,       125.103,  -65.3875E-03,       58.8498,      -110.397,  -448.788E-03,   353.637E-03,            1.
D:/MoVerHu_Projekt/FE_Modell/FE-Abaqus-Model/Job-19.odb,Step-163,Increment      6: Step Time =    1.000,"LAGERSITZ_NEU-1",         12975,             6,         12691,      -103.184,       21.0719,      -73.9937,"ASSEMBLY_LAGERSITZ_NEU-1_SET-GEHAEUSE","ALUMINIUM",NA,       125.103,  -65.3875E-03,       58.8498,      -110.397,  -448.788E-03,   353.637E-03,            1.
D:/MoVerHu_Projekt/FE_Modell/FE-Abaqus-Model/Job-19.odb,Step-163,Increment      6: Step Time =    1.000,"LAGERSITZ_NEU-1",         12976,             6,         12692,      -100.184,       21.0719,      -73.9937,"ASSEMBLY_LAGERSITZ_NEU-1_SET-GEHAEUSE","ALUMINIUM",NA,       86.6686,  -32.3053E-03,       40.7717,      -76.4796,  -538.066E-03,   436.018E-03,            1.
D:/MoVerHu_Projekt/FE_Modell/FE-Abaqus-Model/Job-19.odb,Step-163,Increment      6: Step Time =    1.000,"LAGERSITZ_NEU-1",         12972,             6,         12692,      -100.184,       21.0719,      -73.9937,"ASSEMBLY_LAGERSITZ_NEU-1_SET-GEHAEUSE","ALUMINIUM",NA,       86.6686,  -32.3053E-03,       40.7717,      -76.4796,  -538.066E-03,   436.018E-03,            1.
D:/MoVerHu_Projekt/FE_Modell/FE-Abaqus-Model/Job-19.odb,Step-163,Increment      6: Step Time =    1.000,"LAGERSITZ_NEU-1",         12977,             6,         12692,      -100.184,       21.0719,      -73.9937,"ASSEMBLY_LAGERSITZ_NEU-1_SET-GEHAEUSE","ALUMINIUM",NA,       86.6686,  -32.3053E-03,       40.7717,      -76.4796,  -538.066E-03,   436.018E-03,            1.
D:/MoVerHu_Projekt/FE_Modell/FE-Abaqus-Model/Job-19.odb,Step-163,Increment      6: Step Time =    1.000,"LAGERSITZ_NEU-1",         12971,             6,         12692,      -100.184,       21.0719,      -73.9937,"ASSEMBLY_LAGERSITZ_NEU-1_SET-GEHAEUSE","ALUMINIUM",NA,       86.6686,  -32.3053E-03,       40.7717,      -76.4796,  -538.066E-03,   436.018E-03,            1.
D:/MoVerHu_Projekt/FE_Modell/FE-Abaqus-Model/Job-19.odb,Step-163,Increment      6: Step Time =    1.000,"LAGERSITZ_NEU-1",         12973,             6,         12693,      -109.184,       23.6940,      -72.4920,"ASSEMBLY_LAGERSITZ_NEU-1_SET-GEHAEUSE","ALUMINIUM",NA,       98.3515,  -109.486E-03,       50.5281,      -84.3796,  -29.4462E-03,   20.9386E-03,            1.
D:/MoVerHu_Projekt/FE_Modell/FE-Abaqus-Model/Job-19.odb,Step-163,Increment      6: Step Time =    1.000,"LAGERSITZ_NEU-1",         12974,             6,         12693,      -109.184,       23.6940,      -72.4920,"ASSEMBLY_LAGERSITZ_NEU-1_SET-GEHAEUSE","ALUMINIUM",NA,       98.3515,  -109.486E-03,       50.5281,      -84.3796,  -29.4462E-03,   20.9386E-03,            1.
D:/MoVerHu_Projekt/FE_Modell/FE-Abaqus-Model/Job-19.odb,Step-163,Increment      6: Step Time =    1.000,"LAGERSITZ_NEU-1",         12979,             6,         12693,      -109.184,       23.6940,      -72.4920,"ASSEMBLY_LAGERSITZ_NEU-1_SET-GEHAEUSE","ALUMINIUM",NA,       98.3515,  -109.486E-03,       50.5281,      -84.3796,  -29.4462E-03,   20.9386E-03,            1.
D:/MoVerHu_Projekt/FE_Modell/FE-Abaqus-Model/Job-19.odb,Step-163,Increment      6: Step Time =    1.000,"LAGERSITZ_NEU-1",         12978,             6,         12693,      -109.184,       23.6940,      -72.4920,"ASSEMBLY_LAGERSITZ_NEU-1_SET-GEHAEUSE","ALUMINIUM",NA,       98.3515,  -109.486E-03,       50.5281,      -84.3796,  -29.4462E-03,   20.9386E-03,            1.
D:/MoVerHu_Projekt/FE_Modell/FE-Abaqus-Model/Job-19.odb,Step-163,Increment      6: Step Time =    1.000,"LAGERSITZ_NEU-1",         12975,             6,         12694,      -106.184,       23.6940,      -72.4920,"ASSEMBLY_LAGERSITZ_NEU-1_SET-GEHAEUSE","ALUMINIUM",NA,       86.2971,  -80.3488E-03,       44.2329,      -74.0989,  -31.1565E-03,   21.7739E-03,            1.
D:/MoVerHu_Projekt/FE_Modell/FE-Abaqus-Model/Job-19.odb,Step-163,Increment      6: Step Time =    1.000,"LAGERSITZ_NEU-1",         12974,             6,         12694,      -106.184,       23.6940,      -72.4920,"ASSEMBLY_LAGERSITZ_NEU-1_SET-GEHAEUSE","ALUMINIUM",NA,       86.2971,  -80.3488E-03,       44.2329,      -74.0989,  -31.1565E-03,   21.7739E-03,            1.
D:/MoVerHu_Projekt/FE_Modell/FE-Abaqus-Model/Job-19.odb,Step-163,Increment      6: Step Time =    1.000,"LAGERSITZ_NEU-1",         12979,             6,         12694,      -106.184,       23.6940,      -72.4920,"ASSEMBLY_LAGERSITZ_NEU-1_SET-GEHAEUSE","ALUMINIUM",NA,       86.2971,  -80.3488E-03,       44.2329,      -74.0989,  -31.1565E-03,   21.7739E-03,            1.
D:/MoVerHu_Projekt/FE_Modell/FE-Abaqus-Model/Job-19.odb,Step-163,Increment      6: Step Time =    1.000,"LAGERSITZ_NEU-1",         12980,             6,         12694,      -106.184,       23.6940,      -72.4920,"ASSEMBLY_LAGERSITZ_NEU-1_SET-GEHAEUSE","ALUMINIUM",NA,       86.2971,  -80.3488E-03,       44.2329,      -74.0989,  -31.1565E-03,   21.7739E-03,            1.
D:/MoVerHu_Projekt/FE_Modell/FE-Abaqus-Model/Job-19.odb,Step-163,Increment      6: Step Time =    1.000,"LAGERSITZ_NEU-1",         12976,             6,         12695,      -103.184,       23.6940,      -72.4920,"ASSEMBLY_LAGERSITZ_NEU-1_SET-GEHAEUSE","ALUMINIUM",NA,       50.0283,  -35.8400E-03,       25.4884,      -43.0485,  -39.0744E-03,   30.9857E-03,            1.
D:/MoVerHu_Projekt/FE_Modell/FE-Abaqus-Model/Job-19.odb,Step-163,Increment      6: Step Time =    1.000,"LAGERSITZ_NEU-1",         12981,             6,         12695,      -103.184,       23.6940,      -72.4920,"ASSEMBLY_LAGERSITZ_NEU-1_SET-GEHAEUSE","ALUMINIUM",NA,       50.0283,  -35.8400E-03,       25.4884,      -43.0485,  -39.0744E-03,   30.9857E-03,            1.
D:/MoVerHu_Projekt/FE_Modell/FE-Abaqus-Model/Job-19.odb,Step-163,Increment      6: Step Time =    1.000,"LAGERSITZ_NEU-1",         12980,             6,         12695,      -103.184,       23.6940,      -72.4920,"ASSEMBLY_LAGERSITZ_NEU-1_SET-GEHAEUSE","ALUMINIUM",NA,       50.0283,  -35.8400E-03,       25.4884,      -43.0485,  -39.0744E-03,   30.9857E-03,            1.
D:/MoVerHu_Projekt/FE_Modell/FE-Abaqus-Model/Job-19.odb,Step-163,Increment      6: Step Time =    1.000,"LAGERSITZ_NEU-1",         12975,             6,         12695,      -103.184,       23.6940,      -72.4920,"ASSEMBLY_LAGERSITZ_NEU-1_SET-GEHAEUSE","ALUMINIUM",NA,       50.0283,  -35.8400E-03,       25.4884,      -43.0485,  -39.0744E-03,   30.9857E-03,            1.
D:/MoVerHu_Projekt/FE_Modell/FE-Abaqus-Model/Job-19.odb,Step-163,Increment      6: Step Time =    1.000,"LAGERSITZ_NEU-1",         12977,             6,         12696,      -100.184,       23.6940,      -72.4920,"ASSEMBLY_LAGERSITZ_NEU-1_SET-GEHAEUSE","ALUMINIUM",NA,       17.9840,  -9.09211E-03,       8.98296,      -15.5798,   178.286E-03,  -133.548E-03,       NoValue
D:/MoVerHu_Projekt/FE_Modell/FE-Abaqus-Model/Job-19.odb,Step-163,Increment      6: Step Time =    1.000,"LAGERSITZ_NEU-1",         12981,             6,         12696,      -100.184,       23.6940,      -72.4920,"ASSEMBLY_LAGERSITZ_NEU-1_SET-GEHAEUSE","ALUMINIUM",NA,       17.9840,  -9.09211E-03,       8.98296,      -15.5798,   178.286E-03,  -133.548E-03,       NoValue
D:/MoVerHu_Projekt/FE_Modell/FE-Abaqus-Model/Job-19.odb,Step-163,Increment      6: Step Time =    1.000,"LAGERSITZ_NEU-1",         12982,             6,         12696,      -100.184,       23.6940,      -72.4920,"ASSEMBLY_LAGERSITZ_NEU-1_SET-GEHAEUSE","ALUMINIUM",NA,       17.9840,  -9.09211E-03,       8.98296,      -15.5798,   178.286E-03,  -133.548E-03,       NoValue
D:/MoVerHu_Projekt/FE_Modell/FE-Abaqus-Model/Job-19.odb,Step-163,Increment      6: Step Time =    1.000,"LAGERSITZ_NEU-1",         12976,             6,         12696,      -100.184,       23.6940,      -72.4920,"ASSEMBLY_LAGERSITZ_NEU-1_SET-GEHAEUSE","ALUMINIUM",NA,       17.9840,  -9.09211E-03,       8.98296,      -15.5798,   178.286E-03,  -133.548E-03,       NoValue
D:/MoVerHu_Projekt/FE_Modell/FE-Abaqus-Model/Job-19.odb,Step-163,Increment      6: Step Time =    1.000,"LAGERSITZ_NEU-1",         12988,             6,         12697,      -109.184,       28.7134,      -69.0358,"ASSEMBLY_LAGERSITZ_NEU-1_SET-GEHAEUSE","ALUMINIUM",NA,       33.7097,  -64.7467E-03,       21.3425,      -26.0929,  -31.6771E-18,  -832.187E-18,       NoValue
D:/MoVerHu_Projekt/FE_Modell/FE-Abaqus-Model/Job-19.odb,Step-163,Increment      6: Step Time =    1.000,"LAGERSITZ_NEU-1",         12989,             6,         12697,      -109.184,       28.7134,      -69.0358,"ASSEMBLY_LAGERSITZ_NEU-1_SET-GEHAEUSE","ALUMINIUM",NA,       33.7097,  -64.7467E-03,       21.3425,      -26.0929,  -31.6771E-18,  -832.187E-18,       NoValue
D:/MoVerHu_Projekt/FE_Modell/FE-Abaqus-Model/Job-19.odb,Step-163,Increment      6: Step Time =    1.000,"LAGERSITZ_NEU-1",         12983,             6,         12697,      -109.184,       28.7134,      -69.0358,"ASSEMBLY_LAGERSITZ_NEU-1_SET-GEHAEUSE","ALUMINIUM",NA,       33.7097,  -64.7467E-03,       21.3425,      -26.0929,  -31.6771E-18,  -832.187E-18,       NoValue
D:/MoVerHu_Projekt/FE_Modell/FE-Abaqus-Model/Job-19.odb,Step-163,Increment      6: Step Time =    1.000,"LAGERSITZ_NEU-1",         12984,             6,         12697,      -109.184,       28.7134,      -69.0358,"ASSEMBLY_LAGERSITZ_NEU-1_SET-GEHAEUSE","ALUMINIUM",NA,       33.7097,  -64.7467E-03,       21.3425,      -26.0929,  -31.6771E-18,  -832.187E-18,       NoValue
D:/MoVerHu_Projekt/FE_Modell/FE-Abaqus-Model/Job-19.odb,Step-163,Increment      6: Step Time =    1.000,"LAGERSITZ_NEU-1",         12990,             6,         12698,      -106.184,       28.7134,      -69.0358,"ASSEMBLY_LAGERSITZ_NEU-1_SET-GEHAEUSE","ALUMINIUM",NA,       28.7949,  -49.3000E-03,       18.2300,      -22.2892,   547.546E-18,  -391.805E-18,       NoValue
D:/MoVerHu_Projekt/FE_Modell/FE-Abaqus-Model/Job-19.odb,Step-163,Increment      6: Step Time =    1.000,"LAGERSITZ_NEU-1",         12989,             6,         12698,      -106.184,       28.7134,      -69.0358,"ASSEMBLY_LAGERSITZ_NEU-1_SET-GEHAEUSE","ALUMINIUM",NA,       28.7949,  -49.3000E-03,       18.2300,      -22.2892,   547.546E-18,  -391.805E-18,       NoValue
D:/MoVerHu_Projekt/FE_Modell/FE-Abaqus-Model/Job-19.odb,Step-163,Increment      6: Step Time =    1.000,"LAGERSITZ_NEU-1",         12984,             6,         12698,      -106.184,       28.7134,      -69.0358,"ASSEMBLY_LAGERSITZ_NEU-1_SET-GEHAEUSE","ALUMINIUM",NA,       28.7949,  -49.3000E-03,       18.2300,      -22.2892,   547.546E-18,  -391.805E-18,       NoValue
D:/MoVerHu_Projekt/FE_Modell/FE-Abaqus-Model/Job-19.odb,Step-163,Increment      6: Step Time =    1.000,"LAGERSITZ_NEU-1",         12985,             6,         12698,      -106.184,       28.7134,      -69.0358,"ASSEMBLY_LAGERSITZ_NEU-1_SET-GEHAEUSE","ALUMINIUM",NA,       28.7949,  -49.3000E-03,       18.2300,      -22.2892,   547.546E-18,  -391.805E-18,       NoValue
D:/MoVerHu_Projekt/FE_Modell/FE-Abaqus-Model/Job-19.odb,Step-163,Increment      6: Step Time =    1.000,"LAGERSITZ_NEU-1",         12985,             6,         12699,      -103.184,       28.7134,      -69.0358,"ASSEMBLY_LAGERSITZ_NEU-1_SET-GEHAEUSE","ALUMINIUM",NA,       15.5732,  -23.4001E-03,       9.86030,      -12.0540,   1.67138E-15,  -393.972E-18,       NoValue
D:/MoVerHu_Projekt/FE_Modell/FE-Abaqus-Model/Job-19.odb,Step-163,Increment      6: Step Time =    1.000,"LAGERSITZ_NEU-1",         12991,             6,         12699,      -103.184,       28.7134,      -69.0358,"ASSEMBLY_LAGERSITZ_NEU-1_SET-GEHAEUSE","ALUMINIUM",NA,       15.5732,  -23.4001E-03,       9.86030,      -12.0540,   1.67138E-15,  -393.972E-18,       NoValue
D:/MoVerHu_Projekt/FE_Modell/FE-Abaqus-Model/Job-19.odb,Step-163,Increment      6: Step Time =    1.000,"LAGERSITZ_NEU-1",         12986,             6,         12699,      -103.184,       28.7134,      -69.0358,"ASSEMBLY_LAGERSITZ_NEU-1_SET-GEHAEUSE","ALUMINIUM",NA,       15.5732,  -23.4001E-03,       9.86030,      -12.0540,   1.67138E-15,  -393.972E-18,       NoValue
D:/MoVerHu_Projekt/FE_Modell/FE-Abaqus-Model/Job-19.odb,Step-163,Increment      6: Step Time =    1.000,"LAGERSITZ_NEU-1",         12990,             6,         12699,      -103.184,       28.7134,      -69.0358,"ASSEMBLY_LAGERSITZ_NEU-1_SET-GEHAEUSE","ALUMINIUM",NA,       15.5732,  -23.4001E-03,       9.86030,      -12.0540,   1.67138E-15,  -393.972E-18,       NoValue
D:/MoVerHu_Projekt/FE_Modell/FE-Abaqus-Model/Job-19.odb,Step-163,Increment      6: Step Time =    1.000,"LAGERSITZ_NEU-1",         12987,             6,         12700,      -100.184,       28.7134,      -69.0358,"ASSEMBLY_LAGERSITZ_NEU-1_SET-GEHAEUSE","ALUMINIUM",NA,       1.96718,  -2.52662E-03,       1.24566,      -1.52253,  -2.46470E-15,  -105.033E-18,       NoValue
D:/MoVerHu_Projekt/FE_Modell/FE-Abaqus-Model/Job-19.odb,Step-163,Increment      6: Step Time =    1.000,"LAGERSITZ_NEU-1",         12986,             6,         12700,      -100.184,       28.7134,      -69.0358,"ASSEMBLY_LAGERSITZ_NEU-1_SET-GEHAEUSE","ALUMINIUM",NA,       1.96718,  -2.52662E-03,       1.24566,      -1.52253,  -2.46470E-15,  -105.033E-18,       NoValue
D:/MoVerHu_Projekt/FE_Modell/FE-Abaqus-Model/Job-19.odb,Step-163,Increment      6: Step Time =    1.000,"LAGERSITZ_NEU-1",         12992,             6,         12700,      -100.184,       28.7134,      -69.0358,"ASSEMBLY_LAGERSITZ_NEU-1_SET-GEHAEUSE","ALUMINIUM",NA,       1.96718,  -2.52662E-03,       1.24566,      -1.52253,  -2.46470E-15,  -105.033E-18,       NoValue
D:/MoVerHu_Projekt/FE_Modell/FE-Abaqus-Model/Job-19.odb,Step-163,Increment      6: Step Time =    1.000,"LAGERSITZ_NEU-1",         12991,             6,         12700,      -100.184,       28.7134,      -69.0358,"ASSEMBLY_LAGERSITZ_NEU-1_SET-GEHAEUSE","ALUMINIUM",NA,       1.96718,  -2.52662E-03,       1.24566,      -1.52253,  -2.46470E-15,  -105.033E-18,       NoValue
D:/MoVerHu_Projekt/FE_Modell/FE-Abaqus-Model/Job-19.odb,Step-163,Increment      6: Step Time =    1.000,"LAGERSITZ_NEU-1",         12989,             6,         12701,      -109.184,       31.0919,      -67.0871,"ASSEMBLY_LAGERSITZ_NEU-1_SET-GEHAEUSE","ALUMINIUM",NA,       246.243,  -487.993E-03,       162.086,      -185.375,  -43.8100E-03,   69.9176E-03,            1.
D:/MoVerHu_Projekt/FE_Modell/FE-Abaqus-Model/Job-19.odb,Step-163,Increment      6: Step Time =    1.000,"LAGERSITZ_NEU-1",         12988,             6,         12701,      -109.184,       31.0919,      -67.0871,"ASSEMBLY_LAGERSITZ_NEU-1_SET-GEHAEUSE","ALUMINIUM",NA,       246.243,  -487.993E-03,       162.086,      -185.375,  -43.8100E-03,   69.9176E-03,            1.
D:/MoVerHu_Projekt/FE_Modell/FE-Abaqus-Model/Job-19.odb,Step-163,Increment      6: Step Time =    1.000,"LAGERSITZ_NEU-1",         12993,             6,         12701,      -109.184,       31.0919,      -67.0871,"ASSEMBLY_LAGERSITZ_NEU-1_SET-GEHAEUSE","ALUMINIUM",NA,       246.243,  -487.993E-03,       162.086,      -185.375,  -43.8100E-03,   69.9176E-03,            1.
D:/MoVerHu_Projekt/FE_Modell/FE-Abaqus-Model/Job-19.odb,Step-163,Increment      6: Step Time =    1.000,"LAGERSITZ_NEU-1",         12994,             6,         12701,      -109.184,       31.0919,      -67.0871,"ASSEMBLY_LAGERSITZ_NEU-1_SET-GEHAEUSE","ALUMINIUM",NA,       246.243,  -487.993E-03,       162.086,      -185.375,  -43.8100E-03,   69.9176E-03,            1.
D:/MoVerHu_Projekt/FE_Modell/FE-Abaqus-Model/Job-19.odb,Step-163,Increment      6: Step Time =    1.000,"LAGERSITZ_NEU-1",         12995,             6,         12702,      -106.184,       31.0919,      -67.0871,"ASSEMBLY_LAGERSITZ_NEU-1_SET-GEHAEUSE","ALUMINIUM",NA,       215.118,  -381.393E-03,       141.663,      -161.887,  -53.1352E-03,   77.9167E-03,            1.
D:/MoVerHu_Projekt/FE_Modell/FE-Abaqus-Model/Job-19.odb,Step-163,Increment      6: Step Time =    1.000,"LAGERSITZ_NEU-1",         12994,             6,         12702,      -106.184,       31.0919,      -67.0871,"ASSEMBLY_LAGERSITZ_NEU-1_SET-GEHAEUSE","ALUMINIUM",NA,       215.118,  -381.393E-03,       141.663,      -161.887,  -53.1352E-03,   77.9167E-03,            1.
D:/MoVerHu_Projekt/FE_Modell/FE-Abaqus-Model/Job-19.odb,Step-163,Increment      6: Step Time =    1.000,"LAGERSITZ_NEU-1",         12989,             6,         12702,      -106.184,       31.0919,      -67.0871,"ASSEMBLY_LAGERSITZ_NEU-1_SET-GEHAEUSE","ALUMINIUM",NA,       215.118,  -381.393E-03,       141.663,      -161.887,  -53.1352E-03,   77.9167E-03,            1.
D:/MoVerHu_Projekt/FE_Modell/FE-Abaqus-Model/Job-19.odb,Step-163,Increment      6: Step Time =    1.000,"LAGERSITZ_NEU-1",         12990,             6,         12702,      -106.184,       31.0919,      -67.0871,"ASSEMBLY_LAGERSITZ_NEU-1_SET-GEHAEUSE","ALUMINIUM",NA,       215.118,  -381.393E-03,       141.663,      -161.887,  -53.1352E-03,   77.9167E-03,            1.
D:/MoVerHu_Projekt/FE_Modell/FE-Abaqus-Model/Job-19.odb,Step-163,Increment      6: Step Time =    1.000,"LAGERSITZ_NEU-1",         12990,             6,         12703,      -103.184,       31.0919,      -67.0871,"ASSEMBLY_LAGERSITZ_NEU-1_SET-GEHAEUSE","ALUMINIUM",NA,       127.517,  -195.684E-03,       84.1536,      -95.8051,  -73.8768E-03,   97.2429E-03,            1.
D:/MoVerHu_Projekt/FE_Modell/FE-Abaqus-Model/Job-19.odb,Step-163,Increment      6: Step Time =    1.000,"LAGERSITZ_NEU-1",         12991,             6,         12703,      -103.184,       31.0919,      -67.0871,"ASSEMBLY_LAGERSITZ_NEU-1_SET-GEHAEUSE","ALUMINIUM",NA,       127.517,  -195.684E-03,       84.1536,      -95.8051,  -73.8768E-03,   97.2429E-03,            1.
D:/MoVerHu_Projekt/FE_Modell/FE-Abaqus-Model/Job-19.odb,Step-163,Increment      6: Step Time =    1.000,"LAGERSITZ_NEU-1",         12996,             6,         12703,      -103.184,       31.0919,      -67.0871,"ASSEMBLY_LAGERSITZ_NEU-1_SET-GEHAEUSE","ALUMINIUM",NA,       127.517,  -195.684E-03,       84.1536,      -95.8051,  -73.8768E-03,   97.2429E-03,            1.
D:/MoVerHu_Projekt/FE_Modell/FE-Abaqus-Model/Job-19.odb,Step-163,Increment      6: Step Time =    1.000,"LAGERSITZ_NEU-1",         12995,             6,         12703,      -103.184,       31.0919,      -67.0871,"ASSEMBLY_LAGERSITZ_NEU-1_SET-GEHAEUSE","ALUMINIUM",NA,       127.517,  -195.684E-03,       84.1536,      -95.8051,  -73.8768E-03,   97.2429E-03,            1.
D:/MoVerHu_Projekt/FE_Modell/FE-Abaqus-Model/Job-19.odb,Step-163,Increment      6: Step Time =    1.000,"LAGERSITZ_NEU-1",         12997,             6,         12704,      -100.184,       31.0919,      -67.0871,"ASSEMBLY_LAGERSITZ_NEU-1_SET-GEHAEUSE","ALUMINIUM",NA,       28.1639,  -38.4800E-03,       18.7672,      -20.9999,   15.8048E-03,  -4.09263E-03,       NoValue
D:/MoVerHu_Projekt/FE_Modell/FE-Abaqus-Model/Job-19.odb,Step-163,Increment      6: Step Time =    1.000,"LAGERSITZ_NEU-1",         12991,             6,         12704,      -100.184,       31.0919,      -67.0871,"ASSEMBLY_LAGERSITZ_NEU-1_SET-GEHAEUSE","ALUMINIUM",NA,       28.1639,  -38.4800E-03,       18.7672,      -20.9999,   15.8048E-03,  -4.09263E-03,       NoValue
D:/MoVerHu_Projekt/FE_Modell/FE-Abaqus-Model/Job-19.odb,Step-163,Increment      6: Step Time =    1.000,"LAGERSITZ_NEU-1",         12996,             6,         12704,      -100.184,       31.0919,      -67.0871,"ASSEMBLY_LAGERSITZ_NEU-1_SET-GEHAEUSE","ALUMINIUM",NA,       28.1639,  -38.4800E-03,       18.7672,      -20.9999,   15.8048E-03,  -4.09263E-03,       NoValue
D:/MoVerHu_Projekt/FE_Modell/FE-Abaqus-Model/Job-19.odb,Step-163,Increment      6: Step Time =    1.000,"LAGERSITZ_NEU-1",         12992,             6,         12704,      -100.184,       31.0919,      -67.0871,"ASSEMBLY_LAGERSITZ_NEU-1_SET-GEHAEUSE","ALUMINIUM",NA,       28.1639,  -38.4800E-03,       18.7672,      -20.9999,   15.8048E-03,  -4.09263E-03,       NoValue
D:/MoVerHu_Projekt/FE_Modell/FE-Abaqus-Model/Job-19.odb,Step-163,Increment      6: Step Time =    1.000,"LAGERSITZ_NEU-1",         12999,             6,         12705,      -109.184,       33.3579,      -65.0085,"ASSEMBLY_LAGERSITZ_NEU-1_SET-GEHAEUSE","ALUMINIUM",NA,       326.130,  -702.486E-03,       226.799,      -234.355,  -90.0237E-03,   157.233E-03,            2.
D:/MoVerHu_Projekt/FE_Modell/FE-Abaqus-Model/Job-19.odb,Step-163,Increment      6: Step Time =    1.000,"LAGERSITZ_NEU-1",         12993,             6,         12705,      -109.184,       33.3579,      -65.0085,"ASSEMBLY_LAGERSITZ_NEU-1_SET-GEHAEUSE","ALUMINIUM",NA,       326.130,  -702.486E-03,       226.799,      -234.355,  -90.0237E-03,   157.233E-03,            2.
D:/MoVerHu_Projekt/FE_Modell/FE-Abaqus-Model/Job-19.odb,Step-163,Increment      6: Step Time =    1.000,"LAGERSITZ_NEU-1",         12998,             6,         12705,      -109.184,       33.3579,      -65.0085,"ASSEMBLY_LAGERSITZ_NEU-1_SET-GEHAEUSE","ALUMINIUM",NA,       326.130,  -702.486E-03,       226.799,      -234.355,  -90.0237E-03,   157.233E-03,            2.
D:/MoVerHu_Projekt/FE_Modell/FE-Abaqus-Model/Job-19.odb,Step-163,Increment      6: Step Time =    1.000,"LAGERSITZ_NEU-1",         12994,             6,         12705,      -109.184,       33.3579,      -65.0085,"ASSEMBLY_LAGERSITZ_NEU-1_SET-GEHAEUSE","ALUMINIUM",NA,       326.130,  -702.486E-03,       226.799,      -234.355,  -90.0237E-03,   157.233E-03,            2.
D:/MoVerHu_Projekt/FE_Modell/FE-Abaqus-Model/Job-19.odb,Step-163,Increment      6: Step Time =    1.000,"LAGERSITZ_NEU-1",         13000,             6,         12706,      -106.184,       33.3579,      -65.0085,"ASSEMBLY_LAGERSITZ_NEU-1_SET-GEHAEUSE","ALUMINIUM",NA,       311.862,  -604.112E-03,       216.950,      -224.031,  -104.657E-03,   158.013E-03,            2.
D:/MoVerHu_Projekt/FE_Modell/FE-Abaqus-Model/Job-19.odb,Step-163,Increment      6: Step Time =    1.000,"LAGERSITZ_NEU-1",         12999,             6,         12706,      -106.184,       33.3579,      -65.0085,"ASSEMBLY_LAGERSITZ_NEU-1_SET-GEHAEUSE","ALUMINIUM",NA,       311.862,  -604.112E-03,       216.950,      -224.031,  -104.657E-03,   158.013E-03,            2.
D:/MoVerHu_Projekt/FE_Modell/FE-Abaqus-Model/Job-19.odb,Step-163,Increment      6: Step Time =    1.000,"LAGERSITZ_NEU-1",         12995,             6,         12706,      -106.184,       33.3579,      -65.0085,"ASSEMBLY_LAGERSITZ_NEU-1_SET-GEHAEUSE","ALUMINIUM",NA,       311.862,  -604.112E-03,       216.950,      -224.031,  -104.657E-03,   158.013E-03,            2.
D:/MoVerHu_Projekt/FE_Modell/FE-Abaqus-Model/Job-19.odb,Step-163,Increment      6: Step Time =    1.000,"LAGERSITZ_NEU-1",         12994,             6,         12706,      -106.184,       33.3579,      -65.0085,"ASSEMBLY_LAGERSITZ_NEU-1_SET-GEHAEUSE","ALUMINIUM",NA,       311.862,  -604.112E-03,       216.950,      -224.031,  -104.657E-03,   158.013E-03,            2.
D:/MoVerHu_Projekt/FE_Modell/FE-Abaqus-Model/Job-19.odb,Step-163,Increment      6: Step Time =    1.000,"LAGERSITZ_NEU-1",         12995,             6,         12707,      -103.184,       33.3579,      -65.0085,"ASSEMBLY_LAGERSITZ_NEU-1_SET-GEHAEUSE","ALUMINIUM",NA,       243.577,  -415.730E-03,       169.579,      -174.850,  -126.138E-03,   170.111E-03,            2.
D:/MoVerHu_Projekt/FE_Modell/FE-Abaqus-Model/Job-19.odb,Step-163,Increment      6: Step Time =    1.000,"LAGERSITZ_NEU-1",         12996,             6,         12707,      -103.184,       33.3579,      -65.0085,"ASSEMBLY_LAGERSITZ_NEU-1_SET-GEHAEUSE","ALUMINIUM",NA,       243.577,  -415.730E-03,       169.579,      -174.850,  -126.138E-03,   170.111E-03,            2.
D:/MoVerHu_Projekt/FE_Modell/FE-Abaqus-Model/Job-19.odb,Step-163,Increment      6: Step Time =    1.000,"LAGERSITZ_NEU-1",         13000,             6,         12707,      -103.184,       33.3579,      -65.0085,"ASSEMBLY_LAGERSITZ_NEU-1_SET-GEHAEUSE","ALUMINIUM",NA,       243.577,  -415.730E-03,       169.579,      -174.850,  -126.138E-03,   170.111E-03,            2.
D:/MoVerHu_Projekt/FE_Modell/FE-Abaqus-Model/Job-19.odb,Step-163,Increment      6: Step Time =    1.000,"LAGERSITZ_NEU-1",         13001,             6,         12707,      -103.184,       33.3579,      -65.0085,"ASSEMBLY_LAGERSITZ_NEU-1_SET-GEHAEUSE","ALUMINIUM",NA,       243.577,  -415.730E-03,       169.579,      -174.850,  -126.138E-03,   170.111E-03,            2.
D:/MoVerHu_Projekt/FE_Modell/FE-Abaqus-Model/Job-19.odb,Step-163,Increment      6: Step Time =    1.000,"LAGERSITZ_NEU-1",         13001,             6,         12708,      -100.184,       33.3579,      -65.0085,"ASSEMBLY_LAGERSITZ_NEU-1_SET-GEHAEUSE","ALUMINIUM",NA,       110.276,  -162.402E-03,       76.8558,      -79.0826,  -150.362E-03,   182.517E-03,            2.
D:/MoVerHu_Projekt/FE_Modell/FE-Abaqus-Model/Job-19.odb,Step-163,Increment      6: Step Time =    1.000,"LAGERSITZ_NEU-1",         12997,             6,         12708,      -100.184,       33.3579,      -65.0085,"ASSEMBLY_LAGERSITZ_NEU-1_SET-GEHAEUSE","ALUMINIUM",NA,       110.276,  -162.402E-03,       76.8558,      -79.0826,  -150.362E-03,   182.517E-03,            2.
D:/MoVerHu_Projekt/FE_Modell/FE-Abaqus-Model/Job-19.odb,Step-163,Increment      6: Step Time =    1.000,"LAGERSITZ_NEU-1",         13002,             6,         12708,      -100.184,       33.3579,      -65.0085,"ASSEMBLY_LAGERSITZ_NEU-1_SET-GEHAEUSE","ALUMINIUM",NA,       110.276,  -162.402E-03,       76.8558,      -79.0826,  -150.362E-03,   182.517E-03,            2.
D:/MoVerHu_Projekt/FE_Modell/FE-Abaqus-Model/Job-19.odb,Step-163,Increment      6: Step Time =    1.000,"LAGERSITZ_NEU-1",         12996,             6,         12708,      -100.184,       33.3579,      -65.0085,"ASSEMBLY_LAGERSITZ_NEU-1_SET-GEHAEUSE","ALUMINIUM",NA,       110.276,  -162.402E-03,       76.8558,      -79.0826,  -150.362E-03,   182.517E-03,            2.
D:/MoVerHu_Projekt/FE_Modell/FE-Abaqus-Model/Job-19.odb,Step-163,Increment      6: Step Time =    1.000,"LAGERSITZ_NEU-1",         12998,             6,         12709,      -109.184,       35.5041,      -62.8065,"ASSEMBLY_LAGERSITZ_NEU-1_SET-GEHAEUSE","ALUMINIUM",NA,       234.263,  -546.431E-03,       171.724,      -159.341,  -69.1145E-03,   144.502E-03,            2.
D:/MoVerHu_Projekt/FE_Modell/FE-Abaqus-Model/Job-19.odb,Step-163,Increment      6: Step Time =    1.000,"LAGERSITZ_NEU-1",         12999,             6,         12709,      -109.184,       35.5041,      -62.8065,"ASSEMBLY_LAGERSITZ_NEU-1_SET-GEHAEUSE","ALUMINIUM",NA,       234.263,  -546.431E-03,       171.724,      -159.341,  -69.1145E-03,   144.502E-03,            2.
D:/MoVerHu_Projekt/FE_Modell/FE-Abaqus-Model/Job-19.odb,Step-163,Increment      6: Step Time =    1.000,"LAGERSITZ_NEU-1",         13004,             6,         12709,      -109.184,       35.5041,      -62.8065,"ASSEMBLY_LAGERSITZ_NEU-1_SET-GEHAEUSE","ALUMINIUM",NA,       234.263,  -546.431E-03,       171.724,      -159.341,  -69.1145E-03,   144.502E-03,            2.
D:/MoVerHu_Projekt/FE_Modell/FE-Abaqus-Model/Job-19.odb,Step-163,Increment      6: Step Time =    1.000,"LAGERSITZ_NEU-1",         13003,             6,         12709,      -109.184,       35.5041,      -62.8065,"ASSEMBLY_LAGERSITZ_NEU-1_SET-GEHAEUSE","ALUMINIUM",NA,       234.263,  -546.431E-03,       171.724,      -159.341,  -69.1145E-03,   144.502E-03,            2.
D:/MoVerHu_Projekt/FE_Modell/FE-Abaqus-Model/Job-19.odb,Step-163,Increment      6: Step Time =    1.000,"LAGERSITZ_NEU-1",         12999,             6,         12710,      -106.184,       35.5041,      -62.8065,"ASSEMBLY_LAGERSITZ_NEU-1_SET-GEHAEUSE","ALUMINIUM",NA,       236.800,  -503.557E-03,       173.613,      -161.036,  -85.2954E-03,   141.780E-03,            2.
D:/MoVerHu_Projekt/FE_Modell/FE-Abaqus-Model/Job-19.odb,Step-163,Increment      6: Step Time =    1.000,"LAGERSITZ_NEU-1",         13004,             6,         12710,      -106.184,       35.5041,      -62.8065,"ASSEMBLY_LAGERSITZ_NEU-1_SET-GEHAEUSE","ALUMINIUM",NA,       236.800,  -503.557E-03,       173.613,      -161.036,  -85.2954E-03,   141.780E-03,            2.
D:/MoVerHu_Projekt/FE_Modell/FE-Abaqus-Model/Job-19.odb,Step-163,Increment      6: Step Time =    1.000,"LAGERSITZ_NEU-1",         13000,             6,         12710,      -106.184,       35.5041,      -62.8065,"ASSEMBLY_LAGERSITZ_NEU-1_SET-GEHAEUSE","ALUMINIUM",NA,       236.800,  -503.557E-03,       173.613,      -161.036,  -85.2954E-03,   141.780E-03,            2.
D:/MoVerHu_Projekt/FE_Modell/FE-Abaqus-Model/Job-19.odb,Step-163,Increment      6: Step Time =    1.000,"LAGERSITZ_NEU-1",         13005,             6,         12710,      -106.184,       35.5041,      -62.8065,"ASSEMBLY_LAGERSITZ_NEU-1_SET-GEHAEUSE","ALUMINIUM",NA,       236.800,  -503.557E-03,       173.613,      -161.036,  -85.2954E-03,   141.780E-03,            2.
D:/MoVerHu_Projekt/FE_Modell/FE-Abaqus-Model/Job-19.odb,Step-163,Increment      6: Step Time =    1.000,"LAGERSITZ_NEU-1",         13000,             6,         12711,      -103.184,       35.5041,      -62.8065,"ASSEMBLY_LAGERSITZ_NEU-1_SET-GEHAEUSE","ALUMINIUM",NA,       191.085,  -361.484E-03,       140.041,      -130.006,  -100.092E-03,   140.315E-03,            2.
D:/MoVerHu_Projekt/FE_Modell/FE-Abaqus-Model/Job-19.odb,Step-163,Increment      6: Step Time =    1.000,"LAGERSITZ_NEU-1",         13005,             6,         12711,      -103.184,       35.5041,      -62.8065,"ASSEMBLY_LAGERSITZ_NEU-1_SET-GEHAEUSE","ALUMINIUM",NA,       191.085,  -361.484E-03,       140.041,      -130.006,  -100.092E-03,   140.315E-03,            2.
D:/MoVerHu_Projekt/FE_Modell/FE-Abaqus-Model/Job-19.odb,Step-163,Increment      6: Step Time =    1.000,"LAGERSITZ_NEU-1",         13001,             6,         12711,      -103.184,       35.5041,      -62.8065,"ASSEMBLY_LAGERSITZ_NEU-1_SET-GEHAEUSE","ALUMINIUM",NA,       191.085,  -361.484E-03,       140.041,      -130.006,  -100.092E-03,   140.315E-03,            2.
D:/MoVerHu_Projekt/FE_Modell/FE-Abaqus-Model/Job-19.odb,Step-163,Increment      6: Step Time =    1.000,"LAGERSITZ_NEU-1",         13006,             6,         12711,      -103.184,       35.5041,      -62.8065,"ASSEMBLY_LAGERSITZ_NEU-1_SET-GEHAEUSE","ALUMINIUM",NA,       191.085,  -361.484E-03,       140.041,      -130.006,  -100.092E-03,   140.315E-03,            2.
D:/MoVerHu_Projekt/FE_Modell/FE-Abaqus-Model/Job-19.odb,Step-163,Increment      6: Step Time =    1.000,"LAGERSITZ_NEU-1",         13002,             6,         12712,      -100.184,       35.5041,      -62.8065,"ASSEMBLY_LAGERSITZ_NEU-1_SET-GEHAEUSE","ALUMINIUM",NA,       82.4758,  -140.867E-03,       60.3668,      -56.1969,  -106.951E-03,   129.018E-03,            2.
D:/MoVerHu_Projekt/FE_Modell/FE-Abaqus-Model/Job-19.odb,Step-163,Increment      6: Step Time =    1.000,"LAGERSITZ_NEU-1",         13007,             6,         12712,      -100.184,       35.5041,      -62.8065,"ASSEMBLY_LAGERSITZ_NEU-1_SET-GEHAEUSE","ALUMINIUM",NA,       82.4758,  -140.867E-03,       60.3668,      -56.1969,  -106.951E-03,   129.018E-03,            2.
D:/MoVerHu_Projekt/FE_Modell/FE-Abaqus-Model/Job-19.odb,Step-163,Increment      6: Step Time =    1.000,"LAGERSITZ_NEU-1",         13001,             6,         12712,      -100.184,       35.5041,      -62.8065,"ASSEMBLY_LAGERSITZ_NEU-1_SET-GEHAEUSE","ALUMINIUM",NA,       82.4758,  -140.867E-03,       60.3668,      -56.1969,  -106.951E-03,   129.018E-03,            2.
D:/MoVerHu_Projekt/FE_Modell/FE-Abaqus-Model/Job-19.odb,Step-163,Increment      6: Step Time =    1.000,"LAGERSITZ_NEU-1",         13006,             6,         12712,      -100.184,       35.5041,      -62.8065,"ASSEMBLY_LAGERSITZ_NEU-1_SET-GEHAEUSE","ALUMINIUM",NA,       82.4758,  -140.867E-03,       60.3668,      -56.1969,  -106.951E-03,   129.018E-03,            2.
D:/MoVerHu_Projekt/FE_Modell/FE-Abaqus-Model/Job-19.odb,Step-163,Increment      6: Step Time =    1.000,"LAGERSITZ_NEU-1",         13004,             6,         12713,      -109.184,       37.5239,      -60.4880,"ASSEMBLY_LAGERSITZ_NEU-1_SET-GEHAEUSE","ALUMINIUM",NA,       186.445,  -469.427E-03,       143.785,      -118.691,  -36.0522E-03,   100.305E-03,            2.
D:/MoVerHu_Projekt/FE_Modell/FE-Abaqus-Model/Job-19.odb,Step-163,Increment      6: Step Time =    1.000,"LAGERSITZ_NEU-1",         13009,             6,         12713,      -109.184,       37.5239,      -60.4880,"ASSEMBLY_LAGERSITZ_NEU-1_SET-GEHAEUSE","ALUMINIUM",NA,       186.445,  -469.427E-03,       143.785,      -118.691,  -36.0522E-03,   100.305E-03,            2.
D:/MoVerHu_Projekt/FE_Modell/FE-Abaqus-Model/Job-19.odb,Step-163,Increment      6: Step Time =    1.000,"LAGERSITZ_NEU-1",         13008,             6,         12713,      -109.184,       37.5239,      -60.4880,"ASSEMBLY_LAGERSITZ_NEU-1_SET-GEHAEUSE","ALUMINIUM",NA,       186.445,  -469.427E-03,       143.785,      -118.691,  -36.0522E-03,   100.305E-03,            2.
D:/MoVerHu_Projekt/FE_Modell/FE-Abaqus-Model/Job-19.odb,Step-163,Increment      6: Step Time =    1.000,"LAGERSITZ_NEU-1",         13003,             6,         12713,      -109.184,       37.5239,      -60.4880,"ASSEMBLY_LAGERSITZ_NEU-1_SET-GEHAEUSE","ALUMINIUM",NA,       186.445,  -469.427E-03,       143.785,      -118.691,  -36.0522E-03,   100.305E-03,            2.
D:/MoVerHu_Projekt/FE_Modell/FE-Abaqus-Model/Job-19.odb,Step-163,Increment      6: Step Time =    1.000,"LAGERSITZ_NEU-1",         13010,             6,         12714,      -106.184,       37.5239,      -60.4880,"ASSEMBLY_LAGERSITZ_NEU-1_SET-GEHAEUSE","ALUMINIUM",NA,       191.469,  -445.358E-03,       147.637,      -121.917,  -51.2871E-03,   95.8634E-03,            2.
D:/MoVerHu_Projekt/FE_Modell/FE-Abaqus-Model/Job-19.odb,Step-163,Increment      6: Step Time =    1.000,"LAGERSITZ_NEU-1",         13009,             6,         12714,      -106.184,       37.5239,      -60.4880,"ASSEMBLY_LAGERSITZ_NEU-1_SET-GEHAEUSE","ALUMINIUM",NA,       191.469,  -445.358E-03,       147.637,      -121.917,  -51.2871E-03,   95.8634E-03,            2.
D:/MoVerHu_Projekt/FE_Modell/FE-Abaqus-Model/Job-19.odb,Step-163,Increment      6: Step Time =    1.000,"LAGERSITZ_NEU-1",         13005,             6,         12714,      -106.184,       37.5239,      -60.4880,"ASSEMBLY_LAGERSITZ_NEU-1_SET-GEHAEUSE","ALUMINIUM",NA,       191.469,  -445.358E-03,       147.637,      -121.917,  -51.2871E-03,   95.8634E-03,            2.
D:/MoVerHu_Projekt/FE_Modell/FE-Abaqus-Model/Job-19.odb,Step-163,Increment      6: Step Time =    1.000,"LAGERSITZ_NEU-1",         13004,             6,         12714,      -106.184,       37.5239,      -60.4880,"ASSEMBLY_LAGERSITZ_NEU-1_SET-GEHAEUSE","ALUMINIUM",NA,       191.469,  -445.358E-03,       147.637,      -121.917,  -51.2871E-03,   95.8634E-03,            2.
D:/MoVerHu_Projekt/FE_Modell/FE-Abaqus-Model/Job-19.odb,Step-163,Increment      6: Step Time =    1.000,"LAGERSITZ_NEU-1",         13006,             6,         12715,      -103.184,       37.5239,      -60.4880,"ASSEMBLY_LAGERSITZ_NEU-1_SET-GEHAEUSE","ALUMINIUM",NA,       141.151,  -297.553E-03,       108.781,      -89.9453,  -61.1636E-03,   96.6592E-03,            2.
D:/MoVerHu_Projekt/FE_Modell/FE-Abaqus-Model/Job-19.odb,Step-163,Increment      6: Step Time =    1.000,"LAGERSITZ_NEU-1",         13005,             6,         12715,      -103.184,       37.5239,      -60.4880,"ASSEMBLY_LAGERSITZ_NEU-1_SET-GEHAEUSE","ALUMINIUM",NA,       141.151,  -297.553E-03,       108.781,      -89.9453,  -61.1636E-03,   96.6592E-03,            2.
D:/MoVerHu_Projekt/FE_Modell/FE-Abaqus-Model/Job-19.odb,Step-163,Increment      6: Step Time =    1.000,"LAGERSITZ_NEU-1",         13010,             6,         12715,      -103.184,       37.5239,      -60.4880,"ASSEMBLY_LAGERSITZ_NEU-1_SET-GEHAEUSE","ALUMINIUM",NA,       141.151,  -297.553E-03,       108.781,      -89.9453,  -61.1636E-03,   96.6592E-03,            2.
D:/MoVerHu_Projekt/FE_Modell/FE-Abaqus-Model/Job-19.odb,Step-163,Increment      6: Step Time =    1.000,"LAGERSITZ_NEU-1",         13011,             6,         12715,      -103.184,       37.5239,      -60.4880,"ASSEMBLY_LAGERSITZ_NEU-1_SET-GEHAEUSE","ALUMINIUM",NA,       141.151,  -297.553E-03,       108.781,      -89.9453,  -61.1636E-03,   96.6592E-03,            2.
D:/MoVerHu_Projekt/FE_Modell/FE-Abaqus-Model/Job-19.odb,Step-163,Increment      6: Step Time =    1.000,"LAGERSITZ_NEU-1",         13007,             6,         12716,      -100.184,       37.5239,      -60.4880,"ASSEMBLY_LAGERSITZ_NEU-1_SET-GEHAEUSE","ALUMINIUM",NA,       46.4477,  -89.6289E-03,       35.7406,      -29.6647,  -47.2154E-03,   54.2097E-03,            2.
D:/MoVerHu_Projekt/FE_Modell/FE-Abaqus-Model/Job-19.odb,Step-163,Increment      6: Step Time =    1.000,"LAGERSITZ_NEU-1",         13012,             6,         12716,      -100.184,       37.5239,      -60.4880,"ASSEMBLY_LAGERSITZ_NEU-1_SET-GEHAEUSE","ALUMINIUM",NA,       46.4477,  -89.6289E-03,       35.7406,      -29.6647,  -47.2154E-03,   54.2097E-03,            2.
D:/MoVerHu_Projekt/FE_Modell/FE-Abaqus-Model/Job-19.odb,Step-163,Increment      6: Step Time =    1.000,"LAGERSITZ_NEU-1",         13011,             6,         12716,      -100.184,       37.5239,      -60.4880,"ASSEMBLY_LAGERSITZ_NEU-1_SET-GEHAEUSE","ALUMINIUM",NA,       46.4477,  -89.6289E-03,       35.7406,      -29.6647,  -47.2154E-03,   54.2097E-03,            2.
D:/MoVerHu_Projekt/FE_Modell/FE-Abaqus-Model/Job-19.odb,Step-163,Increment      6: Step Time =    1.000,"LAGERSITZ_NEU-1",         13006,             6,         12716,      -100.184,       37.5239,      -60.4880,"ASSEMBLY_LAGERSITZ_NEU-1_SET-GEHAEUSE","ALUMINIUM",NA,       46.4477,  -89.6289E-03,       35.7406,      -29.6647,  -47.2154E-03,   54.2097E-03,            2.
D:/MoVerHu_Projekt/FE_Modell/FE-Abaqus-Model/Job-19.odb,Step-163,Increment      6: Step Time =    1.000,"LAGERSITZ_NEU-1",         13014,             6,         12717,      -109.184,       39.4109,      -58.0603,"ASSEMBLY_LAGERSITZ_NEU-1_SET-GEHAEUSE","ALUMINIUM",NA,       239.751,  -647.082E-03,       193.807,      -141.136,  -9.36125E-03,   84.9226E-03,            2.
D:/MoVerHu_Projekt/FE_Modell/FE-Abaqus-Model/Job-19.odb,Step-163,Increment      6: Step Time =    1.000,"LAGERSITZ_NEU-1",         13009,             6,         12717,      -109.184,       39.4109,      -58.0603,"ASSEMBLY_LAGERSITZ_NEU-1_SET-GEHAEUSE","ALUMINIUM",NA,       239.751,  -647.082E-03,       193.807,      -141.136,  -9.36125E-03,   84.9226E-03,            2.
D:/MoVerHu_Projekt/FE_Modell/FE-Abaqus-Model/Job-19.odb,Step-163,Increment      6: Step Time =    1.000,"LAGERSITZ_NEU-1",         13013,             6,         12717,      -109.184,       39.4109,      -58.0603,"ASSEMBLY_LAGERSITZ_NEU-1_SET-GEHAEUSE","ALUMINIUM",NA,       239.751,  -647.082E-03,       193.807,      -141.136,  -9.36125E-03,   84.9226E-03,            2.
D:/MoVerHu_Projekt/FE_Modell/FE-Abaqus-Model/Job-19.odb,Step-163,Increment      6: Step Time =    1.000,"LAGERSITZ_NEU-1",         13008,             6,         12717,      -109.184,       39.4109,      -58.0603,"ASSEMBLY_LAGERSITZ_NEU-1_SET-GEHAEUSE","ALUMINIUM",NA,       239.751,  -647.082E-03,       193.807,      -141.136,  -9.36125E-03,   84.9226E-03,            2.
D:/MoVerHu_Projekt/FE_Modell/FE-Abaqus-Model/Job-19.odb,Step-163,Increment      6: Step Time =    1.000,"LAGERSITZ_NEU-1",         13010,             6,         12718,      -106.184,       39.4109,      -58.0603,"ASSEMBLY_LAGERSITZ_NEU-1_SET-GEHAEUSE","ALUMINIUM",NA,       240.321,  -603.395E-03,       194.227,      -141.526,  -24.1550E-03,   84.7669E-03,            2.
D:/MoVerHu_Projekt/FE_Modell/FE-Abaqus-Model/Job-19.odb,Step-163,Increment      6: Step Time =    1.000,"LAGERSITZ_NEU-1",         13015,             6,         12718,      -106.184,       39.4109,      -58.0603,"ASSEMBLY_LAGERSITZ_NEU-1_SET-GEHAEUSE","ALUMINIUM",NA,       240.321,  -603.395E-03,       194.227,      -141.526,  -24.1550E-03,   84.7669E-03,            2.
D:/MoVerHu_Projekt/FE_Modell/FE-Abaqus-Model/Job-19.odb,Step-163,Increment      6: Step Time =    1.000,"LAGERSITZ_NEU-1",         13009,             6,         12718,      -106.184,       39.4109,      -58.0603,"ASSEMBLY_LAGERSITZ_NEU-1_SET-GEHAEUSE","ALUMINIUM",NA,       240.321,  -603.395E-03,       194.227,      -141.526,  -24.1550E-03,   84.7669E-03,            2.
D:/MoVerHu_Projekt/FE_Modell/FE-Abaqus-Model/Job-19.odb,Step-163,Increment      6: Step Time =    1.000,"LAGERSITZ_NEU-1",         13014,             6,         12718,      -106.184,       39.4109,      -58.0603,"ASSEMBLY_LAGERSITZ_NEU-1_SET-GEHAEUSE","ALUMINIUM",NA,       240.321,  -603.395E-03,       194.227,      -141.526,  -24.1550E-03,   84.7669E-03,            2.
D:/MoVerHu_Projekt/FE_Modell/FE-Abaqus-Model/Job-19.odb,Step-163,Increment      6: Step Time =    1.000,"LAGERSITZ_NEU-1",         13010,             6,         12719,      -103.184,       39.4109,      -58.0603,"ASSEMBLY_LAGERSITZ_NEU-1_SET-GEHAEUSE","ALUMINIUM",NA,       187.476,  -430.739E-03,       151.673,      -110.193,  -38.3656E-03,   74.0512E-03,            2.
D:/MoVerHu_Projekt/FE_Modell/FE-Abaqus-Model/Job-19.odb,Step-163,Increment      6: Step Time =    1.000,"LAGERSITZ_NEU-1",         13015,             6,         12719,      -103.184,       39.4109,      -58.0603,"ASSEMBLY_LAGERSITZ_NEU-1_SET-GEHAEUSE","ALUMINIUM",NA,       187.476,  -430.739E-03,       151.673,      -110.193,  -38.3656E-03,   74.0512E-03,            2.
D:/MoVerHu_Projekt/FE_Modell/FE-Abaqus-Model/Job-19.odb,Step-163,Increment      6: Step Time =    1.000,"LAGERSITZ_NEU-1",         13011,             6,         12719,      -103.184,       39.4109,      -58.0603,"ASSEMBLY_LAGERSITZ_NEU-1_SET-GEHAEUSE","ALUMINIUM",NA,       187.476,  -430.739E-03,       151.673,      -110.193,  -38.3656E-03,   74.0512E-03,            2.
D:/MoVerHu_Projekt/FE_Modell/FE-Abaqus-Model/Job-19.odb,Step-163,Increment      6: Step Time =    1.000,"LAGERSITZ_NEU-1",         13016,             6,         12719,      -103.184,       39.4109,      -58.0603,"ASSEMBLY_LAGERSITZ_NEU-1_SET-GEHAEUSE","ALUMINIUM",NA,       187.476,  -430.739E-03,       151.673,      -110.193,  -38.3656E-03,   74.0512E-03,            2.
D:/MoVerHu_Projekt/FE_Modell/FE-Abaqus-Model/Job-19.odb,Step-163,Increment      6: Step Time =    1.000,"LAGERSITZ_NEU-1",         13011,             6,         12720,      -100.184,       39.4109,      -58.0603,"ASSEMBLY_LAGERSITZ_NEU-1_SET-GEHAEUSE","ALUMINIUM",NA,       80.0629,  -174.675E-03,       65.0501,      -46.6746,  -43.7457E-03,   53.5936E-03,            2.
D:/MoVerHu_Projekt/FE_Modell/FE-Abaqus-Model/Job-19.odb,Step-163,Increment      6: Step Time =    1.000,"LAGERSITZ_NEU-1",         13012,             6,         12720,      -100.184,       39.4109,      -58.0603,"ASSEMBLY_LAGERSITZ_NEU-1_SET-GEHAEUSE","ALUMINIUM",NA,       80.0629,  -174.675E-03,       65.0501,      -46.6746,  -43.7457E-03,   53.5936E-03,            2.
D:/MoVerHu_Projekt/FE_Modell/FE-Abaqus-Model/Job-19.odb,Step-163,Increment      6: Step Time =    1.000,"LAGERSITZ_NEU-1",         13016,             6,         12720,      -100.184,       39.4109,      -58.0603,"ASSEMBLY_LAGERSITZ_NEU-1_SET-GEHAEUSE","ALUMINIUM",NA,       80.0629,  -174.675E-03,       65.0501,      -46.6746,  -43.7457E-03,   53.5936E-03,            2.
D:/MoVerHu_Projekt/FE_Modell/FE-Abaqus-Model/Job-19.odb,Step-163,Increment      6: Step Time =    1.000,"LAGERSITZ_NEU-1",         13017,             6,         12720,      -100.184,       39.4109,      -58.0603,"ASSEMBLY_LAGERSITZ_NEU-1_SET-GEHAEUSE","ALUMINIUM",NA,       80.0629,  -174.675E-03,       65.0501,      -46.6746,  -43.7457E-03,   53.5936E-03,            2.
D:/MoVerHu_Projekt/FE_Modell/FE-Abaqus-Model/Job-19.odb,Step-163,Increment      6: Step Time =    1.000,"LAGERSITZ_NEU-1",         13019,             6,         12721,      -109.184,       41.1594,      -55.5309,"ASSEMBLY_LAGERSITZ_NEU-1_SET-GEHAEUSE","ALUMINIUM",NA,       458.850,      -1.30519,       384.706,      -250.086,  -1.00228E-03,   4.37589E-03,            2.
D:/MoVerHu_Projekt/FE_Modell/FE-Abaqus-Model/Job-19.odb,Step-163,Increment      6: Step Time =    1.000,"LAGERSITZ_NEU-1",         13013,             6,         12721,      -109.184,       41.1594,      -55.5309,"ASSEMBLY_LAGERSITZ_NEU-1_SET-GEHAEUSE","ALUMINIUM",NA,       458.850,      -1.30519,       384.706,      -250.086,  -1.00228E-03,   4.37589E-03,            2.
D:/MoVerHu_Projekt/FE_Modell/FE-Abaqus-Model/Job-19.odb,Step-163,Increment      6: Step Time =    1.000,"LAGERSITZ_NEU-1",         13014,             6,         12721,      -109.184,       41.1594,      -55.5309,"ASSEMBLY_LAGERSITZ_NEU-1_SET-GEHAEUSE","ALUMINIUM",NA,       458.850,      -1.30519,       384.706,      -250.086,  -1.00228E-03,   4.37589E-03,            2.
D:/MoVerHu_Projekt/FE_Modell/FE-Abaqus-Model/Job-19.odb,Step-163,Increment      6: Step Time =    1.000,"LAGERSITZ_NEU-1",         13018,             6,         12721,      -109.184,       41.1594,      -55.5309,"ASSEMBLY_LAGERSITZ_NEU-1_SET-GEHAEUSE","ALUMINIUM",NA,       458.850,      -1.30519,       384.706,      -250.086,  -1.00228E-03,   4.37589E-03,            2.
D:/MoVerHu_Projekt/FE_Modell/FE-Abaqus-Model/Job-19.odb,Step-163,Increment      6: Step Time =    1.000,"LAGERSITZ_NEU-1",         13014,             6,         12722,      -106.184,       41.1594,      -55.5309,"ASSEMBLY_LAGERSITZ_NEU-1_SET-GEHAEUSE","ALUMINIUM",NA,       454.738,      -1.20615,       381.218,      -247.907,  -2.03189E-03,   4.25170E-03,            2.
D:/MoVerHu_Projekt/FE_Modell/FE-Abaqus-Model/Job-19.odb,Step-163,Increment      6: Step Time =    1.000,"LAGERSITZ_NEU-1",         13015,             6,         12722,      -106.184,       41.1594,      -55.5309,"ASSEMBLY_LAGERSITZ_NEU-1_SET-GEHAEUSE","ALUMINIUM",NA,       454.738,      -1.20615,       381.218,      -247.907,  -2.03189E-03,   4.25170E-03,            2.
D:/MoVerHu_Projekt/FE_Modell/FE-Abaqus-Model/Job-19.odb,Step-163,Increment      6: Step Time =    1.000,"LAGERSITZ_NEU-1",         13020,             6,         12722,      -106.184,       41.1594,      -55.5309,"ASSEMBLY_LAGERSITZ_NEU-1_SET-GEHAEUSE","ALUMINIUM",NA,       454.738,      -1.20615,       381.218,      -247.907,  -2.03189E-03,   4.25170E-03,            2.
D:/MoVerHu_Projekt/FE_Modell/FE-Abaqus-Model/Job-19.odb,Step-163,Increment      6: Step Time =    1.000,"LAGERSITZ_NEU-1",         13019,             6,         12722,      -106.184,       41.1594,      -55.5309,"ASSEMBLY_LAGERSITZ_NEU-1_SET-GEHAEUSE","ALUMINIUM",NA,       454.738,      -1.20615,       381.218,      -247.907,  -2.03189E-03,   4.25170E-03,            2.
D:/MoVerHu_Projekt/FE_Modell/FE-Abaqus-Model/Job-19.odb,Step-163,Increment      6: Step Time =    1.000,"LAGERSITZ_NEU-1",         13020,             6,         12723,      -103.184,       41.1594,      -55.5309,"ASSEMBLY_LAGERSITZ_NEU-1_SET-GEHAEUSE","ALUMINIUM",NA,       412.771,      -1.00749,       346.076,      -224.966,  -3.02700E-03,   4.47029E-03,            2.
D:/MoVerHu_Projekt/FE_Modell/FE-Abaqus-Model/Job-19.odb,Step-163,Increment      6: Step Time =    1.000,"LAGERSITZ_NEU-1",         13016,             6,         12723,      -103.184,       41.1594,      -55.5309,"ASSEMBLY_LAGERSITZ_NEU-1_SET-GEHAEUSE","ALUMINIUM",NA,       412.771,      -1.00749,       346.076,      -224.966,  -3.02700E-03,   4.47029E-03,            2.
D:/MoVerHu_Projekt/FE_Modell/FE-Abaqus-Model/Job-19.odb,Step-163,Increment      6: Step Time =    1.000,"LAGERSITZ_NEU-1",         13015,             6,         12723,      -103.184,       41.1594,      -55.5309,"ASSEMBLY_LAGERSITZ_NEU-1_SET-GEHAEUSE","ALUMINIUM",NA,       412.771,      -1.00749,       346.076,      -224.966,  -3.02700E-03,   4.47029E-03,            2.
D:/MoVerHu_Projekt/FE_Modell/FE-Abaqus-Model/Job-19.odb,Step-163,Increment      6: Step Time =    1.000,"LAGERSITZ_NEU-1",         13021,             6,         12723,      -103.184,       41.1594,      -55.5309,"ASSEMBLY_LAGERSITZ_NEU-1_SET-GEHAEUSE","ALUMINIUM",NA,       412.771,      -1.00749,       346.076,      -224.966,  -3.02700E-03,   4.47029E-03,            2.
D:/MoVerHu_Projekt/FE_Modell/FE-Abaqus-Model/Job-19.odb,Step-163,Increment      6: Step Time =    1.000,"LAGERSITZ_NEU-1",         13022,             6,         12724,      -100.184,       41.1594,      -55.5309,"ASSEMBLY_LAGERSITZ_NEU-1_SET-GEHAEUSE","ALUMINIUM",NA,       273.712,  -617.647E-03,       229.503,      -149.151,  -4.24275E-03,   5.21998E-03,            2.
D:/MoVerHu_Projekt/FE_Modell/FE-Abaqus-Model/Job-19.odb,Step-163,Increment      6: Step Time =    1.000,"LAGERSITZ_NEU-1",         13017,             6,         12724,      -100.184,       41.1594,      -55.5309,"ASSEMBLY_LAGERSITZ_NEU-1_SET-GEHAEUSE","ALUMINIUM",NA,       273.712,  -617.647E-03,       229.503,      -149.151,  -4.24275E-03,   5.21998E-03,            2.
D:/MoVerHu_Projekt/FE_Modell/FE-Abaqus-Model/Job-19.odb,Step-163,Increment      6: Step Time =    1.000,"LAGERSITZ_NEU-1",         13021,             6,         12724,      -100.184,       41.1594,      -55.5309,"ASSEMBLY_LAGERSITZ_NEU-1_SET-GEHAEUSE","ALUMINIUM",NA,       273.712,  -617.647E-03,       229.503,      -149.151,  -4.24275E-03,   5.21998E-03,            2.
D:/MoVerHu_Projekt/FE_Modell/FE-Abaqus-Model/Job-19.odb,Step-163,Increment      6: Step Time =    1.000,"LAGERSITZ_NEU-1",         13016,             6,         12724,      -100.184,       41.1594,      -55.5309,"ASSEMBLY_LAGERSITZ_NEU-1_SET-GEHAEUSE","ALUMINIUM",NA,       273.712,  -617.647E-03,       229.503,      -149.151,  -4.24275E-03,   5.21998E-03,            2.
D:/MoVerHu_Projekt/FE_Modell/FE-Abaqus-Model/Job-19.odb,Step-163,Increment      6: Step Time =    1.000,"LAGERSITZ_NEU-1",         13019,             6,         12725,      -109.184,       42.7638,      -52.9077,"ASSEMBLY_LAGERSITZ_NEU-1_SET-GEHAEUSE","ALUMINIUM",NA,       417.326,      -1.23766,       361.470,      -208.565,   3.21636E-03,   8.16687E-03,            2.
D:/MoVerHu_Projekt/FE_Modell/FE-Abaqus-Model/Job-19.odb,Step-163,Increment      6: Step Time =    1.000,"LAGERSITZ_NEU-1",         13023,             6,         12725,      -109.184,       42.7638,      -52.9077,"ASSEMBLY_LAGERSITZ_NEU-1_SET-GEHAEUSE","ALUMINIUM",NA,       417.326,      -1.23766,       361.470,      -208.565,   3.21636E-03,   8.16687E-03,            2.
D:/MoVerHu_Projekt/FE_Modell/FE-Abaqus-Model/Job-19.odb,Step-163,Increment      6: Step Time =    1.000,"LAGERSITZ_NEU-1",         13024,             6,         12725,      -109.184,       42.7638,      -52.9077,"ASSEMBLY_LAGERSITZ_NEU-1_SET-GEHAEUSE","ALUMINIUM",NA,       417.326,      -1.23766,       361.470,      -208.565,   3.21636E-03,   8.16687E-03,            2.
D:/MoVerHu_Projekt/FE_Modell/FE-Abaqus-Model/Job-19.odb,Step-163,Increment      6: Step Time =    1.000,"LAGERSITZ_NEU-1",         13018,             6,         12725,      -109.184,       42.7638,      -52.9077,"ASSEMBLY_LAGERSITZ_NEU-1_SET-GEHAEUSE","ALUMINIUM",NA,       417.326,      -1.23766,       361.470,      -208.565,   3.21636E-03,   8.16687E-03,            2.
D:/MoVerHu_Projekt/FE_Modell/FE-Abaqus-Model/Job-19.odb,Step-163,Increment      6: Step Time =    1.000,"LAGERSITZ_NEU-1",         13024,             6,         12726,      -106.184,       42.7638,      -52.9077,"ASSEMBLY_LAGERSITZ_NEU-1_SET-GEHAEUSE","ALUMINIUM",NA,       409.907,      -1.13030,       355.021,      -204.897,   2.01058E-03,   7.98526E-03,            2.
D:/MoVerHu_Projekt/FE_Modell/FE-Abaqus-Model/Job-19.odb,Step-163,Increment      6: Step Time =    1.000,"LAGERSITZ_NEU-1",         13025,             6,         12726,      -106.184,       42.7638,      -52.9077,"ASSEMBLY_LAGERSITZ_NEU-1_SET-GEHAEUSE","ALUMINIUM",NA,       409.907,      -1.13030,       355.021,      -204.897,   2.01058E-03,   7.98526E-03,            2.
D:/MoVerHu_Projekt/FE_Modell/FE-Abaqus-Model/Job-19.odb,Step-163,Increment      6: Step Time =    1.000,"LAGERSITZ_NEU-1",         13020,             6,         12726,      -106.184,       42.7638,      -52.9077,"ASSEMBLY_LAGERSITZ_NEU-1_SET-GEHAEUSE","ALUMINIUM",NA,       409.907,      -1.13030,       355.021,      -204.897,   2.01058E-03,   7.98526E-03,            2.
D:/MoVerHu_Projekt/FE_Modell/FE-Abaqus-Model/Job-19.odb,Step-163,Increment      6: Step Time =    1.000,"LAGERSITZ_NEU-1",         13019,             6,         12726,      -106.184,       42.7638,      -52.9077,"ASSEMBLY_LAGERSITZ_NEU-1_SET-GEHAEUSE","ALUMINIUM",NA,       409.907,      -1.13030,       355.021,      -204.897,   2.01058E-03,   7.98526E-03,            2.
D:/MoVerHu_Projekt/FE_Modell/FE-Abaqus-Model/Job-19.odb,Step-163,Increment      6: Step Time =    1.000,"LAGERSITZ_NEU-1",         13021,             6,         12727,      -103.184,       42.7638,      -52.9077,"ASSEMBLY_LAGERSITZ_NEU-1_SET-GEHAEUSE","ALUMINIUM",NA,       364.459,  -923.381E-03,       315.571,      -182.330,   836.017E-06,   8.27672E-03,            2.
D:/MoVerHu_Projekt/FE_Modell/FE-Abaqus-Model/Job-19.odb,Step-163,Increment      6: Step Time =    1.000,"LAGERSITZ_NEU-1",         13025,             6,         12727,      -103.184,       42.7638,      -52.9077,"ASSEMBLY_LAGERSITZ_NEU-1_SET-GEHAEUSE","ALUMINIUM",NA,       364.459,  -923.381E-03,       315.571,      -182.330,   836.017E-06,   8.27672E-03,            2.
D:/MoVerHu_Projekt/FE_Modell/FE-Abaqus-Model/Job-19.odb,Step-163,Increment      6: Step Time =    1.000,"LAGERSITZ_NEU-1",         13026,             6,         12727,      -103.184,       42.7638,      -52.9077,"ASSEMBLY_LAGERSITZ_NEU-1_SET-GEHAEUSE","ALUMINIUM",NA,       364.459,  -923.381E-03,       315.571,      -182.330,   836.017E-06,   8.27672E-03,            2.
D:/MoVerHu_Projekt/FE_Modell/FE-Abaqus-Model/Job-19.odb,Step-163,Increment      6: Step Time =    1.000,"LAGERSITZ_NEU-1",         13020,             6,         12727,      -103.184,       42.7638,      -52.9077,"ASSEMBLY_LAGERSITZ_NEU-1_SET-GEHAEUSE","ALUMINIUM",NA,       364.459,  -923.381E-03,       315.571,      -182.330,   836.017E-06,   8.27672E-03,            2.
D:/MoVerHu_Projekt/FE_Modell/FE-Abaqus-Model/Job-19.odb,Step-163,Increment      6: Step Time =    1.000,"LAGERSITZ_NEU-1",         13022,             6,         12728,      -100.184,       42.7638,      -52.9077,"ASSEMBLY_LAGERSITZ_NEU-1_SET-GEHAEUSE","ALUMINIUM",NA,       208.679,  -487.489E-03,       180.522,      -104.682,  -2.85333E-03,   4.23118E-03,            2.
D:/MoVerHu_Projekt/FE_Modell/FE-Abaqus-Model/Job-19.odb,Step-163,Increment      6: Step Time =    1.000,"LAGERSITZ_NEU-1",         13021,             6,         12728,      -100.184,       42.7638,      -52.9077,"ASSEMBLY_LAGERSITZ_NEU-1_SET-GEHAEUSE","ALUMINIUM",NA,       208.679,  -487.489E-03,       180.522,      -104.682,  -2.85333E-03,   4.23118E-03,            2.
D:/MoVerHu_Projekt/FE_Modell/FE-Abaqus-Model/Job-19.odb,Step-163,Increment      6: Step Time =    1.000,"LAGERSITZ_NEU-1",         13026,             6,         12728,      -100.184,       42.7638,      -52.9077,"ASSEMBLY_LAGERSITZ_NEU-1_SET-GEHAEUSE","ALUMINIUM",NA,       208.679,  -487.489E-03,       180.522,      -104.682,  -2.85333E-03,   4.23118E-03,            2.
D:/MoVerHu_Projekt/FE_Modell/FE-Abaqus-Model/Job-19.odb,Step-163,Increment      6: Step Time =    1.000,"LAGERSITZ_NEU-1",         13027,             6,         12728,      -100.184,       42.7638,      -52.9077,"ASSEMBLY_LAGERSITZ_NEU-1_SET-GEHAEUSE","ALUMINIUM",NA,       208.679,  -487.489E-03,       180.522,      -104.682,  -2.85333E-03,   4.23118E-03,            2.
D:/MoVerHu_Projekt/FE_Modell/FE-Abaqus-Model/Job-19.odb,Step-163,Increment      6: Step Time =    1.000,"LAGERSITZ_NEU-1",         13029,             6,         12729,      -109.184,       44.2190,      -50.1990,"ASSEMBLY_LAGERSITZ_NEU-1_SET-GEHAEUSE","ALUMINIUM",NA,       327.237,      -1.00799,       292.318,      -147.084,   59.5212E-03,   47.6384E-03,            2.
D:/MoVerHu_Projekt/FE_Modell/FE-Abaqus-Model/Job-19.odb,Step-163,Increment      6: Step Time =    1.000,"LAGERSITZ_NEU-1",         13028,             6,         12729,      -109.184,       44.2190,      -50.1990,"ASSEMBLY_LAGERSITZ_NEU-1_SET-GEHAEUSE","ALUMINIUM",NA,       327.237,      -1.00799,       292.318,      -147.084,   59.5212E-03,   47.6384E-03,            2.
D:/MoVerHu_Projekt/FE_Modell/FE-Abaqus-Model/Job-19.odb,Step-163,Increment      6: Step Time =    1.000,"LAGERSITZ_NEU-1",         13023,             6,         12729,      -109.184,       44.2190,      -50.1990,"ASSEMBLY_LAGERSITZ_NEU-1_SET-GEHAEUSE","ALUMINIUM",NA,       327.237,      -1.00799,       292.318,      -147.084,   59.5212E-03,   47.6384E-03,            2.
D:/MoVerHu_Projekt/FE_Modell/FE-Abaqus-Model/Job-19.odb,Step-163,Increment      6: Step Time =    1.000,"LAGERSITZ_NEU-1",         13024,             6,         12729,      -109.184,       44.2190,      -50.1990,"ASSEMBLY_LAGERSITZ_NEU-1_SET-GEHAEUSE","ALUMINIUM",NA,       327.237,      -1.00799,       292.318,      -147.084,   59.5212E-03,   47.6384E-03,            2.
D:/MoVerHu_Projekt/FE_Modell/FE-Abaqus-Model/Job-19.odb,Step-163,Increment      6: Step Time =    1.000,"LAGERSITZ_NEU-1",         13030,             6,         12730,      -106.184,       44.2190,      -50.1990,"ASSEMBLY_LAGERSITZ_NEU-1_SET-GEHAEUSE","ALUMINIUM",NA,       321.714,  -922.400E-03,       287.375,      -144.619,   47.6346E-03,   47.4458E-03,            2.
D:/MoVerHu_Projekt/FE_Modell/FE-Abaqus-Model/Job-19.odb,Step-163,Increment      6: Step Time =    1.000,"LAGERSITZ_NEU-1",         13024,             6,         12730,      -106.184,       44.2190,      -50.1990,"ASSEMBLY_LAGERSITZ_NEU-1_SET-GEHAEUSE","ALUMINIUM",NA,       321.714,  -922.400E-03,       287.375,      -144.619,   47.6346E-03,   47.4458E-03,            2.
D:/MoVerHu_Projekt/FE_Modell/FE-Abaqus-Model/Job-19.odb,Step-163,Increment      6: Step Time =    1.000,"LAGERSITZ_NEU-1",         13025,             6,         12730,      -106.184,       44.2190,      -50.1990,"ASSEMBLY_LAGERSITZ_NEU-1_SET-GEHAEUSE","ALUMINIUM",NA,       321.714,  -922.400E-03,       287.375,      -144.619,   47.6346E-03,   47.4458E-03,            2.
D:/MoVerHu_Projekt/FE_Modell/FE-Abaqus-Model/Job-19.odb,Step-163,Increment      6: Step Time =    1.000,"LAGERSITZ_NEU-1",         13029,             6,         12730,      -106.184,       44.2190,      -50.1990,"ASSEMBLY_LAGERSITZ_NEU-1_SET-GEHAEUSE","ALUMINIUM",NA,       321.714,  -922.400E-03,       287.375,      -144.619,   47.6346E-03,   47.4458E-03,            2.
D:/MoVerHu_Projekt/FE_Modell/FE-Abaqus-Model/Job-19.odb,Step-163,Increment      6: Step Time =    1.000,"LAGERSITZ_NEU-1",         13030,             6,         12731,      -103.184,       44.2190,      -50.1990,"ASSEMBLY_LAGERSITZ_NEU-1_SET-GEHAEUSE","ALUMINIUM",NA,       264.641,  -692.727E-03,       236.353,      -119.045,   33.4609E-03,   47.5883E-03,            2.
D:/MoVerHu_Projekt/FE_Modell/FE-Abaqus-Model/Job-19.odb,Step-163,Increment      6: Step Time =    1.000,"LAGERSITZ_NEU-1",         13031,             6,         12731,      -103.184,       44.2190,      -50.1990,"ASSEMBLY_LAGERSITZ_NEU-1_SET-GEHAEUSE","ALUMINIUM",NA,       264.641,  -692.727E-03,       236.353,      -119.045,   33.4609E-03,   47.5883E-03,            2.
D:/MoVerHu_Projekt/FE_Modell/FE-Abaqus-Model/Job-19.odb,Step-163,Increment      6: Step Time =    1.000,"LAGERSITZ_NEU-1",         13026,             6,         12731,      -103.184,       44.2190,      -50.1990,"ASSEMBLY_LAGERSITZ_NEU-1_SET-GEHAEUSE","ALUMINIUM",NA,       264.641,  -692.727E-03,       236.353,      -119.045,   33.4609E-03,   47.5883E-03,            2.
D:/MoVerHu_Projekt/FE_Modell/FE-Abaqus-Model/Job-19.odb,Step-163,Increment      6: Step Time =    1.000,"LAGERSITZ_NEU-1",         13025,             6,         12731,      -103.184,       44.2190,      -50.1990,"ASSEMBLY_LAGERSITZ_NEU-1_SET-GEHAEUSE","ALUMINIUM",NA,       264.641,  -692.727E-03,       236.353,      -119.045,   33.4609E-03,   47.5883E-03,            2.
D:/MoVerHu_Projekt/FE_Modell/FE-Abaqus-Model/Job-19.odb,Step-163,Increment      6: Step Time =    1.000,"LAGERSITZ_NEU-1",         13032,             6,         12732,      -100.184,       44.2190,      -50.1990,"ASSEMBLY_LAGERSITZ_NEU-1_SET-GEHAEUSE","ALUMINIUM",NA,       121.891,  -297.194E-03,       108.809,      -54.9355,   11.9913E-03,   50.4161E-03,            2.
D:/MoVerHu_Projekt/FE_Modell/FE-Abaqus-Model/Job-19.odb,Step-163,Increment      6: Step Time =    1.000,"LAGERSITZ_NEU-1",         13027,             6,         12732,      -100.184,       44.2190,      -50.1990,"ASSEMBLY_LAGERSITZ_NEU-1_SET-GEHAEUSE","ALUMINIUM",NA,       121.891,  -297.194E-03,       108.809,      -54.9355,   11.9913E-03,   50.4161E-03,            2.
D:/MoVerHu_Projekt/FE_Modell/FE-Abaqus-Model/Job-19.odb,Step-163,Increment      6: Step Time =    1.000,"LAGERSITZ_NEU-1",         13026,             6,         12732,      -100.184,       44.2190,      -50.1990,"ASSEMBLY_LAGERSITZ_NEU-1_SET-GEHAEUSE","ALUMINIUM",NA,       121.891,  -297.194E-03,       108.809,      -54.9355,   11.9913E-03,   50.4161E-03,            2.
D:/MoVerHu_Projekt/FE_Modell/FE-Abaqus-Model/Job-19.odb,Step-163,Increment      6: Step Time =    1.000,"LAGERSITZ_NEU-1",         13031,             6,         12732,      -100.184,       44.2190,      -50.1990,"ASSEMBLY_LAGERSITZ_NEU-1_SET-GEHAEUSE","ALUMINIUM",NA,       121.891,  -297.194E-03,       108.809,      -54.9355,   11.9913E-03,   50.4161E-03,            2.
D:/MoVerHu_Projekt/FE_Modell/FE-Abaqus-Model/Job-19.odb,Step-163,Increment      6: Step Time =    1.000,"LAGERSITZ_NEU-1",         13029,             6,         12733,      -109.184,       45.5206,      -47.4132,"ASSEMBLY_LAGERSITZ_NEU-1_SET-GEHAEUSE","ALUMINIUM",NA,       370.035,      -1.17210,       339.549,      -147.075,   13.7090E-03,   12.1619E-03,            2.
D:/MoVerHu_Projekt/FE_Modell/FE-Abaqus-Model/Job-19.odb,Step-163,Increment      6: Step Time =    1.000,"LAGERSITZ_NEU-1",         13033,             6,         12733,      -109.184,       45.5206,      -47.4132,"ASSEMBLY_LAGERSITZ_NEU-1_SET-GEHAEUSE","ALUMINIUM",NA,       370.035,      -1.17210,       339.549,      -147.075,   13.7090E-03,   12.1619E-03,            2.
D:/MoVerHu_Projekt/FE_Modell/FE-Abaqus-Model/Job-19.odb,Step-163,Increment      6: Step Time =    1.000,"LAGERSITZ_NEU-1",         13034,             6,         12733,      -109.184,       45.5206,      -47.4132,"ASSEMBLY_LAGERSITZ_NEU-1_SET-GEHAEUSE","ALUMINIUM",NA,       370.035,      -1.17210,       339.549,      -147.075,   13.7090E-03,   12.1619E-03,            2.
D:/MoVerHu_Projekt/FE_Modell/FE-Abaqus-Model/Job-19.odb,Step-163,Increment      6: Step Time =    1.000,"LAGERSITZ_NEU-1",         13028,             6,         12733,      -109.184,       45.5206,      -47.4132,"ASSEMBLY_LAGERSITZ_NEU-1_SET-GEHAEUSE","ALUMINIUM",NA,       370.035,      -1.17210,       339.549,      -147.075,   13.7090E-03,   12.1619E-03,            2.
D:/MoVerHu_Projekt/FE_Modell/FE-Abaqus-Model/Job-19.odb,Step-163,Increment      6: Step Time =    1.000,"LAGERSITZ_NEU-1",         13034,             6,         12734,      -106.184,       45.5206,      -47.4132,"ASSEMBLY_LAGERSITZ_NEU-1_SET-GEHAEUSE","ALUMINIUM",NA,       362.204,      -1.06256,       332.354,      -143.985,   11.9182E-03,   12.1671E-03,            2.
D:/MoVerHu_Projekt/FE_Modell/FE-Abaqus-Model/Job-19.odb,Step-163,Increment      6: Step Time =    1.000,"LAGERSITZ_NEU-1",         13035,             6,         12734,      -106.184,       45.5206,      -47.4132,"ASSEMBLY_LAGERSITZ_NEU-1_SET-GEHAEUSE","ALUMINIUM",NA,       362.204,      -1.06256,       332.354,      -143.985,   11.9182E-03,   12.1671E-03,            2.
D:/MoVerHu_Projekt/FE_Modell/FE-Abaqus-Model/Job-19.odb,Step-163,Increment      6: Step Time =    1.000,"LAGERSITZ_NEU-1",         13029,             6,         12734,      -106.184,       45.5206,      -47.4132,"ASSEMBLY_LAGERSITZ_NEU-1_SET-GEHAEUSE","ALUMINIUM",NA,       362.204,      -1.06256,       332.354,      -143.985,   11.9182E-03,   12.1671E-03,            2.
D:/MoVerHu_Projekt/FE_Modell/FE-Abaqus-Model/Job-19.odb,Step-163,Increment      6: Step Time =    1.000,"LAGERSITZ_NEU-1",         13030,             6,         12734,      -106.184,       45.5206,      -47.4132,"ASSEMBLY_LAGERSITZ_NEU-1_SET-GEHAEUSE","ALUMINIUM",NA,       362.204,      -1.06256,       332.354,      -143.985,   11.9182E-03,   12.1671E-03,            2.
D:/MoVerHu_Projekt/FE_Modell/FE-Abaqus-Model/Job-19.odb,Step-163,Increment      6: Step Time =    1.000,"LAGERSITZ_NEU-1",         13036,             6,         12735,      -103.184,       45.5206,      -47.4132,"ASSEMBLY_LAGERSITZ_NEU-1_SET-GEHAEUSE","ALUMINIUM",NA,       303.572,  -812.586E-03,       278.568,      -120.645,   10.1547E-03,   12.7337E-03,            2.
D:/MoVerHu_Projekt/FE_Modell/FE-Abaqus-Model/Job-19.odb,Step-163,Increment      6: Step Time =    1.000,"LAGERSITZ_NEU-1",         13031,             6,         12735,      -103.184,       45.5206,      -47.4132,"ASSEMBLY_LAGERSITZ_NEU-1_SET-GEHAEUSE","ALUMINIUM",NA,       303.572,  -812.586E-03,       278.568,      -120.645,   10.1547E-03,   12.7337E-03,            2.
D:/MoVerHu_Projekt/FE_Modell/FE-Abaqus-Model/Job-19.odb,Step-163,Increment      6: Step Time =    1.000,"LAGERSITZ_NEU-1",         13030,             6,         12735,      -103.184,       45.5206,      -47.4132,"ASSEMBLY_LAGERSITZ_NEU-1_SET-GEHAEUSE","ALUMINIUM",NA,       303.572,  -812.586E-03,       278.568,      -120.645,   10.1547E-03,   12.7337E-03,            2.
D:/MoVerHu_Projekt/FE_Modell/FE-Abaqus-Model/Job-19.odb,Step-163,Increment      6: Step Time =    1.000,"LAGERSITZ_NEU-1",         13035,             6,         12735,      -103.184,       45.5206,      -47.4132,"ASSEMBLY_LAGERSITZ_NEU-1_SET-GEHAEUSE","ALUMINIUM",NA,       303.572,  -812.586E-03,       278.568,      -120.645,   10.1547E-03,   12.7337E-03,            2.
D:/MoVerHu_Projekt/FE_Modell/FE-Abaqus-Model/Job-19.odb,Step-163,Increment      6: Step Time =    1.000,"LAGERSITZ_NEU-1",         13032,             6,         12736,      -100.184,       45.5206,      -47.4132,"ASSEMBLY_LAGERSITZ_NEU-1_SET-GEHAEUSE","ALUMINIUM",NA,       144.718,  -358.003E-03,       132.826,      -57.4495,   8.12082E-03,   14.0902E-03,            2.
D:/MoVerHu_Projekt/FE_Modell/FE-Abaqus-Model/Job-19.odb,Step-163,Increment      6: Step Time =    1.000,"LAGERSITZ_NEU-1",         13037,             6,         12736,      -100.184,       45.5206,      -47.4132,"ASSEMBLY_LAGERSITZ_NEU-1_SET-GEHAEUSE","ALUMINIUM",NA,       144.718,  -358.003E-03,       132.826,      -57.4495,   8.12082E-03,   14.0902E-03,            2.
D:/MoVerHu_Projekt/FE_Modell/FE-Abaqus-Model/Job-19.odb,Step-163,Increment      6: Step Time =    1.000,"LAGERSITZ_NEU-1",         13031,             6,         12736,      -100.184,       45.5206,      -47.4132,"ASSEMBLY_LAGERSITZ_NEU-1_SET-GEHAEUSE","ALUMINIUM",NA,       144.718,  -358.003E-03,       132.826,      -57.4495,   8.12082E-03,   14.0902E-03,            2.
D:/MoVerHu_Projekt/FE_Modell/FE-Abaqus-Model/Job-19.odb,Step-163,Increment      6: Step Time =    1.000,"LAGERSITZ_NEU-1",         13036,             6,         12736,      -100.184,       45.5206,      -47.4132,"ASSEMBLY_LAGERSITZ_NEU-1_SET-GEHAEUSE","ALUMINIUM",NA,       144.718,  -358.003E-03,       132.826,      -57.4495,   8.12082E-03,   14.0902E-03,            2.
D:/MoVerHu_Projekt/FE_Modell/FE-Abaqus-Model/Job-19.odb,Step-163,Increment      6: Step Time =    1.000,"LAGERSITZ_NEU-1",         13039,             6,         12737,      -109.184,       46.6645,      -44.5590,"ASSEMBLY_LAGERSITZ_NEU-1_SET-GEHAEUSE","ALUMINIUM",NA,       399.652,      -1.28980,       374.925,      -138.391,   14.5978E-03,   10.6627E-03,            2.
D:/MoVerHu_Projekt/FE_Modell/FE-Abaqus-Model/Job-19.odb,Step-163,Increment      6: Step Time =    1.000,"LAGERSITZ_NEU-1",         13034,             6,         12737,      -109.184,       46.6645,      -44.5590,"ASSEMBLY_LAGERSITZ_NEU-1_SET-GEHAEUSE","ALUMINIUM",NA,       399.652,      -1.28980,       374.925,      -138.391,   14.5978E-03,   10.6627E-03,            2.
D:/MoVerHu_Projekt/FE_Modell/FE-Abaqus-Model/Job-19.odb,Step-163,Increment      6: Step Time =    1.000,"LAGERSITZ_NEU-1",         13033,             6,         12737,      -109.184,       46.6645,      -44.5590,"ASSEMBLY_LAGERSITZ_NEU-1_SET-GEHAEUSE","ALUMINIUM",NA,       399.652,      -1.28980,       374.925,      -138.391,   14.5978E-03,   10.6627E-03,            2.
D:/MoVerHu_Projekt/FE_Modell/FE-Abaqus-Model/Job-19.odb,Step-163,Increment      6: Step Time =    1.000,"LAGERSITZ_NEU-1",         13038,             6,         12737,      -109.184,       46.6645,      -44.5590,"ASSEMBLY_LAGERSITZ_NEU-1_SET-GEHAEUSE","ALUMINIUM",NA,       399.652,      -1.28980,       374.925,      -138.391,   14.5978E-03,   10.6627E-03,            2.
D:/MoVerHu_Projekt/FE_Modell/FE-Abaqus-Model/Job-19.odb,Step-163,Increment      6: Step Time =    1.000,"LAGERSITZ_NEU-1",         13039,             6,         12738,      -106.184,       46.6645,      -44.5590,"ASSEMBLY_LAGERSITZ_NEU-1_SET-GEHAEUSE","ALUMINIUM",NA,       390.575,      -1.16633,       366.405,      -135.260,   10.8652E-03,   9.08748E-03,            2.
D:/MoVerHu_Projekt/FE_Modell/FE-Abaqus-Model/Job-19.odb,Step-163,Increment      6: Step Time =    1.000,"LAGERSITZ_NEU-1",         13040,             6,         12738,      -106.184,       46.6645,      -44.5590,"ASSEMBLY_LAGERSITZ_NEU-1_SET-GEHAEUSE","ALUMINIUM",NA,       390.575,      -1.16633,       366.405,      -135.260,   10.8652E-03,   9.08748E-03,            2.
D:/MoVerHu_Projekt/FE_Modell/FE-Abaqus-Model/Job-19.odb,Step-163,Increment      6: Step Time =    1.000,"LAGERSITZ_NEU-1",         13034,             6,         12738,      -106.184,       46.6645,      -44.5590,"ASSEMBLY_LAGERSITZ_NEU-1_SET-GEHAEUSE","ALUMINIUM",NA,       390.575,      -1.16633,       366.405,      -135.260,   10.8652E-03,   9.08748E-03,            2.
D:/MoVerHu_Projekt/FE_Modell/FE-Abaqus-Model/Job-19.odb,Step-163,Increment      6: Step Time =    1.000,"LAGERSITZ_NEU-1",         13035,             6,         12738,      -106.184,       46.6645,      -44.5590,"ASSEMBLY_LAGERSITZ_NEU-1_SET-GEHAEUSE","ALUMINIUM",NA,       390.575,      -1.16633,       366.405,      -135.260,   10.8652E-03,   9.08748E-03,            2.
D:/MoVerHu_Projekt/FE_Modell/FE-Abaqus-Model/Job-19.odb,Step-163,Increment      6: Step Time =    1.000,"LAGERSITZ_NEU-1",         13041,             6,         12739,      -103.184,       46.6645,      -44.5590,"ASSEMBLY_LAGERSITZ_NEU-1_SET-GEHAEUSE","ALUMINIUM",NA,       327.122,  -891.299E-03,       306.856,      -113.347,   8.55255E-03,   8.56631E-03,            2.
D:/MoVerHu_Projekt/FE_Modell/FE-Abaqus-Model/Job-19.odb,Step-163,Increment      6: Step Time =    1.000,"LAGERSITZ_NEU-1",         13040,             6,         12739,      -103.184,       46.6645,      -44.5590,"ASSEMBLY_LAGERSITZ_NEU-1_SET-GEHAEUSE","ALUMINIUM",NA,       327.122,  -891.299E-03,       306.856,      -113.347,   8.55255E-03,   8.56631E-03,            2.
D:/MoVerHu_Projekt/FE_Modell/FE-Abaqus-Model/Job-19.odb,Step-163,Increment      6: Step Time =    1.000,"LAGERSITZ_NEU-1",         13036,             6,         12739,      -103.184,       46.6645,      -44.5590,"ASSEMBLY_LAGERSITZ_NEU-1_SET-GEHAEUSE","ALUMINIUM",NA,       327.122,  -891.299E-03,       306.856,      -113.347,   8.55255E-03,   8.56631E-03,            2.
D:/MoVerHu_Projekt/FE_Modell/FE-Abaqus-Model/Job-19.odb,Step-163,Increment      6: Step Time =    1.000,"LAGERSITZ_NEU-1",         13035,             6,         12739,      -103.184,       46.6645,      -44.5590,"ASSEMBLY_LAGERSITZ_NEU-1_SET-GEHAEUSE","ALUMINIUM",NA,       327.122,  -891.299E-03,       306.856,      -113.347,   8.55255E-03,   8.56631E-03,            2.
D:/MoVerHu_Projekt/FE_Modell/FE-Abaqus-Model/Job-19.odb,Step-163,Increment      6: Step Time =    1.000,"LAGERSITZ_NEU-1",         13041,             6,         12740,      -100.184,       46.6645,      -44.5590,"ASSEMBLY_LAGERSITZ_NEU-1_SET-GEHAEUSE","ALUMINIUM",NA,       162.299,  -402.248E-03,       152.230,      -56.2749,   1.94308E-03,   4.92564E-03,            2.
D:/MoVerHu_Projekt/FE_Modell/FE-Abaqus-Model/Job-19.odb,Step-163,Increment      6: Step Time =    1.000,"LAGERSITZ_NEU-1",         13042,             6,         12740,      -100.184,       46.6645,      -44.5590,"ASSEMBLY_LAGERSITZ_NEU-1_SET-GEHAEUSE","ALUMINIUM",NA,       162.299,  -402.248E-03,       152.230,      -56.2749,   1.94308E-03,   4.92564E-03,            2.
D:/MoVerHu_Projekt/FE_Modell/FE-Abaqus-Model/Job-19.odb,Step-163,Increment      6: Step Time =    1.000,"LAGERSITZ_NEU-1",         13037,             6,         12740,      -100.184,       46.6645,      -44.5590,"ASSEMBLY_LAGERSITZ_NEU-1_SET-GEHAEUSE","ALUMINIUM",NA,       162.299,  -402.248E-03,       152.230,      -56.2749,   1.94308E-03,   4.92564E-03,            2.
D:/MoVerHu_Projekt/FE_Modell/FE-Abaqus-Model/Job-19.odb,Step-163,Increment      6: Step Time =    1.000,"LAGERSITZ_NEU-1",         13036,             6,         12740,      -100.184,       46.6645,      -44.5590,"ASSEMBLY_LAGERSITZ_NEU-1_SET-GEHAEUSE","ALUMINIUM",NA,       162.299,  -402.248E-03,       152.230,      -56.2749,   1.94308E-03,   4.92564E-03,            2.
D:/MoVerHu_Projekt/FE_Modell/FE-Abaqus-Model/Job-19.odb,Step-163,Increment      6: Step Time =    1.000,"LAGERSITZ_NEU-1",         13044,             6,         12741,      -109.184,       47.6471,      -41.6453,"ASSEMBLY_LAGERSITZ_NEU-1_SET-GEHAEUSE","ALUMINIUM",NA,       378.461,      -1.23340,       361.801,      -111.046,   23.1292E-03,   12.6172E-03,            2.
D:/MoVerHu_Projekt/FE_Modell/FE-Abaqus-Model/Job-19.odb,Step-163,Increment      6: Step Time =    1.000,"LAGERSITZ_NEU-1",         13039,             6,         12741,      -109.184,       47.6471,      -41.6453,"ASSEMBLY_LAGERSITZ_NEU-1_SET-GEHAEUSE","ALUMINIUM",NA,       378.461,      -1.23340,       361.801,      -111.046,   23.1292E-03,   12.6172E-03,            2.
D:/MoVerHu_Projekt/FE_Modell/FE-Abaqus-Model/Job-19.odb,Step-163,Increment      6: Step Time =    1.000,"LAGERSITZ_NEU-1",         13038,             6,         12741,      -109.184,       47.6471,      -41.6453,"ASSEMBLY_LAGERSITZ_NEU-1_SET-GEHAEUSE","ALUMINIUM",NA,       378.461,      -1.23340,       361.801,      -111.046,   23.1292E-03,   12.6172E-03,            2.
D:/MoVerHu_Projekt/FE_Modell/FE-Abaqus-Model/Job-19.odb,Step-163,Increment      6: Step Time =    1.000,"LAGERSITZ_NEU-1",         13043,             6,         12741,      -109.184,       47.6471,      -41.6453,"ASSEMBLY_LAGERSITZ_NEU-1_SET-GEHAEUSE","ALUMINIUM",NA,       378.461,      -1.23340,       361.801,      -111.046,   23.1292E-03,   12.6172E-03,            2.
D:/MoVerHu_Projekt/FE_Modell/FE-Abaqus-Model/Job-19.odb,Step-163,Increment      6: Step Time =    1.000,"LAGERSITZ_NEU-1",         13039,             6,         12742,      -106.184,       47.6471,      -41.6453,"ASSEMBLY_LAGERSITZ_NEU-1_SET-GEHAEUSE","ALUMINIUM",NA,       368.428,      -1.11053,       352.201,      -108.134,   18.6898E-03,   11.7200E-03,            2.
D:/MoVerHu_Projekt/FE_Modell/FE-Abaqus-Model/Job-19.odb,Step-163,Increment      6: Step Time =    1.000,"LAGERSITZ_NEU-1",         13040,             6,         12742,      -106.184,       47.6471,      -41.6453,"ASSEMBLY_LAGERSITZ_NEU-1_SET-GEHAEUSE","ALUMINIUM",NA,       368.428,      -1.11053,       352.201,      -108.134,   18.6898E-03,   11.7200E-03,            2.
D:/MoVerHu_Projekt/FE_Modell/FE-Abaqus-Model/Job-19.odb,Step-163,Increment      6: Step Time =    1.000,"LAGERSITZ_NEU-1",         13044,             6,         12742,      -106.184,       47.6471,      -41.6453,"ASSEMBLY_LAGERSITZ_NEU-1_SET-GEHAEUSE","ALUMINIUM",NA,       368.428,      -1.11053,       352.201,      -108.134,   18.6898E-03,   11.7200E-03,            2.
D:/MoVerHu_Projekt/FE_Modell/FE-Abaqus-Model/Job-19.odb,Step-163,Increment      6: Step Time =    1.000,"LAGERSITZ_NEU-1",         13045,             6,         12742,      -106.184,       47.6471,      -41.6453,"ASSEMBLY_LAGERSITZ_NEU-1_SET-GEHAEUSE","ALUMINIUM",NA,       368.428,      -1.11053,       352.201,      -108.134,   18.6898E-03,   11.7200E-03,            2.
D:/MoVerHu_Projekt/FE_Modell/FE-Abaqus-Model/Job-19.odb,Step-163,Increment      6: Step Time =    1.000,"LAGERSITZ_NEU-1",         13040,             6,         12743,      -103.184,       47.6471,      -41.6453,"ASSEMBLY_LAGERSITZ_NEU-1_SET-GEHAEUSE","ALUMINIUM",NA,       295.246,  -804.962E-03,       282.217,      -86.7366,   16.5864E-03,   12.3378E-03,            2.
D:/MoVerHu_Projekt/FE_Modell/FE-Abaqus-Model/Job-19.odb,Step-163,Increment      6: Step Time =    1.000,"LAGERSITZ_NEU-1",         13041,             6,         12743,      -103.184,       47.6471,      -41.6453,"ASSEMBLY_LAGERSITZ_NEU-1_SET-GEHAEUSE","ALUMINIUM",NA,       295.246,  -804.962E-03,       282.217,      -86.7366,   16.5864E-03,   12.3378E-03,            2.
D:/MoVerHu_Projekt/FE_Modell/FE-Abaqus-Model/Job-19.odb,Step-163,Increment      6: Step Time =    1.000,"LAGERSITZ_NEU-1",         13046,             6,         12743,      -103.184,       47.6471,      -41.6453,"ASSEMBLY_LAGERSITZ_NEU-1_SET-GEHAEUSE","ALUMINIUM",NA,       295.246,  -804.962E-03,       282.217,      -86.7366,   16.5864E-03,   12.3378E-03,            2.
D:/MoVerHu_Projekt/FE_Modell/FE-Abaqus-Model/Job-19.odb,Step-163,Increment      6: Step Time =    1.000,"LAGERSITZ_NEU-1",         13045,             6,         12743,      -103.184,       47.6471,      -41.6453,"ASSEMBLY_LAGERSITZ_NEU-1_SET-GEHAEUSE","ALUMINIUM",NA,       295.246,  -804.962E-03,       282.217,      -86.7366,   16.5864E-03,   12.3378E-03,            2.
D:/MoVerHu_Projekt/FE_Modell/FE-Abaqus-Model/Job-19.odb,Step-163,Increment      6: Step Time =    1.000,"LAGERSITZ_NEU-1",         13047,             6,         12744,      -100.184,       47.6471,      -41.6453,"ASSEMBLY_LAGERSITZ_NEU-1_SET-GEHAEUSE","ALUMINIUM",NA,       126.135,  -323.005E-03,       120.496,      -37.2910,   10.6205E-03,   10.4277E-03,            2.
D:/MoVerHu_Projekt/FE_Modell/FE-Abaqus-Model/Job-19.odb,Step-163,Increment      6: Step Time =    1.000,"LAGERSITZ_NEU-1",         13041,             6,         12744,      -100.184,       47.6471,      -41.6453,"ASSEMBLY_LAGERSITZ_NEU-1_SET-GEHAEUSE","ALUMINIUM",NA,       126.135,  -323.005E-03,       120.496,      -37.2910,   10.6205E-03,   10.4277E-03,            2.
D:/MoVerHu_Projekt/FE_Modell/FE-Abaqus-Model/Job-19.odb,Step-163,Increment      6: Step Time =    1.000,"LAGERSITZ_NEU-1",         13042,             6,         12744,      -100.184,       47.6471,      -41.6453,"ASSEMBLY_LAGERSITZ_NEU-1_SET-GEHAEUSE","ALUMINIUM",NA,       126.135,  -323.005E-03,       120.496,      -37.2910,   10.6205E-03,   10.4277E-03,            2.
D:/MoVerHu_Projekt/FE_Modell/FE-Abaqus-Model/Job-19.odb,Step-163,Increment      6: Step Time =    1.000,"LAGERSITZ_NEU-1",         13046,             6,         12744,      -100.184,       47.6471,      -41.6453,"ASSEMBLY_LAGERSITZ_NEU-1_SET-GEHAEUSE","ALUMINIUM",NA,       126.135,  -323.005E-03,       120.496,      -37.2910,   10.6205E-03,   10.4277E-03,            2.
D:/MoVerHu_Projekt/FE_Modell/FE-Abaqus-Model/Job-19.odb,Step-163,Increment      6: Step Time =    1.000,"LAGERSITZ_NEU-1",         13048,             6,         12761,      -109.184,       49.0336,      -36.1090,"ASSEMBLY_LAGERSITZ_NEU-1_SET-GEHAEUSE","ALUMINIUM",NA,       363.367,      -1.18537,       356.624,      -69.6663,   36.2341E-03,   13.4302E-03,            2.
D:/MoVerHu_Projekt/FE_Modell/FE-Abaqus-Model/Job-19.odb,Step-163,Increment      6: Step Time =    1.000,"LAGERSITZ_NEU-1",         13054,             6,         12761,      -109.184,       49.0336,      -36.1090,"ASSEMBLY_LAGERSITZ_NEU-1_SET-GEHAEUSE","ALUMINIUM",NA,       363.367,      -1.18537,       356.624,      -69.6663,   36.2341E-03,   13.4302E-03,            2.
D:/MoVerHu_Projekt/FE_Modell/FE-Abaqus-Model/Job-19.odb,Step-163,Increment      6: Step Time =    1.000,"LAGERSITZ_NEU-1",         13049,             6,         12761,      -109.184,       49.0336,      -36.1090,"ASSEMBLY_LAGERSITZ_NEU-1_SET-GEHAEUSE","ALUMINIUM",NA,       363.367,      -1.18537,       356.624,      -69.6663,   36.2341E-03,   13.4302E-03,            2.
D:/MoVerHu_Projekt/FE_Modell/FE-Abaqus-Model/Job-19.odb,Step-163,Increment      6: Step Time =    1.000,"LAGERSITZ_NEU-1",         13053,             6,         12761,      -109.184,       49.0336,      -36.1090,"ASSEMBLY_LAGERSITZ_NEU-1_SET-GEHAEUSE","ALUMINIUM",NA,       363.367,      -1.18537,       356.624,      -69.6663,   36.2341E-03,   13.4302E-03,            2.
D:/MoVerHu_Projekt/FE_Modell/FE-Abaqus-Model/Job-19.odb,Step-163,Increment      6: Step Time =    1.000,"LAGERSITZ_NEU-1",         13054,             6,         12762,      -106.184,       49.0336,      -36.1090,"ASSEMBLY_LAGERSITZ_NEU-1_SET-GEHAEUSE","ALUMINIUM",NA,       353.277,      -1.05659,       346.725,      -67.7143,   27.4429E-03,   11.4651E-03,            2.
D:/MoVerHu_Projekt/FE_Modell/FE-Abaqus-Model/Job-19.odb,Step-163,Increment      6: Step Time =    1.000,"LAGERSITZ_NEU-1",         13055,             6,         12762,      -106.184,       49.0336,      -36.1090,"ASSEMBLY_LAGERSITZ_NEU-1_SET-GEHAEUSE","ALUMINIUM",NA,       353.277,      -1.05659,       346.725,      -67.7143,   27.4429E-03,   11.4651E-03,            2.
D:/MoVerHu_Projekt/FE_Modell/FE-Abaqus-Model/Job-19.odb,Step-163,Increment      6: Step Time =    1.000,"LAGERSITZ_NEU-1",         13049,             6,         12762,      -106.184,       49.0336,      -36.1090,"ASSEMBLY_LAGERSITZ_NEU-1_SET-GEHAEUSE","ALUMINIUM",NA,       353.277,      -1.05659,       346.725,      -67.7143,   27.4429E-03,   11.4651E-03,            2.
D:/MoVerHu_Projekt/FE_Modell/FE-Abaqus-Model/Job-19.odb,Step-163,Increment      6: Step Time =    1.000,"LAGERSITZ_NEU-1",         13050,             6,         12762,      -106.184,       49.0336,      -36.1090,"ASSEMBLY_LAGERSITZ_NEU-1_SET-GEHAEUSE","ALUMINIUM",NA,       353.277,      -1.05659,       346.725,      -67.7143,   27.4429E-03,   11.4651E-03,            2.
D:/MoVerHu_Projekt/FE_Modell/FE-Abaqus-Model/Job-19.odb,Step-163,Increment      6: Step Time =    1.000,"LAGERSITZ_NEU-1",         13051,             6,         12763,      -103.184,       49.0336,      -36.1090,"ASSEMBLY_LAGERSITZ_NEU-1_SET-GEHAEUSE","ALUMINIUM",NA,       273.948,  -743.262E-03,       268.871,      -52.4899,   24.3767E-03,   14.2447E-03,            2.
D:/MoVerHu_Projekt/FE_Modell/FE-Abaqus-Model/Job-19.odb,Step-163,Increment      6: Step Time =    1.000,"LAGERSITZ_NEU-1",         13056,             6,         12763,      -103.184,       49.0336,      -36.1090,"ASSEMBLY_LAGERSITZ_NEU-1_SET-GEHAEUSE","ALUMINIUM",NA,       273.948,  -743.262E-03,       268.871,      -52.4899,   24.3767E-03,   14.2447E-03,            2.
D:/MoVerHu_Projekt/FE_Modell/FE-Abaqus-Model/Job-19.odb,Step-163,Increment      6: Step Time =    1.000,"LAGERSITZ_NEU-1",         13050,             6,         12763,      -103.184,       49.0336,      -36.1090,"ASSEMBLY_LAGERSITZ_NEU-1_SET-GEHAEUSE","ALUMINIUM",NA,       273.948,  -743.262E-03,       268.871,      -52.4899,   24.3767E-03,   14.2447E-03,            2.
D:/MoVerHu_Projekt/FE_Modell/FE-Abaqus-Model/Job-19.odb,Step-163,Increment      6: Step Time =    1.000,"LAGERSITZ_NEU-1",         13055,             6,         12763,      -103.184,       49.0336,      -36.1090,"ASSEMBLY_LAGERSITZ_NEU-1_SET-GEHAEUSE","ALUMINIUM",NA,       273.948,  -743.262E-03,       268.871,      -52.4899,   24.3767E-03,   14.2447E-03,            2.
D:/MoVerHu_Projekt/FE_Modell/FE-Abaqus-Model/Job-19.odb,Step-163,Increment      6: Step Time =    1.000,"LAGERSITZ_NEU-1",         13057,             6,         12764,      -100.184,       49.0336,      -36.1090,"ASSEMBLY_LAGERSITZ_NEU-1_SET-GEHAEUSE","ALUMINIUM",NA,       146.573,  -355.469E-03,       143.931,      -27.6999,   13.0457E-03,   8.46892E-03,            2.
D:/MoVerHu_Projekt/FE_Modell/FE-Abaqus-Model/Job-19.odb,Step-163,Increment      6: Step Time =    1.000,"LAGERSITZ_NEU-1",         13052,             6,         12764,      -100.184,       49.0336,      -36.1090,"ASSEMBLY_LAGERSITZ_NEU-1_SET-GEHAEUSE","ALUMINIUM",NA,       146.573,  -355.469E-03,       143.931,      -27.6999,   13.0457E-03,   8.46892E-03,            2.
D:/MoVerHu_Projekt/FE_Modell/FE-Abaqus-Model/Job-19.odb,Step-163,Increment      6: Step Time =    1.000,"LAGERSITZ_NEU-1",         13051,             6,         12764,      -100.184,       49.0336,      -36.1090,"ASSEMBLY_LAGERSITZ_NEU-1_SET-GEHAEUSE","ALUMINIUM",NA,       146.573,  -355.469E-03,       143.931,      -27.6999,   13.0457E-03,   8.46892E-03,            2.
D:/MoVerHu_Projekt/FE_Modell/FE-Abaqus-Model/Job-19.odb,Step-163,Increment      6: Step Time =    1.000,"LAGERSITZ_NEU-1",         13056,             6,         12764,      -100.184,       49.0336,      -36.1090,"ASSEMBLY_LAGERSITZ_NEU-1_SET-GEHAEUSE","ALUMINIUM",NA,       146.573,  -355.469E-03,       143.931,      -27.6999,   13.0457E-03,   8.46892E-03,            2.
D:/MoVerHu_Projekt/FE_Modell/FE-Abaqus-Model/Job-19.odb,Step-163,Increment      6: Step Time =    1.000,"LAGERSITZ_NEU-1",         13059,             6,         12765,      -109.184,       49.4780,      -33.5125,"ASSEMBLY_LAGERSITZ_NEU-1_SET-GEHAEUSE","ALUMINIUM",NA,       364.998,      -1.18304,       361.116,      -53.0780,   64.7433E-03,   10.2025E-03,            2.
D:/MoVerHu_Projekt/FE_Modell/FE-Abaqus-Model/Job-19.odb,Step-163,Increment      6: Step Time =    1.000,"LAGERSITZ_NEU-1",         13053,             6,         12765,      -109.184,       49.4780,      -33.5125,"ASSEMBLY_LAGERSITZ_NEU-1_SET-GEHAEUSE","ALUMINIUM",NA,       364.998,      -1.18304,       361.116,      -53.0780,   64.7433E-03,   10.2025E-03,            2.
D:/MoVerHu_Projekt/FE_Modell/FE-Abaqus-Model/Job-19.odb,Step-163,Increment      6: Step Time =    1.000,"LAGERSITZ_NEU-1",         13058,             6,         12765,      -109.184,       49.4780,      -33.5125,"ASSEMBLY_LAGERSITZ_NEU-1_SET-GEHAEUSE","ALUMINIUM",NA,       364.998,      -1.18304,       361.116,      -53.0780,   64.7433E-03,   10.2025E-03,            2.
D:/MoVerHu_Projekt/FE_Modell/FE-Abaqus-Model/Job-19.odb,Step-163,Increment      6: Step Time =    1.000,"LAGERSITZ_NEU-1",         13054,             6,         12765,      -109.184,       49.4780,      -33.5125,"ASSEMBLY_LAGERSITZ_NEU-1_SET-GEHAEUSE","ALUMINIUM",NA,       364.998,      -1.18304,       361.116,      -53.0780,   64.7433E-03,   10.2025E-03,            2.
D:/MoVerHu_Projekt/FE_Modell/FE-Abaqus-Model/Job-19.odb,Step-163,Increment      6: Step Time =    1.000,"LAGERSITZ_NEU-1",         13054,             6,         12766,      -106.184,       49.4780,      -33.5125,"ASSEMBLY_LAGERSITZ_NEU-1_SET-GEHAEUSE","ALUMINIUM",NA,       349.765,      -1.03798,       346.037,      -50.9179,   54.7810E-03,   12.6722E-03,            2.
D:/MoVerHu_Projekt/FE_Modell/FE-Abaqus-Model/Job-19.odb,Step-163,Increment      6: Step Time =    1.000,"LAGERSITZ_NEU-1",         13060,             6,         12766,      -106.184,       49.4780,      -33.5125,"ASSEMBLY_LAGERSITZ_NEU-1_SET-GEHAEUSE","ALUMINIUM",NA,       349.765,      -1.03798,       346.037,      -50.9179,   54.7810E-03,   12.6722E-03,            2.
D:/MoVerHu_Projekt/FE_Modell/FE-Abaqus-Model/Job-19.odb,Step-163,Increment      6: Step Time =    1.000,"LAGERSITZ_NEU-1",         13055,             6,         12766,      -106.184,       49.4780,      -33.5125,"ASSEMBLY_LAGERSITZ_NEU-1_SET-GEHAEUSE","ALUMINIUM",NA,       349.765,      -1.03798,       346.037,      -50.9179,   54.7810E-03,   12.6722E-03,            2.
D:/MoVerHu_Projekt/FE_Modell/FE-Abaqus-Model/Job-19.odb,Step-163,Increment      6: Step Time =    1.000,"LAGERSITZ_NEU-1",         13059,             6,         12766,      -106.184,       49.4780,      -33.5125,"ASSEMBLY_LAGERSITZ_NEU-1_SET-GEHAEUSE","ALUMINIUM",NA,       349.765,      -1.03798,       346.037,      -50.9179,   54.7810E-03,   12.6722E-03,            2.
D:/MoVerHu_Projekt/FE_Modell/FE-Abaqus-Model/Job-19.odb,Step-163,Increment      6: Step Time =    1.000,"LAGERSITZ_NEU-1",         13060,             6,         12767,      -103.184,       49.4780,      -33.5125,"ASSEMBLY_LAGERSITZ_NEU-1_SET-GEHAEUSE","ALUMINIUM",NA,       276.179,  -732.612E-03,       273.242,      -40.1700,   44.4377E-03,   15.0208E-03,            2.
D:/MoVerHu_Projekt/FE_Modell/FE-Abaqus-Model/Job-19.odb,Step-163,Increment      6: Step Time =    1.000,"LAGERSITZ_NEU-1",         13056,             6,         12767,      -103.184,       49.4780,      -33.5125,"ASSEMBLY_LAGERSITZ_NEU-1_SET-GEHAEUSE","ALUMINIUM",NA,       276.179,  -732.612E-03,       273.242,      -40.1700,   44.4377E-03,   15.0208E-03,            2.
D:/MoVerHu_Projekt/FE_Modell/FE-Abaqus-Model/Job-19.odb,Step-163,Increment      6: Step Time =    1.000,"LAGERSITZ_NEU-1",         13055,             6,         12767,      -103.184,       49.4780,      -33.5125,"ASSEMBLY_LAGERSITZ_NEU-1_SET-GEHAEUSE","ALUMINIUM",NA,       276.179,  -732.612E-03,       273.242,      -40.1700,   44.4377E-03,   15.0208E-03,            2.
D:/MoVerHu_Projekt/FE_Modell/FE-Abaqus-Model/Job-19.odb,Step-163,Increment      6: Step Time =    1.000,"LAGERSITZ_NEU-1",         13061,             6,         12767,      -103.184,       49.4780,      -33.5125,"ASSEMBLY_LAGERSITZ_NEU-1_SET-GEHAEUSE","ALUMINIUM",NA,       276.179,  -732.612E-03,       273.242,      -40.1700,   44.4377E-03,   15.0208E-03,            2.
D:/MoVerHu_Projekt/FE_Modell/FE-Abaqus-Model/Job-19.odb,Step-163,Increment      6: Step Time =    1.000,"LAGERSITZ_NEU-1",         13062,             6,         12768,      -100.184,       49.4780,      -33.5125,"ASSEMBLY_LAGERSITZ_NEU-1_SET-GEHAEUSE","ALUMINIUM",NA,       199.919,  -469.674E-03,       197.819,      -28.9012,   28.2239E-03,   12.7276E-03,            2.
D:/MoVerHu_Projekt/FE_Modell/FE-Abaqus-Model/Job-19.odb,Step-163,Increment      6: Step Time =    1.000,"LAGERSITZ_NEU-1",         13061,             6,         12768,      -100.184,       49.4780,      -33.5125,"ASSEMBLY_LAGERSITZ_NEU-1_SET-GEHAEUSE","ALUMINIUM",NA,       199.919,  -469.674E-03,       197.819,      -28.9012,   28.2239E-03,   12.7276E-03,            2.
D:/MoVerHu_Projekt/FE_Modell/FE-Abaqus-Model/Job-19.odb,Step-163,Increment      6: Step Time =    1.000,"LAGERSITZ_NEU-1",         13057,             6,         12768,      -100.184,       49.4780,      -33.5125,"ASSEMBLY_LAGERSITZ_NEU-1_SET-GEHAEUSE","ALUMINIUM",NA,       199.919,  -469.674E-03,       197.819,      -28.9012,   28.2239E-03,   12.7276E-03,            2.
D:/MoVerHu_Projekt/FE_Modell/FE-Abaqus-Model/Job-19.odb,Step-163,Increment      6: Step Time =    1.000,"LAGERSITZ_NEU-1",         13056,             6,         12768,      -100.184,       49.4780,      -33.5125,"ASSEMBLY_LAGERSITZ_NEU-1_SET-GEHAEUSE","ALUMINIUM",NA,       199.919,  -469.674E-03,       197.819,      -28.9012,   28.2239E-03,   12.7276E-03,            2.
D:/MoVerHu_Projekt/FE_Modell/FE-Abaqus-Model/Job-19.odb,Step-163,Increment      6: Step Time =    1.000,"LAGERSITZ_NEU-1",         13059,             6,         12769,      -109.184,       49.7977,      -30.8977,"ASSEMBLY_LAGERSITZ_NEU-1_SET-GEHAEUSE","ALUMINIUM",NA,       286.776,  -925.734E-03,       285.361,      -28.4359,   87.8361E-03,  -164.964E-06,            2.
D:/MoVerHu_Projekt/FE_Modell/FE-Abaqus-Model/Job-19.odb,Step-163,Increment      6: Step Time =    1.000,"LAGERSITZ_NEU-1",         13058,             6,         12769,      -109.184,       49.7977,      -30.8977,"ASSEMBLY_LAGERSITZ_NEU-1_SET-GEHAEUSE","ALUMINIUM",NA,       286.776,  -925.734E-03,       285.361,      -28.4359,   87.8361E-03,  -164.964E-06,            2.
D:/MoVerHu_Projekt/FE_Modell/FE-Abaqus-Model/Job-19.odb,Step-163,Increment      6: Step Time =    1.000,"LAGERSITZ_NEU-1",         13063,             6,         12769,      -109.184,       49.7977,      -30.8977,"ASSEMBLY_LAGERSITZ_NEU-1_SET-GEHAEUSE","ALUMINIUM",NA,       286.776,  -925.734E-03,       285.361,      -28.4359,   87.8361E-03,  -164.964E-06,            2.
D:/MoVerHu_Projekt/FE_Modell/FE-Abaqus-Model/Job-19.odb,Step-163,Increment      6: Step Time =    1.000,"LAGERSITZ_NEU-1",         13064,             6,         12769,      -109.184,       49.7977,      -30.8977,"ASSEMBLY_LAGERSITZ_NEU-1_SET-GEHAEUSE","ALUMINIUM",NA,       286.776,  -925.734E-03,       285.361,      -28.4359,   87.8361E-03,  -164.964E-06,            2.
D:/MoVerHu_Projekt/FE_Modell/FE-Abaqus-Model/Job-19.odb,Step-163,Increment      6: Step Time =    1.000,"LAGERSITZ_NEU-1",         13065,             6,         12770,      -106.184,       49.7977,      -30.8977,"ASSEMBLY_LAGERSITZ_NEU-1_SET-GEHAEUSE","ALUMINIUM",NA,       262.698,  -770.411E-03,       261.397,      -26.1044,   65.9534E-03,   3.92569E-03,            2.
D:/MoVerHu_Projekt/FE_Modell/FE-Abaqus-Model/Job-19.odb,Step-163,Increment      6: Step Time =    1.000,"LAGERSITZ_NEU-1",         13064,             6,         12770,      -106.184,       49.7977,      -30.8977,"ASSEMBLY_LAGERSITZ_NEU-1_SET-GEHAEUSE","ALUMINIUM",NA,       262.698,  -770.411E-03,       261.397,      -26.1044,   65.9534E-03,   3.92569E-03,            2.
D:/MoVerHu_Projekt/FE_Modell/FE-Abaqus-Model/Job-19.odb,Step-163,Increment      6: Step Time =    1.000,"LAGERSITZ_NEU-1",         13060,             6,         12770,      -106.184,       49.7977,      -30.8977,"ASSEMBLY_LAGERSITZ_NEU-1_SET-GEHAEUSE","ALUMINIUM",NA,       262.698,  -770.411E-03,       261.397,      -26.1044,   65.9534E-03,   3.92569E-03,            2.
D:/MoVerHu_Projekt/FE_Modell/FE-Abaqus-Model/Job-19.odb,Step-163,Increment      6: Step Time =    1.000,"LAGERSITZ_NEU-1",         13059,             6,         12770,      -106.184,       49.7977,      -30.8977,"ASSEMBLY_LAGERSITZ_NEU-1_SET-GEHAEUSE","ALUMINIUM",NA,       262.698,  -770.411E-03,       261.397,      -26.1044,   65.9534E-03,   3.92569E-03,            2.
D:/MoVerHu_Projekt/FE_Modell/FE-Abaqus-Model/Job-19.odb,Step-163,Increment      6: Step Time =    1.000,"LAGERSITZ_NEU-1",         13065,             6,         12771,      -103.184,       49.7977,      -30.8977,"ASSEMBLY_LAGERSITZ_NEU-1_SET-GEHAEUSE","ALUMINIUM",NA,       206.828,  -538.176E-03,       205.800,      -20.5970,   42.8010E-03,   7.05298E-03,            2.
D:/MoVerHu_Projekt/FE_Modell/FE-Abaqus-Model/Job-19.odb,Step-163,Increment      6: Step Time =    1.000,"LAGERSITZ_NEU-1",         13061,             6,         12771,      -103.184,       49.7977,      -30.8977,"ASSEMBLY_LAGERSITZ_NEU-1_SET-GEHAEUSE","ALUMINIUM",NA,       206.828,  -538.176E-03,       205.800,      -20.5970,   42.8010E-03,   7.05298E-03,            2.
D:/MoVerHu_Projekt/FE_Modell/FE-Abaqus-Model/Job-19.odb,Step-163,Increment      6: Step Time =    1.000,"LAGERSITZ_NEU-1",         13060,             6,         12771,      -103.184,       49.7977,      -30.8977,"ASSEMBLY_LAGERSITZ_NEU-1_SET-GEHAEUSE","ALUMINIUM",NA,       206.828,  -538.176E-03,       205.800,      -20.5970,   42.8010E-03,   7.05298E-03,            2.
D:/MoVerHu_Projekt/FE_Modell/FE-Abaqus-Model/Job-19.odb,Step-163,Increment      6: Step Time =    1.000,"LAGERSITZ_NEU-1",         13066,             6,         12771,      -103.184,       49.7977,      -30.8977,"ASSEMBLY_LAGERSITZ_NEU-1_SET-GEHAEUSE","ALUMINIUM",NA,       206.828,  -538.176E-03,       205.800,      -20.5970,   42.8010E-03,   7.05298E-03,            2.
D:/MoVerHu_Projekt/FE_Modell/FE-Abaqus-Model/Job-19.odb,Step-163,Increment      6: Step Time =    1.000,"LAGERSITZ_NEU-1",         13061,             6,         12772,      -100.184,       49.7977,      -30.8977,"ASSEMBLY_LAGERSITZ_NEU-1_SET-GEHAEUSE","ALUMINIUM",NA,       150.914,  -350.767E-03,       150.158,      -15.0822,   21.0398E-03,   6.92589E-03,            2.
D:/MoVerHu_Projekt/FE_Modell/FE-Abaqus-Model/Job-19.odb,Step-163,Increment      6: Step Time =    1.000,"LAGERSITZ_NEU-1",         13066,             6,         12772,      -100.184,       49.7977,      -30.8977,"ASSEMBLY_LAGERSITZ_NEU-1_SET-GEHAEUSE","ALUMINIUM",NA,       150.914,  -350.767E-03,       150.158,      -15.0822,   21.0398E-03,   6.92589E-03,            2.
D:/MoVerHu_Projekt/FE_Modell/FE-Abaqus-Model/Job-19.odb,Step-163,Increment      6: Step Time =    1.000,"LAGERSITZ_NEU-1",         13067,             6,         12772,      -100.184,       49.7977,      -30.8977,"ASSEMBLY_LAGERSITZ_NEU-1_SET-GEHAEUSE","ALUMINIUM",NA,       150.914,  -350.767E-03,       150.158,      -15.0822,   21.0398E-03,   6.92589E-03,            2.
D:/MoVerHu_Projekt/FE_Modell/FE-Abaqus-Model/Job-19.odb,Step-163,Increment      6: Step Time =    1.000,"LAGERSITZ_NEU-1",         13062,             6,         12772,      -100.184,       49.7977,      -30.8977,"ASSEMBLY_LAGERSITZ_NEU-1_SET-GEHAEUSE","ALUMINIUM",NA,       150.914,  -350.767E-03,       150.158,      -15.0822,   21.0398E-03,   6.92589E-03,            2.
D:/MoVerHu_Projekt/FE_Modell/FE-Abaqus-Model/Job-19.odb,Step-163,Increment      6: Step Time =    1.000,"LAGERSITZ_NEU-1",         13068,             6,         12773,      -109.184,       49.9917,      -28.2706,"ASSEMBLY_LAGERSITZ_NEU-1_SET-GEHAEUSE","ALUMINIUM",NA,       195.976,  -624.585E-03,       195.727,      -9.84342,   85.2849E-03,  -15.3427E-03,            2.
D:/MoVerHu_Projekt/FE_Modell/FE-Abaqus-Model/Job-19.odb,Step-163,Increment      6: Step Time =    1.000,"LAGERSITZ_NEU-1",         13069,             6,         12773,      -109.184,       49.9917,      -28.2706,"ASSEMBLY_LAGERSITZ_NEU-1_SET-GEHAEUSE","ALUMINIUM",NA,       195.976,  -624.585E-03,       195.727,      -9.84342,   85.2849E-03,  -15.3427E-03,            2.
D:/MoVerHu_Projekt/FE_Modell/FE-Abaqus-Model/Job-19.odb,Step-163,Increment      6: Step Time =    1.000,"LAGERSITZ_NEU-1",         13063,             6,         12773,      -109.184,       49.9917,      -28.2706,"ASSEMBLY_LAGERSITZ_NEU-1_SET-GEHAEUSE","ALUMINIUM",NA,       195.976,  -624.585E-03,       195.727,      -9.84342,   85.2849E-03,  -15.3427E-03,            2.
D:/MoVerHu_Projekt/FE_Modell/FE-Abaqus-Model/Job-19.odb,Step-163,Increment      6: Step Time =    1.000,"LAGERSITZ_NEU-1",         13064,             6,         12773,      -109.184,       49.9917,      -28.2706,"ASSEMBLY_LAGERSITZ_NEU-1_SET-GEHAEUSE","ALUMINIUM",NA,       195.976,  -624.585E-03,       195.727,      -9.84342,   85.2849E-03,  -15.3427E-03,            2.
D:/MoVerHu_Projekt/FE_Modell/FE-Abaqus-Model/Job-19.odb,Step-163,Increment      6: Step Time =    1.000,"LAGERSITZ_NEU-1",         13070,             6,         12774,      -106.184,       49.9917,      -28.2706,"ASSEMBLY_LAGERSITZ_NEU-1_SET-GEHAEUSE","ALUMINIUM",NA,       175.806,  -508.723E-03,       175.583,      -8.82489,   54.8927E-03,  -8.98469E-03,            2.
D:/MoVerHu_Projekt/FE_Modell/FE-Abaqus-Model/Job-19.odb,Step-163,Increment      6: Step Time =    1.000,"LAGERSITZ_NEU-1",         13065,             6,         12774,      -106.184,       49.9917,      -28.2706,"ASSEMBLY_LAGERSITZ_NEU-1_SET-GEHAEUSE","ALUMINIUM",NA,       175.806,  -508.723E-03,       175.583,      -8.82489,   54.8927E-03,  -8.98469E-03,            2.
D:/MoVerHu_Projekt/FE_Modell/FE-Abaqus-Model/Job-19.odb,Step-163,Increment      6: Step Time =    1.000,"LAGERSITZ_NEU-1",         13064,             6,         12774,      -106.184,       49.9917,      -28.2706,"ASSEMBLY_LAGERSITZ_NEU-1_SET-GEHAEUSE","ALUMINIUM",NA,       175.806,  -508.723E-03,       175.583,      -8.82489,   54.8927E-03,  -8.98469E-03,            2.
D:/MoVerHu_Projekt/FE_Modell/FE-Abaqus-Model/Job-19.odb,Step-163,Increment      6: Step Time =    1.000,"LAGERSITZ_NEU-1",         13069,             6,         12774,      -106.184,       49.9917,      -28.2706,"ASSEMBLY_LAGERSITZ_NEU-1_SET-GEHAEUSE","ALUMINIUM",NA,       175.806,  -508.723E-03,       175.583,      -8.82489,   54.8927E-03,  -8.98469E-03,            2.
D:/MoVerHu_Projekt/FE_Modell/FE-Abaqus-Model/Job-19.odb,Step-163,Increment      6: Step Time =    1.000,"LAGERSITZ_NEU-1",         13065,             6,         12775,      -103.184,       49.9917,      -28.2706,"ASSEMBLY_LAGERSITZ_NEU-1_SET-GEHAEUSE","ALUMINIUM",NA,       128.098,  -331.306E-03,       127.936,      -6.41826,   24.4618E-03,  -4.52932E-03,            2.
D:/MoVerHu_Projekt/FE_Modell/FE-Abaqus-Model/Job-19.odb,Step-163,Increment      6: Step Time =    1.000,"LAGERSITZ_NEU-1",         13066,             6,         12775,      -103.184,       49.9917,      -28.2706,"ASSEMBLY_LAGERSITZ_NEU-1_SET-GEHAEUSE","ALUMINIUM",NA,       128.098,  -331.306E-03,       127.936,      -6.41826,   24.4618E-03,  -4.52932E-03,            2.
D:/MoVerHu_Projekt/FE_Modell/FE-Abaqus-Model/Job-19.odb,Step-163,Increment      6: Step Time =    1.000,"LAGERSITZ_NEU-1",         13070,             6,         12775,      -103.184,       49.9917,      -28.2706,"ASSEMBLY_LAGERSITZ_NEU-1_SET-GEHAEUSE","ALUMINIUM",NA,       128.098,  -331.306E-03,       127.936,      -6.41826,   24.4618E-03,  -4.52932E-03,            2.
D:/MoVerHu_Projekt/FE_Modell/FE-Abaqus-Model/Job-19.odb,Step-163,Increment      6: Step Time =    1.000,"LAGERSITZ_NEU-1",         13071,             6,         12775,      -103.184,       49.9917,      -28.2706,"ASSEMBLY_LAGERSITZ_NEU-1_SET-GEHAEUSE","ALUMINIUM",NA,       128.098,  -331.306E-03,       127.936,      -6.41826,   24.4618E-03,  -4.52932E-03,            2.
D:/MoVerHu_Projekt/FE_Modell/FE-Abaqus-Model/Job-19.odb,Step-163,Increment      6: Step Time =    1.000,"LAGERSITZ_NEU-1",         13071,             6,         12776,      -100.184,       49.9917,      -28.2706,"ASSEMBLY_LAGERSITZ_NEU-1_SET-GEHAEUSE","ALUMINIUM",NA,       92.6900,  -218.596E-03,       92.5826,      -4.45542,  -478.401E-06,  -2.00848E-03,            2.
D:/MoVerHu_Projekt/FE_Modell/FE-Abaqus-Model/Job-19.odb,Step-163,Increment      6: Step Time =    1.000,"LAGERSITZ_NEU-1",         13072,             6,         12776,      -100.184,       49.9917,      -28.2706,"ASSEMBLY_LAGERSITZ_NEU-1_SET-GEHAEUSE","ALUMINIUM",NA,       92.6900,  -218.596E-03,       92.5826,      -4.45542,  -478.401E-06,  -2.00848E-03,            2.
D:/MoVerHu_Projekt/FE_Modell/FE-Abaqus-Model/Job-19.odb,Step-163,Increment      6: Step Time =    1.000,"LAGERSITZ_NEU-1",         13067,             6,         12776,      -100.184,       49.9917,      -28.2706,"ASSEMBLY_LAGERSITZ_NEU-1_SET-GEHAEUSE","ALUMINIUM",NA,       92.6900,  -218.596E-03,       92.5826,      -4.45542,  -478.401E-06,  -2.00848E-03,            2.
D:/MoVerHu_Projekt/FE_Modell/FE-Abaqus-Model/Job-19.odb,Step-163,Increment      6: Step Time =    1.000,"LAGERSITZ_NEU-1",         13066,             6,         12776,      -100.184,       49.9917,      -28.2706,"ASSEMBLY_LAGERSITZ_NEU-1_SET-GEHAEUSE","ALUMINIUM",NA,       92.6900,  -218.596E-03,       92.5826,      -4.45542,  -478.401E-06,  -2.00848E-03,            2.
D:/MoVerHu_Projekt/FE_Modell/FE-Abaqus-Model/Job-19.odb,Step-163,Increment      6: Step Time =    1.000,"LAGERSITZ_NEU-1",         13074,             6,         12789,      -109.184,       49.9674,      -22.3459,"ASSEMBLY_LAGERSITZ_NEU-1_SET-GEHAEUSE","ALUMINIUM",NA,       489.500,      -1.48810,       488.593,       29.7471,   23.2601E-03,  -3.93137E-03,            2.
D:/MoVerHu_Projekt/FE_Modell/FE-Abaqus-Model/Job-19.odb,Step-163,Increment      6: Step Time =    1.000,"LAGERSITZ_NEU-1",         13073,             6,         12789,      -109.184,       49.9674,      -22.3459,"ASSEMBLY_LAGERSITZ_NEU-1_SET-GEHAEUSE","ALUMINIUM",NA,       489.500,      -1.48810,       488.593,       29.7471,   23.2601E-03,  -3.93137E-03,            2.
D:/MoVerHu_Projekt/FE_Modell/FE-Abaqus-Model/Job-19.odb,Step-163,Increment      6: Step Time =    1.000,"LAGERSITZ_NEU-1",         13079,             6,         12789,      -109.184,       49.9674,      -22.3459,"ASSEMBLY_LAGERSITZ_NEU-1_SET-GEHAEUSE","ALUMINIUM",NA,       489.500,      -1.48810,       488.593,       29.7471,   23.2601E-03,  -3.93137E-03,            2.
D:/MoVerHu_Projekt/FE_Modell/FE-Abaqus-Model/Job-19.odb,Step-163,Increment      6: Step Time =    1.000,"LAGERSITZ_NEU-1",         13078,             6,         12789,      -109.184,       49.9674,      -22.3459,"ASSEMBLY_LAGERSITZ_NEU-1_SET-GEHAEUSE","ALUMINIUM",NA,       489.500,      -1.48810,       488.593,       29.7471,   23.2601E-03,  -3.93137E-03,            2.
D:/MoVerHu_Projekt/FE_Modell/FE-Abaqus-Model/Job-19.odb,Step-163,Increment      6: Step Time =    1.000,"LAGERSITZ_NEU-1",         13075,             6,         12790,      -106.184,       49.9674,      -22.3459,"ASSEMBLY_LAGERSITZ_NEU-1_SET-GEHAEUSE","ALUMINIUM",NA,       467.179,      -1.32209,       466.306,       28.5242,   15.6968E-03,  -2.37363E-03,            2.
D:/MoVerHu_Projekt/FE_Modell/FE-Abaqus-Model/Job-19.odb,Step-163,Increment      6: Step Time =    1.000,"LAGERSITZ_NEU-1",         13074,             6,         12790,      -106.184,       49.9674,      -22.3459,"ASSEMBLY_LAGERSITZ_NEU-1_SET-GEHAEUSE","ALUMINIUM",NA,       467.179,      -1.32209,       466.306,       28.5242,   15.6968E-03,  -2.37363E-03,            2.
D:/MoVerHu_Projekt/FE_Modell/FE-Abaqus-Model/Job-19.odb,Step-163,Increment      6: Step Time =    1.000,"LAGERSITZ_NEU-1",         13079,             6,         12790,      -106.184,       49.9674,      -22.3459,"ASSEMBLY_LAGERSITZ_NEU-1_SET-GEHAEUSE","ALUMINIUM",NA,       467.179,      -1.32209,       466.306,       28.5242,   15.6968E-03,  -2.37363E-03,            2.
D:/MoVerHu_Projekt/FE_Modell/FE-Abaqus-Model/Job-19.odb,Step-163,Increment      6: Step Time =    1.000,"LAGERSITZ_NEU-1",         13080,             6,         12790,      -106.184,       49.9674,      -22.3459,"ASSEMBLY_LAGERSITZ_NEU-1_SET-GEHAEUSE","ALUMINIUM",NA,       467.179,      -1.32209,       466.306,       28.5242,   15.6968E-03,  -2.37363E-03,            2.
D:/MoVerHu_Projekt/FE_Modell/FE-Abaqus-Model/Job-19.odb,Step-163,Increment      6: Step Time =    1.000,"LAGERSITZ_NEU-1",         13076,             6,         12791,      -103.184,       49.9674,      -22.3459,"ASSEMBLY_LAGERSITZ_NEU-1_SET-GEHAEUSE","ALUMINIUM",NA,       426.346,      -1.07719,       425.545,       26.0992,   9.44763E-03,  -2.71595E-03,            2.
D:/MoVerHu_Projekt/FE_Modell/FE-Abaqus-Model/Job-19.odb,Step-163,Increment      6: Step Time =    1.000,"LAGERSITZ_NEU-1",         13075,             6,         12791,      -103.184,       49.9674,      -22.3459,"ASSEMBLY_LAGERSITZ_NEU-1_SET-GEHAEUSE","ALUMINIUM",NA,       426.346,      -1.07719,       425.545,       26.0992,   9.44763E-03,  -2.71595E-03,            2.
D:/MoVerHu_Projekt/FE_Modell/FE-Abaqus-Model/Job-19.odb,Step-163,Increment      6: Step Time =    1.000,"LAGERSITZ_NEU-1",         13080,             6,         12791,      -103.184,       49.9674,      -22.3459,"ASSEMBLY_LAGERSITZ_NEU-1_SET-GEHAEUSE","ALUMINIUM",NA,       426.346,      -1.07719,       425.545,       26.0992,   9.44763E-03,  -2.71595E-03,            2.
D:/MoVerHu_Projekt/FE_Modell/FE-Abaqus-Model/Job-19.odb,Step-163,Increment      6: Step Time =    1.000,"LAGERSITZ_NEU-1",         13081,             6,         12791,      -103.184,       49.9674,      -22.3459,"ASSEMBLY_LAGERSITZ_NEU-1_SET-GEHAEUSE","ALUMINIUM",NA,       426.346,      -1.07719,       425.545,       26.0992,   9.44763E-03,  -2.71595E-03,            2.
D:/MoVerHu_Projekt/FE_Modell/FE-Abaqus-Model/Job-19.odb,Step-163,Increment      6: Step Time =    1.000,"LAGERSITZ_NEU-1",         13077,             6,         12792,      -100.184,       49.9674,      -22.3459,"ASSEMBLY_LAGERSITZ_NEU-1_SET-GEHAEUSE","ALUMINIUM",NA,       525.048,      -1.27679,       524.047,       32.3782,  -193.425E-06,  -1.13815E-03,            2.
D:/MoVerHu_Projekt/FE_Modell/FE-Abaqus-Model/Job-19.odb,Step-163,Increment      6: Step Time =    1.000,"LAGERSITZ_NEU-1",         13081,             6,         12792,      -100.184,       49.9674,      -22.3459,"ASSEMBLY_LAGERSITZ_NEU-1_SET-GEHAEUSE","ALUMINIUM",NA,       525.048,      -1.27679,       524.047,       32.3782,  -193.425E-06,  -1.13815E-03,            2.
D:/MoVerHu_Projekt/FE_Modell/FE-Abaqus-Model/Job-19.odb,Step-163,Increment      6: Step Time =    1.000,"LAGERSITZ_NEU-1",         13082,             6,         12792,      -100.184,       49.9674,      -22.3459,"ASSEMBLY_LAGERSITZ_NEU-1_SET-GEHAEUSE","ALUMINIUM",NA,       525.048,      -1.27679,       524.047,       32.3782,  -193.425E-06,  -1.13815E-03,            2.
D:/MoVerHu_Projekt/FE_Modell/FE-Abaqus-Model/Job-19.odb,Step-163,Increment      6: Step Time =    1.000,"LAGERSITZ_NEU-1",         13076,             6,         12792,      -100.184,       49.9674,      -22.3459,"ASSEMBLY_LAGERSITZ_NEU-1_SET-GEHAEUSE","ALUMINIUM",NA,       525.048,      -1.27679,       524.047,       32.3782,  -193.425E-06,  -1.13815E-03,            2.
D:/MoVerHu_Projekt/FE_Modell/FE-Abaqus-Model/Job-19.odb,Step-163,Increment      6: Step Time =    1.000,"LAGERSITZ_NEU-1",         13078,             6,         12793,      -109.184,       49.6783,      -19.0660,"ASSEMBLY_LAGERSITZ_NEU-1_SET-GEHAEUSE","ALUMINIUM",NA,       605.353,      -1.78172,       601.092,       71.6785,   3.07875E-03,  -3.00244E-03,            2.
D:/MoVerHu_Projekt/FE_Modell/FE-Abaqus-Model/Job-19.odb,Step-163,Increment      6: Step Time =    1.000,"LAGERSITZ_NEU-1",         13083,             6,         12793,      -109.184,       49.6783,      -19.0660,"ASSEMBLY_LAGERSITZ_NEU-1_SET-GEHAEUSE","ALUMINIUM",NA,       605.353,      -1.78172,       601.092,       71.6785,   3.07875E-03,  -3.00244E-03,            2.
D:/MoVerHu_Projekt/FE_Modell/FE-Abaqus-Model/Job-19.odb,Step-163,Increment      6: Step Time =    1.000,"LAGERSITZ_NEU-1",         13084,             6,         12793,      -109.184,       49.6783,      -19.0660,"ASSEMBLY_LAGERSITZ_NEU-1_SET-GEHAEUSE","ALUMINIUM",NA,       605.353,      -1.78172,       601.092,       71.6785,   3.07875E-03,  -3.00244E-03,            2.
D:/MoVerHu_Projekt/FE_Modell/FE-Abaqus-Model/Job-19.odb,Step-163,Increment      6: Step Time =    1.000,"LAGERSITZ_NEU-1",         13079,             6,         12793,      -109.184,       49.6783,      -19.0660,"ASSEMBLY_LAGERSITZ_NEU-1_SET-GEHAEUSE","ALUMINIUM",NA,       605.353,      -1.78172,       601.092,       71.6785,   3.07875E-03,  -3.00244E-03,            2.
D:/MoVerHu_Projekt/FE_Modell/FE-Abaqus-Model/Job-19.odb,Step-163,Increment      6: Step Time =    1.000,"LAGERSITZ_NEU-1",         13084,             6,         12794,      -106.184,       49.6783,      -19.0660,"ASSEMBLY_LAGERSITZ_NEU-1_SET-GEHAEUSE","ALUMINIUM",NA,       592.543,      -1.65329,       588.358,       70.2811,   2.05896E-03,  -2.63015E-03,            2.
D:/MoVerHu_Projekt/FE_Modell/FE-Abaqus-Model/Job-19.odb,Step-163,Increment      6: Step Time =    1.000,"LAGERSITZ_NEU-1",         13085,             6,         12794,      -106.184,       49.6783,      -19.0660,"ASSEMBLY_LAGERSITZ_NEU-1_SET-GEHAEUSE","ALUMINIUM",NA,       592.543,      -1.65329,       588.358,       70.2811,   2.05896E-03,  -2.63015E-03,            2.
D:/MoVerHu_Projekt/FE_Modell/FE-Abaqus-Model/Job-19.odb,Step-163,Increment      6: Step Time =    1.000,"LAGERSITZ_NEU-1",         13079,             6,         12794,      -106.184,       49.6783,      -19.0660,"ASSEMBLY_LAGERSITZ_NEU-1_SET-GEHAEUSE","ALUMINIUM",NA,       592.543,      -1.65329,       588.358,       70.2811,   2.05896E-03,  -2.63015E-03,            2.
D:/MoVerHu_Projekt/FE_Modell/FE-Abaqus-Model/Job-19.odb,Step-163,Increment      6: Step Time =    1.000,"LAGERSITZ_NEU-1",         13080,             6,         12794,      -106.184,       49.6783,      -19.0660,"ASSEMBLY_LAGERSITZ_NEU-1_SET-GEHAEUSE","ALUMINIUM",NA,       592.543,      -1.65329,       588.358,       70.2811,   2.05896E-03,  -2.63015E-03,            2.
D:/MoVerHu_Projekt/FE_Modell/FE-Abaqus-Model/Job-19.odb,Step-163,Increment      6: Step Time =    1.000,"LAGERSITZ_NEU-1",         13080,             6,         12795,      -103.184,       49.6783,      -19.0660,"ASSEMBLY_LAGERSITZ_NEU-1_SET-GEHAEUSE","ALUMINIUM",NA,       534.176,      -1.33250,       530.421,       63.2159,   1.08085E-03,  -2.72234E-03,            2.
D:/MoVerHu_Projekt/FE_Modell/FE-Abaqus-Model/Job-19.odb,Step-163,Increment      6: Step Time =    1.000,"LAGERSITZ_NEU-1",         13085,             6,         12795,      -103.184,       49.6783,      -19.0660,"ASSEMBLY_LAGERSITZ_NEU-1_SET-GEHAEUSE","ALUMINIUM",NA,       534.176,      -1.33250,       530.421,       63.2159,   1.08085E-03,  -2.72234E-03,            2.
D:/MoVerHu_Projekt/FE_Modell/FE-Abaqus-Model/Job-19.odb,Step-163,Increment      6: Step Time =    1.000,"LAGERSITZ_NEU-1",         13081,             6,         12795,      -103.184,       49.6783,      -19.0660,"ASSEMBLY_LAGERSITZ_NEU-1_SET-GEHAEUSE","ALUMINIUM",NA,       534.176,      -1.33250,       530.421,       63.2159,   1.08085E-03,  -2.72234E-03,            2.
D:/MoVerHu_Projekt/FE_Modell/FE-Abaqus-Model/Job-19.odb,Step-163,Increment      6: Step Time =    1.000,"LAGERSITZ_NEU-1",         13086,             6,         12795,      -103.184,       49.6783,      -19.0660,"ASSEMBLY_LAGERSITZ_NEU-1_SET-GEHAEUSE","ALUMINIUM",NA,       534.176,      -1.33250,       530.421,       63.2159,   1.08085E-03,  -2.72234E-03,            2.
D:/MoVerHu_Projekt/FE_Modell/FE-Abaqus-Model/Job-19.odb,Step-163,Increment      6: Step Time =    1.000,"LAGERSITZ_NEU-1",         13082,             6,         12796,      -100.184,       49.6783,      -19.0660,"ASSEMBLY_LAGERSITZ_NEU-1_SET-GEHAEUSE","ALUMINIUM",NA,       670.127,      -1.62470,       665.455,       78.9807,  -356.234E-06,  -2.07015E-03,            2.
D:/MoVerHu_Projekt/FE_Modell/FE-Abaqus-Model/Job-19.odb,Step-163,Increment      6: Step Time =    1.000,"LAGERSITZ_NEU-1",         13087,             6,         12796,      -100.184,       49.6783,      -19.0660,"ASSEMBLY_LAGERSITZ_NEU-1_SET-GEHAEUSE","ALUMINIUM",NA,       670.127,      -1.62470,       665.455,       78.9807,  -356.234E-06,  -2.07015E-03,            2.
D:/MoVerHu_Projekt/FE_Modell/FE-Abaqus-Model/Job-19.odb,Step-163,Increment      6: Step Time =    1.000,"LAGERSITZ_NEU-1",         13081,             6,         12796,      -100.184,       49.6783,      -19.0660,"ASSEMBLY_LAGERSITZ_NEU-1_SET-GEHAEUSE","ALUMINIUM",NA,       670.127,      -1.62470,       665.455,       78.9807,  -356.234E-06,  -2.07015E-03,            2.
D:/MoVerHu_Projekt/FE_Modell/FE-Abaqus-Model/Job-19.odb,Step-163,Increment      6: Step Time =    1.000,"LAGERSITZ_NEU-1",         13086,             6,         12796,      -100.184,       49.6783,      -19.0660,"ASSEMBLY_LAGERSITZ_NEU-1_SET-GEHAEUSE","ALUMINIUM",NA,       670.127,      -1.62470,       665.455,       78.9807,  -356.234E-06,  -2.07015E-03,            2.
D:/MoVerHu_Projekt/FE_Modell/FE-Abaqus-Model/Job-19.odb,Step-163,Increment      6: Step Time =    1.000,"LAGERSITZ_NEU-1",         13084,             6,         12797,      -109.184,       49.1934,      -15.8092,"ASSEMBLY_LAGERSITZ_NEU-1_SET-GEHAEUSE","ALUMINIUM",NA,       485.766,      -1.38134,       478.263,       85.0364,   17.3433E-03,  -17.9951E-03,            2.
D:/MoVerHu_Projekt/FE_Modell/FE-Abaqus-Model/Job-19.odb,Step-163,Increment      6: Step Time =    1.000,"LAGERSITZ_NEU-1",         13089,             6,         12797,      -109.184,       49.1934,      -15.8092,"ASSEMBLY_LAGERSITZ_NEU-1_SET-GEHAEUSE","ALUMINIUM",NA,       485.766,      -1.38134,       478.263,       85.0364,   17.3433E-03,  -17.9951E-03,            2.
D:/MoVerHu_Projekt/FE_Modell/FE-Abaqus-Model/Job-19.odb,Step-163,Increment      6: Step Time =    1.000,"LAGERSITZ_NEU-1",         13088,             6,         12797,      -109.184,       49.1934,      -15.8092,"ASSEMBLY_LAGERSITZ_NEU-1_SET-GEHAEUSE","ALUMINIUM",NA,       485.766,      -1.38134,       478.263,       85.0364,   17.3433E-03,  -17.9951E-03,            2.
D:/MoVerHu_Projekt/FE_Modell/FE-Abaqus-Model/Job-19.odb,Step-163,Increment      6: Step Time =    1.000,"LAGERSITZ_NEU-1",         13083,             6,         12797,      -109.184,       49.1934,      -15.8092,"ASSEMBLY_LAGERSITZ_NEU-1_SET-GEHAEUSE","ALUMINIUM",NA,       485.766,      -1.38134,       478.263,       85.0364,   17.3433E-03,  -17.9951E-03,            2.
D:/MoVerHu_Projekt/FE_Modell/FE-Abaqus-Model/Job-19.odb,Step-163,Increment      6: Step Time =    1.000,"LAGERSITZ_NEU-1",         13090,             6,         12798,      -106.184,       49.1934,      -15.8092,"ASSEMBLY_LAGERSITZ_NEU-1_SET-GEHAEUSE","ALUMINIUM",NA,       482.301,      -1.29740,       474.849,       84.4474,   9.60243E-03,  -9.91308E-03,            2.
D:/MoVerHu_Projekt/FE_Modell/FE-Abaqus-Model/Job-19.odb,Step-163,Increment      6: Step Time =    1.000,"LAGERSITZ_NEU-1",         13084,             6,         12798,      -106.184,       49.1934,      -15.8092,"ASSEMBLY_LAGERSITZ_NEU-1_SET-GEHAEUSE","ALUMINIUM",NA,       482.301,      -1.29740,       474.849,       84.4474,   9.60243E-03,  -9.91308E-03,            2.
D:/MoVerHu_Projekt/FE_Modell/FE-Abaqus-Model/Job-19.odb,Step-163,Increment      6: Step Time =    1.000,"LAGERSITZ_NEU-1",         13085,             6,         12798,      -106.184,       49.1934,      -15.8092,"ASSEMBLY_LAGERSITZ_NEU-1_SET-GEHAEUSE","ALUMINIUM",NA,       482.301,      -1.29740,       474.849,       84.4474,   9.60243E-03,  -9.91308E-03,            2.
D:/MoVerHu_Projekt/FE_Modell/FE-Abaqus-Model/Job-19.odb,Step-163,Increment      6: Step Time =    1.000,"LAGERSITZ_NEU-1",         13089,             6,         12798,      -106.184,       49.1934,      -15.8092,"ASSEMBLY_LAGERSITZ_NEU-1_SET-GEHAEUSE","ALUMINIUM",NA,       482.301,      -1.29740,       474.849,       84.4474,   9.60243E-03,  -9.91308E-03,            2.
D:/MoVerHu_Projekt/FE_Modell/FE-Abaqus-Model/Job-19.odb,Step-163,Increment      6: Step Time =    1.000,"LAGERSITZ_NEU-1",         13090,             6,         12799,      -103.184,       49.1934,      -15.8092,"ASSEMBLY_LAGERSITZ_NEU-1_SET-GEHAEUSE","ALUMINIUM",NA,       406.962,      -1.01103,       400.714,       71.0344,   8.59467E-03,  -16.8105E-03,            2.
D:/MoVerHu_Projekt/FE_Modell/FE-Abaqus-Model/Job-19.odb,Step-163,Increment      6: Step Time =    1.000,"LAGERSITZ_NEU-1",         13085,             6,         12799,      -103.184,       49.1934,      -15.8092,"ASSEMBLY_LAGERSITZ_NEU-1_SET-GEHAEUSE","ALUMINIUM",NA,       406.962,      -1.01103,       400.714,       71.0344,   8.59467E-03,  -16.8105E-03,            2.
D:/MoVerHu_Projekt/FE_Modell/FE-Abaqus-Model/Job-19.odb,Step-163,Increment      6: Step Time =    1.000,"LAGERSITZ_NEU-1",         13091,             6,         12799,      -103.184,       49.1934,      -15.8092,"ASSEMBLY_LAGERSITZ_NEU-1_SET-GEHAEUSE","ALUMINIUM",NA,       406.962,      -1.01103,       400.714,       71.0344,   8.59467E-03,  -16.8105E-03,            2.
D:/MoVerHu_Projekt/FE_Modell/FE-Abaqus-Model/Job-19.odb,Step-163,Increment      6: Step Time =    1.000,"LAGERSITZ_NEU-1",         13086,             6,         12799,      -103.184,       49.1934,      -15.8092,"ASSEMBLY_LAGERSITZ_NEU-1_SET-GEHAEUSE","ALUMINIUM",NA,       406.962,      -1.01103,       400.714,       71.0344,   8.59467E-03,  -16.8105E-03,            2.
D:/MoVerHu_Projekt/FE_Modell/FE-Abaqus-Model/Job-19.odb,Step-163,Increment      6: Step Time =    1.000,"LAGERSITZ_NEU-1",         13087,             6,         12800,      -100.184,       49.1934,      -15.8092,"ASSEMBLY_LAGERSITZ_NEU-1_SET-GEHAEUSE","ALUMINIUM",NA,       421.572,  -994.495E-03,       415.282,       72.5464,  -331.617E-06,  -2.35075E-03,            2.
D:/MoVerHu_Projekt/FE_Modell/FE-Abaqus-Model/Job-19.odb,Step-163,Increment      6: Step Time =    1.000,"LAGERSITZ_NEU-1",         13091,             6,         12800,      -100.184,       49.1934,      -15.8092,"ASSEMBLY_LAGERSITZ_NEU-1_SET-GEHAEUSE","ALUMINIUM",NA,       421.572,  -994.495E-03,       415.282,       72.5464,  -331.617E-06,  -2.35075E-03,            2.
D:/MoVerHu_Projekt/FE_Modell/FE-Abaqus-Model/Job-19.odb,Step-163,Increment      6: Step Time =    1.000,"LAGERSITZ_NEU-1",         13092,             6,         12800,      -100.184,       49.1934,      -15.8092,"ASSEMBLY_LAGERSITZ_NEU-1_SET-GEHAEUSE","ALUMINIUM",NA,       421.572,  -994.495E-03,       415.282,       72.5464,  -331.617E-06,  -2.35075E-03,            2.
D:/MoVerHu_Projekt/FE_Modell/FE-Abaqus-Model/Job-19.odb,Step-163,Increment      6: Step Time =    1.000,"LAGERSITZ_NEU-1",         13086,             6,         12800,      -100.184,       49.1934,      -15.8092,"ASSEMBLY_LAGERSITZ_NEU-1_SET-GEHAEUSE","ALUMINIUM",NA,       421.572,  -994.495E-03,       415.282,       72.5464,  -331.617E-06,  -2.35075E-03,            2.
D:/MoVerHu_Projekt/FE_Modell/FE-Abaqus-Model/Job-19.odb,Step-163,Increment      6: Step Time =    1.000,"LAGERSITZ_NEU-1",         13094,             6,         12801,      -109.184,       47.7074,      -9.62024,"ASSEMBLY_LAGERSITZ_NEU-1_SET-GEHAEUSE","ALUMINIUM",NA,       158.665,  -407.557E-03,       151.761,       46.2923,   8.84413E-03,  -61.1621E-03,            2.
D:/MoVerHu_Projekt/FE_Modell/FE-Abaqus-Model/Job-19.odb,Step-163,Increment      6: Step Time =    1.000,"LAGERSITZ_NEU-1",         13099,             6,         12801,      -109.184,       47.7074,      -9.62024,"ASSEMBLY_LAGERSITZ_NEU-1_SET-GEHAEUSE","ALUMINIUM",NA,       158.665,  -407.557E-03,       151.761,       46.2923,   8.84413E-03,  -61.1621E-03,            2.
D:/MoVerHu_Projekt/FE_Modell/FE-Abaqus-Model/Job-19.odb,Step-163,Increment      6: Step Time =    1.000,"LAGERSITZ_NEU-1",         13093,             6,         12801,      -109.184,       47.7074,      -9.62024,"ASSEMBLY_LAGERSITZ_NEU-1_SET-GEHAEUSE","ALUMINIUM",NA,       158.665,  -407.557E-03,       151.761,       46.2923,   8.84413E-03,  -61.1621E-03,            2.
D:/MoVerHu_Projekt/FE_Modell/FE-Abaqus-Model/Job-19.odb,Step-163,Increment      6: Step Time =    1.000,"LAGERSITZ_NEU-1",         13098,             6,         12801,      -109.184,       47.7074,      -9.62024,"ASSEMBLY_LAGERSITZ_NEU-1_SET-GEHAEUSE","ALUMINIUM",NA,       158.665,  -407.557E-03,       151.761,       46.2923,   8.84413E-03,  -61.1621E-03,            2.
D:/MoVerHu_Projekt/FE_Modell/FE-Abaqus-Model/Job-19.odb,Step-163,Increment      6: Step Time =    1.000,"LAGERSITZ_NEU-1",         13095,             6,         12802,      -106.184,       47.7074,      -9.62024,"ASSEMBLY_LAGERSITZ_NEU-1_SET-GEHAEUSE","ALUMINIUM",NA,       149.477,  -357.770E-03,       142.958,       43.6590,   308.739E-06,  -51.9330E-03,            2.
D:/MoVerHu_Projekt/FE_Modell/FE-Abaqus-Model/Job-19.odb,Step-163,Increment      6: Step Time =    1.000,"LAGERSITZ_NEU-1",         13099,             6,         12802,      -106.184,       47.7074,      -9.62024,"ASSEMBLY_LAGERSITZ_NEU-1_SET-GEHAEUSE","ALUMINIUM",NA,       149.477,  -357.770E-03,       142.958,       43.6590,   308.739E-06,  -51.9330E-03,            2.
D:/MoVerHu_Projekt/FE_Modell/FE-Abaqus-Model/Job-19.odb,Step-163,Increment      6: Step Time =    1.000,"LAGERSITZ_NEU-1",         13100,             6,         12802,      -106.184,       47.7074,      -9.62024,"ASSEMBLY_LAGERSITZ_NEU-1_SET-GEHAEUSE","ALUMINIUM",NA,       149.477,  -357.770E-03,       142.958,       43.6590,   308.739E-06,  -51.9330E-03,            2.
D:/MoVerHu_Projekt/FE_Modell/FE-Abaqus-Model/Job-19.odb,Step-163,Increment      6: Step Time =    1.000,"LAGERSITZ_NEU-1",         13094,             6,         12802,      -106.184,       47.7074,      -9.62024,"ASSEMBLY_LAGERSITZ_NEU-1_SET-GEHAEUSE","ALUMINIUM",NA,       149.477,  -357.770E-03,       142.958,       43.6590,   308.739E-06,  -51.9330E-03,            2.
D:/MoVerHu_Projekt/FE_Modell/FE-Abaqus-Model/Job-19.odb,Step-163,Increment      6: Step Time =    1.000,"LAGERSITZ_NEU-1",         13095,             6,         12803,      -103.184,       47.7074,      -9.62024,"ASSEMBLY_LAGERSITZ_NEU-1_SET-GEHAEUSE","ALUMINIUM",NA,       97.1200,  -217.248E-03,       92.8469,       28.4902,  -5.70698E-03,  -42.9011E-03,            2.
D:/MoVerHu_Projekt/FE_Modell/FE-Abaqus-Model/Job-19.odb,Step-163,Increment      6: Step Time =    1.000,"LAGERSITZ_NEU-1",         13101,             6,         12803,      -103.184,       47.7074,      -9.62024,"ASSEMBLY_LAGERSITZ_NEU-1_SET-GEHAEUSE","ALUMINIUM",NA,       97.1200,  -217.248E-03,       92.8469,       28.4902,  -5.70698E-03,  -42.9011E-03,            2.
D:/MoVerHu_Projekt/FE_Modell/FE-Abaqus-Model/Job-19.odb,Step-163,Increment      6: Step Time =    1.000,"LAGERSITZ_NEU-1",         13096,             6,         12803,      -103.184,       47.7074,      -9.62024,"ASSEMBLY_LAGERSITZ_NEU-1_SET-GEHAEUSE","ALUMINIUM",NA,       97.1200,  -217.248E-03,       92.8469,       28.4902,  -5.70698E-03,  -42.9011E-03,            2.
D:/MoVerHu_Projekt/FE_Modell/FE-Abaqus-Model/Job-19.odb,Step-163,Increment      6: Step Time =    1.000,"LAGERSITZ_NEU-1",         13100,             6,         12803,      -103.184,       47.7074,      -9.62024,"ASSEMBLY_LAGERSITZ_NEU-1_SET-GEHAEUSE","ALUMINIUM",NA,       97.1200,  -217.248E-03,       92.8469,       28.4902,  -5.70698E-03,  -42.9011E-03,            2.
D:/MoVerHu_Projekt/FE_Modell/FE-Abaqus-Model/Job-19.odb,Step-163,Increment      6: Step Time =    1.000,"LAGERSITZ_NEU-1",         13102,             6,         12804,      -100.184,       47.7074,      -9.62024,"ASSEMBLY_LAGERSITZ_NEU-1_SET-GEHAEUSE","ALUMINIUM",NA,       23.3721,  -48.3934E-03,       22.2644,       7.10961,  -3.37259E-15,  -515.242E-18,       NoValue
D:/MoVerHu_Projekt/FE_Modell/FE-Abaqus-Model/Job-19.odb,Step-163,Increment      6: Step Time =    1.000,"LAGERSITZ_NEU-1",         13097,             6,         12804,      -100.184,       47.7074,      -9.62024,"ASSEMBLY_LAGERSITZ_NEU-1_SET-GEHAEUSE","ALUMINIUM",NA,       23.3721,  -48.3934E-03,       22.2644,       7.10961,  -3.37259E-15,  -515.242E-18,       NoValue
D:/MoVerHu_Projekt/FE_Modell/FE-Abaqus-Model/Job-19.odb,Step-163,Increment      6: Step Time =    1.000,"LAGERSITZ_NEU-1",         13101,             6,         12804,      -100.184,       47.7074,      -9.62024,"ASSEMBLY_LAGERSITZ_NEU-1_SET-GEHAEUSE","ALUMINIUM",NA,       23.3721,  -48.3934E-03,       22.2644,       7.10961,  -3.37259E-15,  -515.242E-18,       NoValue
D:/MoVerHu_Projekt/FE_Modell/FE-Abaqus-Model/Job-19.odb,Step-163,Increment      6: Step Time =    1.000,"LAGERSITZ_NEU-1",         13096,             6,         12804,      -100.184,       47.7074,      -9.62024,"ASSEMBLY_LAGERSITZ_NEU-1_SET-GEHAEUSE","ALUMINIUM",NA,       23.3721,  -48.3934E-03,       22.2644,       7.10961,  -3.37259E-15,  -515.242E-18,       NoValue
D:/MoVerHu_Projekt/FE_Modell/FE-Abaqus-Model/Job-19.odb,Step-163,Increment      6: Step Time =    1.000,"LAGERSITZ_NEU-1",         13099,             6,         12805,      -109.184,       46.7358,      -6.70289,"ASSEMBLY_LAGERSITZ_NEU-1_SET-GEHAEUSE","ALUMINIUM",NA,       259.761,  -621.829E-03,       243.758,       89.7646,  -24.3739E-03,  -90.3123E-03,            2.
D:/MoVerHu_Projekt/FE_Modell/FE-Abaqus-Model/Job-19.odb,Step-163,Increment      6: Step Time =    1.000,"LAGERSITZ_NEU-1",         13104,             6,         12805,      -109.184,       46.7358,      -6.70289,"ASSEMBLY_LAGERSITZ_NEU-1_SET-GEHAEUSE","ALUMINIUM",NA,       259.761,  -621.829E-03,       243.758,       89.7646,  -24.3739E-03,  -90.3123E-03,            2.
D:/MoVerHu_Projekt/FE_Modell/FE-Abaqus-Model/Job-19.odb,Step-163,Increment      6: Step Time =    1.000,"LAGERSITZ_NEU-1",         13098,             6,         12805,      -109.184,       46.7358,      -6.70289,"ASSEMBLY_LAGERSITZ_NEU-1_SET-GEHAEUSE","ALUMINIUM",NA,       259.761,  -621.829E-03,       243.758,       89.7646,  -24.3739E-03,  -90.3123E-03,            2.
D:/MoVerHu_Projekt/FE_Modell/FE-Abaqus-Model/Job-19.odb,Step-163,Increment      6: Step Time =    1.000,"LAGERSITZ_NEU-1",         13103,             6,         12805,      -109.184,       46.7358,      -6.70289,"ASSEMBLY_LAGERSITZ_NEU-1_SET-GEHAEUSE","ALUMINIUM",NA,       259.761,  -621.829E-03,       243.758,       89.7646,  -24.3739E-03,  -90.3123E-03,            2.
D:/MoVerHu_Projekt/FE_Modell/FE-Abaqus-Model/Job-19.odb,Step-163,Increment      6: Step Time =    1.000,"LAGERSITZ_NEU-1",         13100,             6,         12806,      -106.184,       46.7358,      -6.70289,"ASSEMBLY_LAGERSITZ_NEU-1_SET-GEHAEUSE","ALUMINIUM",NA,       252.975,  -563.327E-03,       237.373,       87.4664,  -34.4725E-03,  -90.5721E-03,            2.
D:/MoVerHu_Projekt/FE_Modell/FE-Abaqus-Model/Job-19.odb,Step-163,Increment      6: Step Time =    1.000,"LAGERSITZ_NEU-1",         13099,             6,         12806,      -106.184,       46.7358,      -6.70289,"ASSEMBLY_LAGERSITZ_NEU-1_SET-GEHAEUSE","ALUMINIUM",NA,       252.975,  -563.327E-03,       237.373,       87.4664,  -34.4725E-03,  -90.5721E-03,            2.
D:/MoVerHu_Projekt/FE_Modell/FE-Abaqus-Model/Job-19.odb,Step-163,Increment      6: Step Time =    1.000,"LAGERSITZ_NEU-1",         13104,             6,         12806,      -106.184,       46.7358,      -6.70289,"ASSEMBLY_LAGERSITZ_NEU-1_SET-GEHAEUSE","ALUMINIUM",NA,       252.975,  -563.327E-03,       237.373,       87.4664,  -34.4725E-03,  -90.5721E-03,            2.
D:/MoVerHu_Projekt/FE_Modell/FE-Abaqus-Model/Job-19.odb,Step-163,Increment      6: Step Time =    1.000,"LAGERSITZ_NEU-1",         13105,             6,         12806,      -106.184,       46.7358,      -6.70289,"ASSEMBLY_LAGERSITZ_NEU-1_SET-GEHAEUSE","ALUMINIUM",NA,       252.975,  -563.327E-03,       237.373,       87.4664,  -34.4725E-03,  -90.5721E-03,            2.
D:/MoVerHu_Projekt/FE_Modell/FE-Abaqus-Model/Job-19.odb,Step-163,Increment      6: Step Time =    1.000,"LAGERSITZ_NEU-1",         13105,             6,         12807,      -103.184,       46.7358,      -6.70289,"ASSEMBLY_LAGERSITZ_NEU-1_SET-GEHAEUSE","ALUMINIUM",NA,       205.212,  -422.425E-03,       192.486,       71.1404,  -43.2256E-03,  -91.3143E-03,            2.
D:/MoVerHu_Projekt/FE_Modell/FE-Abaqus-Model/Job-19.odb,Step-163,Increment      6: Step Time =    1.000,"LAGERSITZ_NEU-1",         13101,             6,         12807,      -103.184,       46.7358,      -6.70289,"ASSEMBLY_LAGERSITZ_NEU-1_SET-GEHAEUSE","ALUMINIUM",NA,       205.212,  -422.425E-03,       192.486,       71.1404,  -43.2256E-03,  -91.3143E-03,            2.
D:/MoVerHu_Projekt/FE_Modell/FE-Abaqus-Model/Job-19.odb,Step-163,Increment      6: Step Time =    1.000,"LAGERSITZ_NEU-1",         13106,             6,         12807,      -103.184,       46.7358,      -6.70289,"ASSEMBLY_LAGERSITZ_NEU-1_SET-GEHAEUSE","ALUMINIUM",NA,       205.212,  -422.425E-03,       192.486,       71.1404,  -43.2256E-03,  -91.3143E-03,            2.
D:/MoVerHu_Projekt/FE_Modell/FE-Abaqus-Model/Job-19.odb,Step-163,Increment      6: Step Time =    1.000,"LAGERSITZ_NEU-1",         13100,             6,         12807,      -103.184,       46.7358,      -6.70289,"ASSEMBLY_LAGERSITZ_NEU-1_SET-GEHAEUSE","ALUMINIUM",NA,       205.212,  -422.425E-03,       192.486,       71.1404,  -43.2256E-03,  -91.3143E-03,            2.
D:/MoVerHu_Projekt/FE_Modell/FE-Abaqus-Model/Job-19.odb,Step-163,Increment      6: Step Time =    1.000,"LAGERSITZ_NEU-1",         13102,             6,         12808,      -100.184,       46.7358,      -6.70289,"ASSEMBLY_LAGERSITZ_NEU-1_SET-GEHAEUSE","ALUMINIUM",NA,       103.076,  -192.244E-03,       96.6455,       35.8356,  -52.8905E-03,  -87.2505E-03,            2.
D:/MoVerHu_Projekt/FE_Modell/FE-Abaqus-Model/Job-19.odb,Step-163,Increment      6: Step Time =    1.000,"LAGERSITZ_NEU-1",         13106,             6,         12808,      -100.184,       46.7358,      -6.70289,"ASSEMBLY_LAGERSITZ_NEU-1_SET-GEHAEUSE","ALUMINIUM",NA,       103.076,  -192.244E-03,       96.6455,       35.8356,  -52.8905E-03,  -87.2505E-03,            2.
D:/MoVerHu_Projekt/FE_Modell/FE-Abaqus-Model/Job-19.odb,Step-163,Increment      6: Step Time =    1.000,"LAGERSITZ_NEU-1",         13107,             6,         12808,      -100.184,       46.7358,      -6.70289,"ASSEMBLY_LAGERSITZ_NEU-1_SET-GEHAEUSE","ALUMINIUM",NA,       103.076,  -192.244E-03,       96.6455,       35.8356,  -52.8905E-03,  -87.2505E-03,            2.
D:/MoVerHu_Projekt/FE_Modell/FE-Abaqus-Model/Job-19.odb,Step-163,Increment      6: Step Time =    1.000,"LAGERSITZ_NEU-1",         13101,             6,         12808,      -100.184,       46.7358,      -6.70289,"ASSEMBLY_LAGERSITZ_NEU-1_SET-GEHAEUSE","ALUMINIUM",NA,       103.076,  -192.244E-03,       96.6455,       35.8356,  -52.8905E-03,  -87.2505E-03,            2.
D:/MoVerHu_Projekt/FE_Modell/FE-Abaqus-Model/Job-19.odb,Step-163,Increment      6: Step Time =    1.000,"LAGERSITZ_NEU-1",         13108,             6,         12809,      -109.184,       45.6027,      -3.84439,"ASSEMBLY_LAGERSITZ_NEU-1_SET-GEHAEUSE","ALUMINIUM",NA,       286.515,  -634.776E-03,       263.250,       113.092,  -52.4206E-03,  -92.2346E-03,            2.
D:/MoVerHu_Projekt/FE_Modell/FE-Abaqus-Model/Job-19.odb,Step-163,Increment      6: Step Time =    1.000,"LAGERSITZ_NEU-1",         13103,             6,         12809,      -109.184,       45.6027,      -3.84439,"ASSEMBLY_LAGERSITZ_NEU-1_SET-GEHAEUSE","ALUMINIUM",NA,       286.515,  -634.776E-03,       263.250,       113.092,  -52.4206E-03,  -92.2346E-03,            2.
D:/MoVerHu_Projekt/FE_Modell/FE-Abaqus-Model/Job-19.odb,Step-163,Increment      6: Step Time =    1.000,"LAGERSITZ_NEU-1",         13109,             6,         12809,      -109.184,       45.6027,      -3.84439,"ASSEMBLY_LAGERSITZ_NEU-1_SET-GEHAEUSE","ALUMINIUM",NA,       286.515,  -634.776E-03,       263.250,       113.092,  -52.4206E-03,  -92.2346E-03,            2.
D:/MoVerHu_Projekt/FE_Modell/FE-Abaqus-Model/Job-19.odb,Step-163,Increment      6: Step Time =    1.000,"LAGERSITZ_NEU-1",         13104,             6,         12809,      -109.184,       45.6027,      -3.84439,"ASSEMBLY_LAGERSITZ_NEU-1_SET-GEHAEUSE","ALUMINIUM",NA,       286.515,  -634.776E-03,       263.250,       113.092,  -52.4206E-03,  -92.2346E-03,            2.
D:/MoVerHu_Projekt/FE_Modell/FE-Abaqus-Model/Job-19.odb,Step-163,Increment      6: Step Time =    1.000,"LAGERSITZ_NEU-1",         13109,             6,         12810,      -106.184,       45.6027,      -3.84439,"ASSEMBLY_LAGERSITZ_NEU-1_SET-GEHAEUSE","ALUMINIUM",NA,       278.827,  -573.560E-03,       256.169,       110.098,  -61.0465E-03,  -90.5414E-03,            2.
D:/MoVerHu_Projekt/FE_Modell/FE-Abaqus-Model/Job-19.odb,Step-163,Increment      6: Step Time =    1.000,"LAGERSITZ_NEU-1",         13110,             6,         12810,      -106.184,       45.6027,      -3.84439,"ASSEMBLY_LAGERSITZ_NEU-1_SET-GEHAEUSE","ALUMINIUM",NA,       278.827,  -573.560E-03,       256.169,       110.098,  -61.0465E-03,  -90.5414E-03,            2.
D:/MoVerHu_Projekt/FE_Modell/FE-Abaqus-Model/Job-19.odb,Step-163,Increment      6: Step Time =    1.000,"LAGERSITZ_NEU-1",         13104,             6,         12810,      -106.184,       45.6027,      -3.84439,"ASSEMBLY_LAGERSITZ_NEU-1_SET-GEHAEUSE","ALUMINIUM",NA,       278.827,  -573.560E-03,       256.169,       110.098,  -61.0465E-03,  -90.5414E-03,            2.
D:/MoVerHu_Projekt/FE_Modell/FE-Abaqus-Model/Job-19.odb,Step-163,Increment      6: Step Time =    1.000,"LAGERSITZ_NEU-1",         13105,             6,         12810,      -106.184,       45.6027,      -3.84439,"ASSEMBLY_LAGERSITZ_NEU-1_SET-GEHAEUSE","ALUMINIUM",NA,       278.827,  -573.560E-03,       256.169,       110.098,  -61.0465E-03,  -90.5414E-03,            2.
D:/MoVerHu_Projekt/FE_Modell/FE-Abaqus-Model/Job-19.odb,Step-163,Increment      6: Step Time =    1.000,"LAGERSITZ_NEU-1",         13111,             6,         12811,      -103.184,       45.6027,      -3.84439,"ASSEMBLY_LAGERSITZ_NEU-1_SET-GEHAEUSE","ALUMINIUM",NA,       242.445,  -462.819E-03,       222.720,       95.7865,  -69.7531E-03,  -94.2805E-03,            2.
D:/MoVerHu_Projekt/FE_Modell/FE-Abaqus-Model/Job-19.odb,Step-163,Increment      6: Step Time =    1.000,"LAGERSITZ_NEU-1",         13110,             6,         12811,      -103.184,       45.6027,      -3.84439,"ASSEMBLY_LAGERSITZ_NEU-1_SET-GEHAEUSE","ALUMINIUM",NA,       242.445,  -462.819E-03,       222.720,       95.7865,  -69.7531E-03,  -94.2805E-03,            2.
D:/MoVerHu_Projekt/FE_Modell/FE-Abaqus-Model/Job-19.odb,Step-163,Increment      6: Step Time =    1.000,"LAGERSITZ_NEU-1",         13106,             6,         12811,      -103.184,       45.6027,      -3.84439,"ASSEMBLY_LAGERSITZ_NEU-1_SET-GEHAEUSE","ALUMINIUM",NA,       242.445,  -462.819E-03,       222.720,       95.7865,  -69.7531E-03,  -94.2805E-03,            2.
D:/MoVerHu_Projekt/FE_Modell/FE-Abaqus-Model/Job-19.odb,Step-163,Increment      6: Step Time =    1.000,"LAGERSITZ_NEU-1",         13105,             6,         12811,      -103.184,       45.6027,      -3.84439,"ASSEMBLY_LAGERSITZ_NEU-1_SET-GEHAEUSE","ALUMINIUM",NA,       242.445,  -462.819E-03,       222.720,       95.7865,  -69.7531E-03,  -94.2805E-03,            2.
D:/MoVerHu_Projekt/FE_Modell/FE-Abaqus-Model/Job-19.odb,Step-163,Increment      6: Step Time =    1.000,"LAGERSITZ_NEU-1",         13106,             6,         12812,      -100.184,       45.6027,      -3.84439,"ASSEMBLY_LAGERSITZ_NEU-1_SET-GEHAEUSE","ALUMINIUM",NA,       122.894,  -217.444E-03,       112.899,       48.5442,  -82.3291E-03,  -107.811E-03,            2.
D:/MoVerHu_Projekt/FE_Modell/FE-Abaqus-Model/Job-19.odb,Step-163,Increment      6: Step Time =    1.000,"LAGERSITZ_NEU-1",         13107,             6,         12812,      -100.184,       45.6027,      -3.84439,"ASSEMBLY_LAGERSITZ_NEU-1_SET-GEHAEUSE","ALUMINIUM",NA,       122.894,  -217.444E-03,       112.899,       48.5442,  -82.3291E-03,  -107.811E-03,            2.
D:/MoVerHu_Projekt/FE_Modell/FE-Abaqus-Model/Job-19.odb,Step-163,Increment      6: Step Time =    1.000,"LAGERSITZ_NEU-1",         13112,             6,         12812,      -100.184,       45.6027,      -3.84439,"ASSEMBLY_LAGERSITZ_NEU-1_SET-GEHAEUSE","ALUMINIUM",NA,       122.894,  -217.444E-03,       112.899,       48.5442,  -82.3291E-03,  -107.811E-03,            2.
D:/MoVerHu_Projekt/FE_Modell/FE-Abaqus-Model/Job-19.odb,Step-163,Increment      6: Step Time =    1.000,"LAGERSITZ_NEU-1",         13111,             6,         12812,      -100.184,       45.6027,      -3.84439,"ASSEMBLY_LAGERSITZ_NEU-1_SET-GEHAEUSE","ALUMINIUM",NA,       122.894,  -217.444E-03,       112.899,       48.5442,  -82.3291E-03,  -107.811E-03,            2.
D:/MoVerHu_Projekt/FE_Modell/FE-Abaqus-Model/Job-19.odb,Step-163,Increment      6: Step Time =    1.000,"LAGERSITZ_NEU-1",         13113,             6,         12813,      -109.184,       44.3116,      -1.05368,"ASSEMBLY_LAGERSITZ_NEU-1_SET-GEHAEUSE","ALUMINIUM",NA,       224.730,  -449.805E-03,       201.104,       100.303,  -87.6579E-03,  -118.182E-03,            2.
D:/MoVerHu_Projekt/FE_Modell/FE-Abaqus-Model/Job-19.odb,Step-163,Increment      6: Step Time =    1.000,"LAGERSITZ_NEU-1",         13109,             6,         12813,      -109.184,       44.3116,      -1.05368,"ASSEMBLY_LAGERSITZ_NEU-1_SET-GEHAEUSE","ALUMINIUM",NA,       224.730,  -449.805E-03,       201.104,       100.303,  -87.6579E-03,  -118.182E-03,            2.
D:/MoVerHu_Projekt/FE_Modell/FE-Abaqus-Model/Job-19.odb,Step-163,Increment      6: Step Time =    1.000,"LAGERSITZ_NEU-1",         13114,             6,         12813,      -109.184,       44.3116,      -1.05368,"ASSEMBLY_LAGERSITZ_NEU-1_SET-GEHAEUSE","ALUMINIUM",NA,       224.730,  -449.805E-03,       201.104,       100.303,  -87.6579E-03,  -118.182E-03,            2.
D:/MoVerHu_Projekt/FE_Modell/FE-Abaqus-Model/Job-19.odb,Step-163,Increment      6: Step Time =    1.000,"LAGERSITZ_NEU-1",         13108,             6,         12813,      -109.184,       44.3116,      -1.05368,"ASSEMBLY_LAGERSITZ_NEU-1_SET-GEHAEUSE","ALUMINIUM",NA,       224.730,  -449.805E-03,       201.104,       100.303,  -87.6579E-03,  -118.182E-03,            2.
D:/MoVerHu_Projekt/FE_Modell/FE-Abaqus-Model/Job-19.odb,Step-163,Increment      6: Step Time =    1.000,"LAGERSITZ_NEU-1",         13110,             6,         12814,      -106.184,       44.3116,      -1.05368,"ASSEMBLY_LAGERSITZ_NEU-1_SET-GEHAEUSE","ALUMINIUM",NA,       221.435,  -415.554E-03,       198.134,       98.8753,  -90.3632E-03,  -108.438E-03,            2.
D:/MoVerHu_Projekt/FE_Modell/FE-Abaqus-Model/Job-19.odb,Step-163,Increment      6: Step Time =    1.000,"LAGERSITZ_NEU-1",         13114,             6,         12814,      -106.184,       44.3116,      -1.05368,"ASSEMBLY_LAGERSITZ_NEU-1_SET-GEHAEUSE","ALUMINIUM",NA,       221.435,  -415.554E-03,       198.134,       98.8753,  -90.3632E-03,  -108.438E-03,            2.
D:/MoVerHu_Projekt/FE_Modell/FE-Abaqus-Model/Job-19.odb,Step-163,Increment      6: Step Time =    1.000,"LAGERSITZ_NEU-1",         13115,             6,         12814,      -106.184,       44.3116,      -1.05368,"ASSEMBLY_LAGERSITZ_NEU-1_SET-GEHAEUSE","ALUMINIUM",NA,       221.435,  -415.554E-03,       198.134,       98.8753,  -90.3632E-03,  -108.438E-03,            2.
D:/MoVerHu_Projekt/FE_Modell/FE-Abaqus-Model/Job-19.odb,Step-163,Increment      6: Step Time =    1.000,"LAGERSITZ_NEU-1",         13109,             6,         12814,      -106.184,       44.3116,      -1.05368,"ASSEMBLY_LAGERSITZ_NEU-1_SET-GEHAEUSE","ALUMINIUM",NA,       221.435,  -415.554E-03,       198.134,       98.8753,  -90.3632E-03,  -108.438E-03,            2.
D:/MoVerHu_Projekt/FE_Modell/FE-Abaqus-Model/Job-19.odb,Step-163,Increment      6: Step Time =    1.000,"LAGERSITZ_NEU-1",         13116,             6,         12815,      -103.184,       44.3116,      -1.05368,"ASSEMBLY_LAGERSITZ_NEU-1_SET-GEHAEUSE","ALUMINIUM",NA,       191.072,  -332.267E-03,       170.927,       85.3941,  -101.759E-03,  -119.117E-03,            2.
D:/MoVerHu_Projekt/FE_Modell/FE-Abaqus-Model/Job-19.odb,Step-163,Increment      6: Step Time =    1.000,"LAGERSITZ_NEU-1",         13111,             6,         12815,      -103.184,       44.3116,      -1.05368,"ASSEMBLY_LAGERSITZ_NEU-1_SET-GEHAEUSE","ALUMINIUM",NA,       191.072,  -332.267E-03,       170.927,       85.3941,  -101.759E-03,  -119.117E-03,            2.
D:/MoVerHu_Projekt/FE_Modell/FE-Abaqus-Model/Job-19.odb,Step-163,Increment      6: Step Time =    1.000,"LAGERSITZ_NEU-1",         13115,             6,         12815,      -103.184,       44.3116,      -1.05368,"ASSEMBLY_LAGERSITZ_NEU-1_SET-GEHAEUSE","ALUMINIUM",NA,       191.072,  -332.267E-03,       170.927,       85.3941,  -101.759E-03,  -119.117E-03,            2.
D:/MoVerHu_Projekt/FE_Modell/FE-Abaqus-Model/Job-19.odb,Step-163,Increment      6: Step Time =    1.000,"LAGERSITZ_NEU-1",         13110,             6,         12815,      -103.184,       44.3116,      -1.05368,"ASSEMBLY_LAGERSITZ_NEU-1_SET-GEHAEUSE","ALUMINIUM",NA,       191.072,  -332.267E-03,       170.927,       85.3941,  -101.759E-03,  -119.117E-03,            2.
D:/MoVerHu_Projekt/FE_Modell/FE-Abaqus-Model/Job-19.odb,Step-163,Increment      6: Step Time =    1.000,"LAGERSITZ_NEU-1",         13112,             6,         12816,      -100.184,       44.3116,      -1.05368,"ASSEMBLY_LAGERSITZ_NEU-1_SET-GEHAEUSE","ALUMINIUM",NA,       98.7371,  -159.193E-03,       88.2676,       44.2472,  -108.780E-03,  -123.836E-03,            2.
D:/MoVerHu_Projekt/FE_Modell/FE-Abaqus-Model/Job-19.odb,Step-163,Increment      6: Step Time =    1.000,"LAGERSITZ_NEU-1",         13117,             6,         12816,      -100.184,       44.3116,      -1.05368,"ASSEMBLY_LAGERSITZ_NEU-1_SET-GEHAEUSE","ALUMINIUM",NA,       98.7371,  -159.193E-03,       88.2676,       44.2472,  -108.780E-03,  -123.836E-03,            2.
D:/MoVerHu_Projekt/FE_Modell/FE-Abaqus-Model/Job-19.odb,Step-163,Increment      6: Step Time =    1.000,"LAGERSITZ_NEU-1",         13111,             6,         12816,      -100.184,       44.3116,      -1.05368,"ASSEMBLY_LAGERSITZ_NEU-1_SET-GEHAEUSE","ALUMINIUM",NA,       98.7371,  -159.193E-03,       88.2676,       44.2472,  -108.780E-03,  -123.836E-03,            2.
D:/MoVerHu_Projekt/FE_Modell/FE-Abaqus-Model/Job-19.odb,Step-163,Increment      6: Step Time =    1.000,"LAGERSITZ_NEU-1",         13116,             6,         12816,      -100.184,       44.3116,      -1.05368,"ASSEMBLY_LAGERSITZ_NEU-1_SET-GEHAEUSE","ALUMINIUM",NA,       98.7371,  -159.193E-03,       88.2676,       44.2472,  -108.780E-03,  -123.836E-03,            2.
D:/MoVerHu_Projekt/FE_Modell/FE-Abaqus-Model/Job-19.odb,Step-163,Increment      6: Step Time =    1.000,"LAGERSITZ_NEU-1",         13118,             6,         12817,      -109.184,       42.8665,       1.66051,"ASSEMBLY_LAGERSITZ_NEU-1_SET-GEHAEUSE","ALUMINIUM",NA,       300.840,  -531.352E-03,       261.015,       149.585,  -45.0725E-03,  -40.0008E-03,            2.
D:/MoVerHu_Projekt/FE_Modell/FE-Abaqus-Model/Job-19.odb,Step-163,Increment      6: Step Time =    1.000,"LAGERSITZ_NEU-1",         13114,             6,         12817,      -109.184,       42.8665,       1.66051,"ASSEMBLY_LAGERSITZ_NEU-1_SET-GEHAEUSE","ALUMINIUM",NA,       300.840,  -531.352E-03,       261.015,       149.585,  -45.0725E-03,  -40.0008E-03,            2.
D:/MoVerHu_Projekt/FE_Modell/FE-Abaqus-Model/Job-19.odb,Step-163,Increment      6: Step Time =    1.000,"LAGERSITZ_NEU-1",         13119,             6,         12817,      -109.184,       42.8665,       1.66051,"ASSEMBLY_LAGERSITZ_NEU-1_SET-GEHAEUSE","ALUMINIUM",NA,       300.840,  -531.352E-03,       261.015,       149.585,  -45.0725E-03,  -40.0008E-03,            2.
D:/MoVerHu_Projekt/FE_Modell/FE-Abaqus-Model/Job-19.odb,Step-163,Increment      6: Step Time =    1.000,"LAGERSITZ_NEU-1",         13113,             6,         12817,      -109.184,       42.8665,       1.66051,"ASSEMBLY_LAGERSITZ_NEU-1_SET-GEHAEUSE","ALUMINIUM",NA,       300.840,  -531.352E-03,       261.015,       149.585,  -45.0725E-03,  -40.0008E-03,            2.
D:/MoVerHu_Projekt/FE_Modell/FE-Abaqus-Model/Job-19.odb,Step-163,Increment      6: Step Time =    1.000,"LAGERSITZ_NEU-1",         13119,             6,         12818,      -106.184,       42.8665,       1.66051,"ASSEMBLY_LAGERSITZ_NEU-1_SET-GEHAEUSE","ALUMINIUM",NA,       296.565,  -493.310E-03,       257.282,       147.501,  -44.2964E-03,  -37.3995E-03,            2.
D:/MoVerHu_Projekt/FE_Modell/FE-Abaqus-Model/Job-19.odb,Step-163,Increment      6: Step Time =    1.000,"LAGERSITZ_NEU-1",         13114,             6,         12818,      -106.184,       42.8665,       1.66051,"ASSEMBLY_LAGERSITZ_NEU-1_SET-GEHAEUSE","ALUMINIUM",NA,       296.565,  -493.310E-03,       257.282,       147.501,  -44.2964E-03,  -37.3995E-03,            2.
D:/MoVerHu_Projekt/FE_Modell/FE-Abaqus-Model/Job-19.odb,Step-163,Increment      6: Step Time =    1.000,"LAGERSITZ_NEU-1",         13115,             6,         12818,      -106.184,       42.8665,       1.66051,"ASSEMBLY_LAGERSITZ_NEU-1_SET-GEHAEUSE","ALUMINIUM",NA,       296.565,  -493.310E-03,       257.282,       147.501,  -44.2964E-03,  -37.3995E-03,            2.
D:/MoVerHu_Projekt/FE_Modell/FE-Abaqus-Model/Job-19.odb,Step-163,Increment      6: Step Time =    1.000,"LAGERSITZ_NEU-1",         13120,             6,         12818,      -106.184,       42.8665,       1.66051,"ASSEMBLY_LAGERSITZ_NEU-1_SET-GEHAEUSE","ALUMINIUM",NA,       296.565,  -493.310E-03,       257.282,       147.501,  -44.2964E-03,  -37.3995E-03,            2.
D:/MoVerHu_Projekt/FE_Modell/FE-Abaqus-Model/Job-19.odb,Step-163,Increment      6: Step Time =    1.000,"LAGERSITZ_NEU-1",         13115,             6,         12819,      -103.184,       42.8665,       1.66051,"ASSEMBLY_LAGERSITZ_NEU-1_SET-GEHAEUSE","ALUMINIUM",NA,       276.552,  -430.585E-03,       239.852,       137.665,  -46.5375E-03,  -39.5602E-03,            2.
D:/MoVerHu_Projekt/FE_Modell/FE-Abaqus-Model/Job-19.odb,Step-163,Increment      6: Step Time =    1.000,"LAGERSITZ_NEU-1",         13116,             6,         12819,      -103.184,       42.8665,       1.66051,"ASSEMBLY_LAGERSITZ_NEU-1_SET-GEHAEUSE","ALUMINIUM",NA,       276.552,  -430.585E-03,       239.852,       137.665,  -46.5375E-03,  -39.5602E-03,            2.
D:/MoVerHu_Projekt/FE_Modell/FE-Abaqus-Model/Job-19.odb,Step-163,Increment      6: Step Time =    1.000,"LAGERSITZ_NEU-1",         13121,             6,         12819,      -103.184,       42.8665,       1.66051,"ASSEMBLY_LAGERSITZ_NEU-1_SET-GEHAEUSE","ALUMINIUM",NA,       276.552,  -430.585E-03,       239.852,       137.665,  -46.5375E-03,  -39.5602E-03,            2.
D:/MoVerHu_Projekt/FE_Modell/FE-Abaqus-Model/Job-19.odb,Step-163,Increment      6: Step Time =    1.000,"LAGERSITZ_NEU-1",         13120,             6,         12819,      -103.184,       42.8665,       1.66051,"ASSEMBLY_LAGERSITZ_NEU-1_SET-GEHAEUSE","ALUMINIUM",NA,       276.552,  -430.585E-03,       239.852,       137.665,  -46.5375E-03,  -39.5602E-03,            2.
D:/MoVerHu_Projekt/FE_Modell/FE-Abaqus-Model/Job-19.odb,Step-163,Increment      6: Step Time =    1.000,"LAGERSITZ_NEU-1",         13121,             6,         12820,      -100.184,       42.8665,       1.66051,"ASSEMBLY_LAGERSITZ_NEU-1_SET-GEHAEUSE","ALUMINIUM",NA,       178.463,  -260.667E-03,       154.635,       89.0900,  -48.9408E-03,  -44.3426E-03,            1.
D:/MoVerHu_Projekt/FE_Modell/FE-Abaqus-Model/Job-19.odb,Step-163,Increment      6: Step Time =    1.000,"LAGERSITZ_NEU-1",         13122,             6,         12820,      -100.184,       42.8665,       1.66051,"ASSEMBLY_LAGERSITZ_NEU-1_SET-GEHAEUSE","ALUMINIUM",NA,       178.463,  -260.667E-03,       154.635,       89.0900,  -48.9408E-03,  -44.3426E-03,            1.
D:/MoVerHu_Projekt/FE_Modell/FE-Abaqus-Model/Job-19.odb,Step-163,Increment      6: Step Time =    1.000,"LAGERSITZ_NEU-1",         13117,             6,         12820,      -100.184,       42.8665,       1.66051,"ASSEMBLY_LAGERSITZ_NEU-1_SET-GEHAEUSE","ALUMINIUM",NA,       178.463,  -260.667E-03,       154.635,       89.0900,  -48.9408E-03,  -44.3426E-03,            1.
D:/MoVerHu_Projekt/FE_Modell/FE-Abaqus-Model/Job-19.odb,Step-163,Increment      6: Step Time =    1.000,"LAGERSITZ_NEU-1",         13116,             6,         12820,      -100.184,       42.8665,       1.66051,"ASSEMBLY_LAGERSITZ_NEU-1_SET-GEHAEUSE","ALUMINIUM",NA,       178.463,  -260.667E-03,       154.635,       89.0900,  -48.9408E-03,  -44.3426E-03,            1.
D:/MoVerHu_Projekt/FE_Modell/FE-Abaqus-Model/Job-19.odb,Step-163,Increment      6: Step Time =    1.000,"LAGERSITZ_NEU-1",         13124,             6,         12821,      -109.184,       41.2721,       4.28970,"ASSEMBLY_LAGERSITZ_NEU-1_SET-GEHAEUSE","ALUMINIUM",NA,       319.649,  -499.353E-03,       268.748,       173.059,  -37.0262E-03,  -28.1295E-03,            1.
D:/MoVerHu_Projekt/FE_Modell/FE-Abaqus-Model/Job-19.odb,Step-163,Increment      6: Step Time =    1.000,"LAGERSITZ_NEU-1",         13119,             6,         12821,      -109.184,       41.2721,       4.28970,"ASSEMBLY_LAGERSITZ_NEU-1_SET-GEHAEUSE","ALUMINIUM",NA,       319.649,  -499.353E-03,       268.748,       173.059,  -37.0262E-03,  -28.1295E-03,            1.
D:/MoVerHu_Projekt/FE_Modell/FE-Abaqus-Model/Job-19.odb,Step-163,Increment      6: Step Time =    1.000,"LAGERSITZ_NEU-1",         13123,             6,         12821,      -109.184,       41.2721,       4.28970,"ASSEMBLY_LAGERSITZ_NEU-1_SET-GEHAEUSE","ALUMINIUM",NA,       319.649,  -499.353E-03,       268.748,       173.059,  -37.0262E-03,  -28.1295E-03,            1.
D:/MoVerHu_Projekt/FE_Modell/FE-Abaqus-Model/Job-19.odb,Step-163,Increment      6: Step Time =    1.000,"LAGERSITZ_NEU-1",         13118,             6,         12821,      -109.184,       41.2721,       4.28970,"ASSEMBLY_LAGERSITZ_NEU-1_SET-GEHAEUSE","ALUMINIUM",NA,       319.649,  -499.353E-03,       268.748,       173.059,  -37.0262E-03,  -28.1295E-03,            1.
D:/MoVerHu_Projekt/FE_Modell/FE-Abaqus-Model/Job-19.odb,Step-163,Increment      6: Step Time =    1.000,"LAGERSITZ_NEU-1",         13119,             6,         12822,      -106.184,       41.2721,       4.28970,"ASSEMBLY_LAGERSITZ_NEU-1_SET-GEHAEUSE","ALUMINIUM",NA,       314.859,  -463.554E-03,       264.701,       170.498,  -38.4354E-03,  -28.7283E-03,            1.
D:/MoVerHu_Projekt/FE_Modell/FE-Abaqus-Model/Job-19.odb,Step-163,Increment      6: Step Time =    1.000,"LAGERSITZ_NEU-1",         13120,             6,         12822,      -106.184,       41.2721,       4.28970,"ASSEMBLY_LAGERSITZ_NEU-1_SET-GEHAEUSE","ALUMINIUM",NA,       314.859,  -463.554E-03,       264.701,       170.498,  -38.4354E-03,  -28.7283E-03,            1.
D:/MoVerHu_Projekt/FE_Modell/FE-Abaqus-Model/Job-19.odb,Step-163,Increment      6: Step Time =    1.000,"LAGERSITZ_NEU-1",         13125,             6,         12822,      -106.184,       41.2721,       4.28970,"ASSEMBLY_LAGERSITZ_NEU-1_SET-GEHAEUSE","ALUMINIUM",NA,       314.859,  -463.554E-03,       264.701,       170.498,  -38.4354E-03,  -28.7283E-03,            1.
D:/MoVerHu_Projekt/FE_Modell/FE-Abaqus-Model/Job-19.odb,Step-163,Increment      6: Step Time =    1.000,"LAGERSITZ_NEU-1",         13124,             6,         12822,      -106.184,       41.2721,       4.28970,"ASSEMBLY_LAGERSITZ_NEU-1_SET-GEHAEUSE","ALUMINIUM",NA,       314.859,  -463.554E-03,       264.701,       170.498,  -38.4354E-03,  -28.7283E-03,            1.
D:/MoVerHu_Projekt/FE_Modell/FE-Abaqus-Model/Job-19.odb,Step-163,Increment      6: Step Time =    1.000,"LAGERSITZ_NEU-1",         13121,             6,         12823,      -103.184,       41.2721,       4.28970,"ASSEMBLY_LAGERSITZ_NEU-1_SET-GEHAEUSE","ALUMINIUM",NA,       297.565,  -408.816E-03,       250.170,       161.120,  -39.9086E-03,  -30.2938E-03,            1.
D:/MoVerHu_Projekt/FE_Modell/FE-Abaqus-Model/Job-19.odb,Step-163,Increment      6: Step Time =    1.000,"LAGERSITZ_NEU-1",         13126,             6,         12823,      -103.184,       41.2721,       4.28970,"ASSEMBLY_LAGERSITZ_NEU-1_SET-GEHAEUSE","ALUMINIUM",NA,       297.565,  -408.816E-03,       250.170,       161.120,  -39.9086E-03,  -30.2938E-03,            1.
D:/MoVerHu_Projekt/FE_Modell/FE-Abaqus-Model/Job-19.odb,Step-163,Increment      6: Step Time =    1.000,"LAGERSITZ_NEU-1",         13120,             6,         12823,      -103.184,       41.2721,       4.28970,"ASSEMBLY_LAGERSITZ_NEU-1_SET-GEHAEUSE","ALUMINIUM",NA,       297.565,  -408.816E-03,       250.170,       161.120,  -39.9086E-03,  -30.2938E-03,            1.
D:/MoVerHu_Projekt/FE_Modell/FE-Abaqus-Model/Job-19.odb,Step-163,Increment      6: Step Time =    1.000,"LAGERSITZ_NEU-1",         13125,             6,         12823,      -103.184,       41.2721,       4.28970,"ASSEMBLY_LAGERSITZ_NEU-1_SET-GEHAEUSE","ALUMINIUM",NA,       297.565,  -408.816E-03,       250.170,       161.120,  -39.9086E-03,  -30.2938E-03,            1.
D:/MoVerHu_Projekt/FE_Modell/FE-Abaqus-Model/Job-19.odb,Step-163,Increment      6: Step Time =    1.000,"LAGERSITZ_NEU-1",         13126,             6,         12824,      -100.184,       41.2721,       4.28970,"ASSEMBLY_LAGERSITZ_NEU-1_SET-GEHAEUSE","ALUMINIUM",NA,       227.195,  -298.509E-03,       190.954,       123.102,  -39.6035E-03,  -31.4990E-03,            1.
D:/MoVerHu_Projekt/FE_Modell/FE-Abaqus-Model/Job-19.odb,Step-163,Increment      6: Step Time =    1.000,"LAGERSITZ_NEU-1",         13121,             6,         12824,      -100.184,       41.2721,       4.28970,"ASSEMBLY_LAGERSITZ_NEU-1_SET-GEHAEUSE","ALUMINIUM",NA,       227.195,  -298.509E-03,       190.954,       123.102,  -39.6035E-03,  -31.4990E-03,            1.
D:/MoVerHu_Projekt/FE_Modell/FE-Abaqus-Model/Job-19.odb,Step-163,Increment      6: Step Time =    1.000,"LAGERSITZ_NEU-1",         13127,             6,         12824,      -100.184,       41.2721,       4.28970,"ASSEMBLY_LAGERSITZ_NEU-1_SET-GEHAEUSE","ALUMINIUM",NA,       227.195,  -298.509E-03,       190.954,       123.102,  -39.6035E-03,  -31.4990E-03,            1.
D:/MoVerHu_Projekt/FE_Modell/FE-Abaqus-Model/Job-19.odb,Step-163,Increment      6: Step Time =    1.000,"LAGERSITZ_NEU-1",         13122,             6,         12824,      -100.184,       41.2721,       4.28970,"ASSEMBLY_LAGERSITZ_NEU-1_SET-GEHAEUSE","ALUMINIUM",NA,       227.195,  -298.509E-03,       190.954,       123.102,  -39.6035E-03,  -31.4990E-03,            1.
D:/MoVerHu_Projekt/FE_Modell/FE-Abaqus-Model/Job-19.odb,Step-163,Increment      6: Step Time =    1.000,"LAGERSITZ_NEU-1",         13128,             6,         12825,      -109.184,       39.5332,       6.82567,"ASSEMBLY_LAGERSITZ_NEU-1_SET-GEHAEUSE","ALUMINIUM",NA,       90.4393,  -124.292E-03,       73.7672,       52.3225,  -154.431E-03,  -126.538E-03,            2.
D:/MoVerHu_Projekt/FE_Modell/FE-Abaqus-Model/Job-19.odb,Step-163,Increment      6: Step Time =    1.000,"LAGERSITZ_NEU-1",         13129,             6,         12825,      -109.184,       39.5332,       6.82567,"ASSEMBLY_LAGERSITZ_NEU-1_SET-GEHAEUSE","ALUMINIUM",NA,       90.4393,  -124.292E-03,       73.7672,       52.3225,  -154.431E-03,  -126.538E-03,            2.
D:/MoVerHu_Projekt/FE_Modell/FE-Abaqus-Model/Job-19.odb,Step-163,Increment      6: Step Time =    1.000,"LAGERSITZ_NEU-1",         13124,             6,         12825,      -109.184,       39.5332,       6.82567,"ASSEMBLY_LAGERSITZ_NEU-1_SET-GEHAEUSE","ALUMINIUM",NA,       90.4393,  -124.292E-03,       73.7672,       52.3225,  -154.431E-03,  -126.538E-03,            2.
D:/MoVerHu_Projekt/FE_Modell/FE-Abaqus-Model/Job-19.odb,Step-163,Increment      6: Step Time =    1.000,"LAGERSITZ_NEU-1",         13123,             6,         12825,      -109.184,       39.5332,       6.82567,"ASSEMBLY_LAGERSITZ_NEU-1_SET-GEHAEUSE","ALUMINIUM",NA,       90.4393,  -124.292E-03,       73.7672,       52.3225,  -154.431E-03,  -126.538E-03,            2.
D:/MoVerHu_Projekt/FE_Modell/FE-Abaqus-Model/Job-19.odb,Step-163,Increment      6: Step Time =    1.000,"LAGERSITZ_NEU-1",         13125,             6,         12826,      -106.184,       39.5332,       6.82567,"ASSEMBLY_LAGERSITZ_NEU-1_SET-GEHAEUSE","ALUMINIUM",NA,       85.3074,  -111.080E-03,       69.6041,       49.3216,  -148.368E-03,  -114.281E-03,            2.
D:/MoVerHu_Projekt/FE_Modell/FE-Abaqus-Model/Job-19.odb,Step-163,Increment      6: Step Time =    1.000,"LAGERSITZ_NEU-1",         13130,             6,         12826,      -106.184,       39.5332,       6.82567,"ASSEMBLY_LAGERSITZ_NEU-1_SET-GEHAEUSE","ALUMINIUM",NA,       85.3074,  -111.080E-03,       69.6041,       49.3216,  -148.368E-03,  -114.281E-03,            2.
D:/MoVerHu_Projekt/FE_Modell/FE-Abaqus-Model/Job-19.odb,Step-163,Increment      6: Step Time =    1.000,"LAGERSITZ_NEU-1",         13129,             6,         12826,      -106.184,       39.5332,       6.82567,"ASSEMBLY_LAGERSITZ_NEU-1_SET-GEHAEUSE","ALUMINIUM",NA,       85.3074,  -111.080E-03,       69.6041,       49.3216,  -148.368E-03,  -114.281E-03,            2.
D:/MoVerHu_Projekt/FE_Modell/FE-Abaqus-Model/Job-19.odb,Step-163,Increment      6: Step Time =    1.000,"LAGERSITZ_NEU-1",         13124,             6,         12826,      -106.184,       39.5332,       6.82567,"ASSEMBLY_LAGERSITZ_NEU-1_SET-GEHAEUSE","ALUMINIUM",NA,       85.3074,  -111.080E-03,       69.6041,       49.3216,  -148.368E-03,  -114.281E-03,            2.
D:/MoVerHu_Projekt/FE_Modell/FE-Abaqus-Model/Job-19.odb,Step-163,Increment      6: Step Time =    1.000,"LAGERSITZ_NEU-1",         13130,             6,         12827,      -103.184,       39.5332,       6.82567,"ASSEMBLY_LAGERSITZ_NEU-1_SET-GEHAEUSE","ALUMINIUM",NA,       65.9100,  -82.0664E-03,       53.9011,       37.9313,  -101.397E-03,  -78.0817E-03,            2.
D:/MoVerHu_Projekt/FE_Modell/FE-Abaqus-Model/Job-19.odb,Step-163,Increment      6: Step Time =    1.000,"LAGERSITZ_NEU-1",         13131,             6,         12827,      -103.184,       39.5332,       6.82567,"ASSEMBLY_LAGERSITZ_NEU-1_SET-GEHAEUSE","ALUMINIUM",NA,       65.9100,  -82.0664E-03,       53.9011,       37.9313,  -101.397E-03,  -78.0817E-03,            2.
D:/MoVerHu_Projekt/FE_Modell/FE-Abaqus-Model/Job-19.odb,Step-163,Increment      6: Step Time =    1.000,"LAGERSITZ_NEU-1",         13126,             6,         12827,      -103.184,       39.5332,       6.82567,"ASSEMBLY_LAGERSITZ_NEU-1_SET-GEHAEUSE","ALUMINIUM",NA,       65.9100,  -82.0664E-03,       53.9011,       37.9313,  -101.397E-03,  -78.0817E-03,            2.
D:/MoVerHu_Projekt/FE_Modell/FE-Abaqus-Model/Job-19.odb,Step-163,Increment      6: Step Time =    1.000,"LAGERSITZ_NEU-1",         13125,             6,         12827,      -103.184,       39.5332,       6.82567,"ASSEMBLY_LAGERSITZ_NEU-1_SET-GEHAEUSE","ALUMINIUM",NA,       65.9100,  -82.0664E-03,       53.9011,       37.9313,  -101.397E-03,  -78.0817E-03,            2.
D:/MoVerHu_Projekt/FE_Modell/FE-Abaqus-Model/Job-19.odb,Step-163,Increment      6: Step Time =    1.000,"LAGERSITZ_NEU-1",         13126,             6,         12828,      -100.184,       39.5332,       6.82567,"ASSEMBLY_LAGERSITZ_NEU-1_SET-GEHAEUSE","ALUMINIUM",NA,       36.9994,  -46.0498E-03,       30.4109,       21.0745,  -2.42512E-15,  -1.38296E-15,       NoValue
D:/MoVerHu_Projekt/FE_Modell/FE-Abaqus-Model/Job-19.odb,Step-163,Increment      6: Step Time =    1.000,"LAGERSITZ_NEU-1",         13127,             6,         12828,      -100.184,       39.5332,       6.82567,"ASSEMBLY_LAGERSITZ_NEU-1_SET-GEHAEUSE","ALUMINIUM",NA,       36.9994,  -46.0498E-03,       30.4109,       21.0745,  -2.42512E-15,  -1.38296E-15,       NoValue
D:/MoVerHu_Projekt/FE_Modell/FE-Abaqus-Model/Job-19.odb,Step-163,Increment      6: Step Time =    1.000,"LAGERSITZ_NEU-1",         13132,             6,         12828,      -100.184,       39.5332,       6.82567,"ASSEMBLY_LAGERSITZ_NEU-1_SET-GEHAEUSE","ALUMINIUM",NA,       36.9994,  -46.0498E-03,       30.4109,       21.0745,  -2.42512E-15,  -1.38296E-15,       NoValue
D:/MoVerHu_Projekt/FE_Modell/FE-Abaqus-Model/Job-19.odb,Step-163,Increment      6: Step Time =    1.000,"LAGERSITZ_NEU-1",         13131,             6,         12828,      -100.184,       39.5332,       6.82567,"ASSEMBLY_LAGERSITZ_NEU-1_SET-GEHAEUSE","ALUMINIUM",NA,       36.9994,  -46.0498E-03,       30.4109,       21.0745,  -2.42512E-15,  -1.38296E-15,       NoValue
D:/MoVerHu_Projekt/FE_Modell/FE-Abaqus-Model/Job-19.odb,Step-163,Increment      6: Step Time =    1.000,"LAGERSITZ_NEU-1",         13128,             6,         12829,      -109.184,       37.6552,       9.26050,"ASSEMBLY_LAGERSITZ_NEU-1_SET-GEHAEUSE","ALUMINIUM",NA,       10.6116,  -11.8857E-03,       8.28581,       6.62960,  -22.2261E-03,  -17.6591E-03,       NoValue
D:/MoVerHu_Projekt/FE_Modell/FE-Abaqus-Model/Job-19.odb,Step-163,Increment      6: Step Time =    1.000,"LAGERSITZ_NEU-1",         13133,             6,         12829,      -109.184,       37.6552,       9.26050,"ASSEMBLY_LAGERSITZ_NEU-1_SET-GEHAEUSE","ALUMINIUM",NA,       10.6116,  -11.8857E-03,       8.28581,       6.62960,  -22.2261E-03,  -17.6591E-03,       NoValue
D:/MoVerHu_Projekt/FE_Modell/FE-Abaqus-Model/Job-19.odb,Step-163,Increment      6: Step Time =    1.000,"LAGERSITZ_NEU-1",         13129,             6,         12829,      -109.184,       37.6552,       9.26050,"ASSEMBLY_LAGERSITZ_NEU-1_SET-GEHAEUSE","ALUMINIUM",NA,       10.6116,  -11.8857E-03,       8.28581,       6.62960,  -22.2261E-03,  -17.6591E-03,       NoValue
D:/MoVerHu_Projekt/FE_Modell/FE-Abaqus-Model/Job-19.odb,Step-163,Increment      6: Step Time =    1.000,"LAGERSITZ_NEU-1",         13134,             6,         12829,      -109.184,       37.6552,       9.26050,"ASSEMBLY_LAGERSITZ_NEU-1_SET-GEHAEUSE","ALUMINIUM",NA,       10.6116,  -11.8857E-03,       8.28581,       6.62960,  -22.2261E-03,  -17.6591E-03,       NoValue
D:/MoVerHu_Projekt/FE_Modell/FE-Abaqus-Model/Job-19.odb,Step-163,Increment      6: Step Time =    1.000,"LAGERSITZ_NEU-1",         13130,             6,         12830,      -106.184,       37.6552,       9.26050,"ASSEMBLY_LAGERSITZ_NEU-1_SET-GEHAEUSE","ALUMINIUM",NA,       9.00077,  -9.60426E-03,       7.04019,       5.60799,  -23.0012E-03,  -17.7760E-03,       NoValue
D:/MoVerHu_Projekt/FE_Modell/FE-Abaqus-Model/Job-19.odb,Step-163,Increment      6: Step Time =    1.000,"LAGERSITZ_NEU-1",         13135,             6,         12830,      -106.184,       37.6552,       9.26050,"ASSEMBLY_LAGERSITZ_NEU-1_SET-GEHAEUSE","ALUMINIUM",NA,       9.00077,  -9.60426E-03,       7.04019,       5.60799,  -23.0012E-03,  -17.7760E-03,       NoValue
D:/MoVerHu_Projekt/FE_Modell/FE-Abaqus-Model/Job-19.odb,Step-163,Increment      6: Step Time =    1.000,"LAGERSITZ_NEU-1",         13129,             6,         12830,      -106.184,       37.6552,       9.26050,"ASSEMBLY_LAGERSITZ_NEU-1_SET-GEHAEUSE","ALUMINIUM",NA,       9.00077,  -9.60426E-03,       7.04019,       5.60799,  -23.0012E-03,  -17.7760E-03,       NoValue
D:/MoVerHu_Projekt/FE_Modell/FE-Abaqus-Model/Job-19.odb,Step-163,Increment      6: Step Time =    1.000,"LAGERSITZ_NEU-1",         13134,             6,         12830,      -106.184,       37.6552,       9.26050,"ASSEMBLY_LAGERSITZ_NEU-1_SET-GEHAEUSE","ALUMINIUM",NA,       9.00077,  -9.60426E-03,       7.04019,       5.60799,  -23.0012E-03,  -17.7760E-03,       NoValue
D:/MoVerHu_Projekt/FE_Modell/FE-Abaqus-Model/Job-19.odb,Step-163,Increment      6: Step Time =    1.000,"LAGERSITZ_NEU-1",         13130,             6,         12831,      -103.184,       37.6552,       9.26050,"ASSEMBLY_LAGERSITZ_NEU-1_SET-GEHAEUSE","ALUMINIUM",NA,       4.11795,  -4.43522E-03,       3.24629,       2.53360,   1.48492E-15,  -2.92763E-15,       NoValue
D:/MoVerHu_Projekt/FE_Modell/FE-Abaqus-Model/Job-19.odb,Step-163,Increment      6: Step Time =    1.000,"LAGERSITZ_NEU-1",         13131,             6,         12831,      -103.184,       37.6552,       9.26050,"ASSEMBLY_LAGERSITZ_NEU-1_SET-GEHAEUSE","ALUMINIUM",NA,       4.11795,  -4.43522E-03,       3.24629,       2.53360,   1.48492E-15,  -2.92763E-15,       NoValue
D:/MoVerHu_Projekt/FE_Modell/FE-Abaqus-Model/Job-19.odb,Step-163,Increment      6: Step Time =    1.000,"LAGERSITZ_NEU-1",         13135,             6,         12831,      -103.184,       37.6552,       9.26050,"ASSEMBLY_LAGERSITZ_NEU-1_SET-GEHAEUSE","ALUMINIUM",NA,       4.11795,  -4.43522E-03,       3.24629,       2.53360,   1.48492E-15,  -2.92763E-15,       NoValue
D:/MoVerHu_Projekt/FE_Modell/FE-Abaqus-Model/Job-19.odb,Step-163,Increment      6: Step Time =    1.000,"LAGERSITZ_NEU-1",         13136,             6,         12831,      -103.184,       37.6552,       9.26050,"ASSEMBLY_LAGERSITZ_NEU-1_SET-GEHAEUSE","ALUMINIUM",NA,       4.11795,  -4.43522E-03,       3.24629,       2.53360,   1.48492E-15,  -2.92763E-15,       NoValue
D:/MoVerHu_Projekt/FE_Modell/FE-Abaqus-Model/Job-19.odb,Step-163,Increment      6: Step Time =    1.000,"LAGERSITZ_NEU-1",         13132,             6,         12832,      -100.184,       37.6552,       9.26050,"ASSEMBLY_LAGERSITZ_NEU-1_SET-GEHAEUSE","ALUMINIUM",NA,   488.826E-03,  -507.552E-06,   386.585E-03,   299.169E-03,  -1.94953E-15,  -3.37659E-15,       NoValue
D:/MoVerHu_Projekt/FE_Modell/FE-Abaqus-Model/Job-19.odb,Step-163,Increment      6: Step Time =    1.000,"LAGERSITZ_NEU-1",         13131,             6,         12832,      -100.184,       37.6552,       9.26050,"ASSEMBLY_LAGERSITZ_NEU-1_SET-GEHAEUSE","ALUMINIUM",NA,   488.826E-03,  -507.552E-06,   386.585E-03,   299.169E-03,  -1.94953E-15,  -3.37659E-15,       NoValue
D:/MoVerHu_Projekt/FE_Modell/FE-Abaqus-Model/Job-19.odb,Step-163,Increment      6: Step Time =    1.000,"LAGERSITZ_NEU-1",         13137,             6,         12832,      -100.184,       37.6552,       9.26050,"ASSEMBLY_LAGERSITZ_NEU-1_SET-GEHAEUSE","ALUMINIUM",NA,   488.826E-03,  -507.552E-06,   386.585E-03,   299.169E-03,  -1.94953E-15,  -3.37659E-15,       NoValue
D:/MoVerHu_Projekt/FE_Modell/FE-Abaqus-Model/Job-19.odb,Step-163,Increment      6: Step Time =    1.000,"LAGERSITZ_NEU-1",         13136,             6,         12832,      -100.184,       37.6552,       9.26050,"ASSEMBLY_LAGERSITZ_NEU-1_SET-GEHAEUSE","ALUMINIUM",NA,   488.826E-03,  -507.552E-06,   386.585E-03,   299.169E-03,  -1.94953E-15,  -3.37659E-15,       NoValue
D:/MoVerHu_Projekt/FE_Modell/FE-Abaqus-Model/Job-19.odb,Step-163,Increment      6: Step Time =    1.000,"LAGERSITZ_NEU-1",         13133,             6,         12833,      -109.184,       35.6442,       11.5866,"ASSEMBLY_LAGERSITZ_NEU-1_SET-GEHAEUSE","ALUMINIUM",NA,       35.5832,  -27.2387E-03,       25.9203,       24.3782,  -179.498E-03,  -139.944E-03,            2.
D:/MoVerHu_Projekt/FE_Modell/FE-Abaqus-Model/Job-19.odb,Step-163,Increment      6: Step Time =    1.000,"LAGERSITZ_NEU-1",         13139,             6,         12833,      -109.184,       35.6442,       11.5866,"ASSEMBLY_LAGERSITZ_NEU-1_SET-GEHAEUSE","ALUMINIUM",NA,       35.5832,  -27.2387E-03,       25.9203,       24.3782,  -179.498E-03,  -139.944E-03,            2.
D:/MoVerHu_Projekt/FE_Modell/FE-Abaqus-Model/Job-19.odb,Step-163,Increment      6: Step Time =    1.000,"LAGERSITZ_NEU-1",         13134,             6,         12833,      -109.184,       35.6442,       11.5866,"ASSEMBLY_LAGERSITZ_NEU-1_SET-GEHAEUSE","ALUMINIUM",NA,       35.5832,  -27.2387E-03,       25.9203,       24.3782,  -179.498E-03,  -139.944E-03,            2.
D:/MoVerHu_Projekt/FE_Modell/FE-Abaqus-Model/Job-19.odb,Step-163,Increment      6: Step Time =    1.000,"LAGERSITZ_NEU-1",         13138,             6,         12833,      -109.184,       35.6442,       11.5866,"ASSEMBLY_LAGERSITZ_NEU-1_SET-GEHAEUSE","ALUMINIUM",NA,       35.5832,  -27.2387E-03,       25.9203,       24.3782,  -179.498E-03,  -139.944E-03,            2.
D:/MoVerHu_Projekt/FE_Modell/FE-Abaqus-Model/Job-19.odb,Step-163,Increment      6: Step Time =    1.000,"LAGERSITZ_NEU-1",         13134,             6,         12834,      -106.184,       35.6442,       11.5866,"ASSEMBLY_LAGERSITZ_NEU-1_SET-GEHAEUSE","ALUMINIUM",NA,       25.2594,  -17.2180E-03,       18.4043,       17.3008,  -158.708E-03,  -123.441E-03,            2.
D:/MoVerHu_Projekt/FE_Modell/FE-Abaqus-Model/Job-19.odb,Step-163,Increment      6: Step Time =    1.000,"LAGERSITZ_NEU-1",         13135,             6,         12834,      -106.184,       35.6442,       11.5866,"ASSEMBLY_LAGERSITZ_NEU-1_SET-GEHAEUSE","ALUMINIUM",NA,       25.2594,  -17.2180E-03,       18.4043,       17.3008,  -158.708E-03,  -123.441E-03,            2.
D:/MoVerHu_Projekt/FE_Modell/FE-Abaqus-Model/Job-19.odb,Step-163,Increment      6: Step Time =    1.000,"LAGERSITZ_NEU-1",         13139,             6,         12834,      -106.184,       35.6442,       11.5866,"ASSEMBLY_LAGERSITZ_NEU-1_SET-GEHAEUSE","ALUMINIUM",NA,       25.2594,  -17.2180E-03,       18.4043,       17.3008,  -158.708E-03,  -123.441E-03,            2.
D:/MoVerHu_Projekt/FE_Modell/FE-Abaqus-Model/Job-19.odb,Step-163,Increment      6: Step Time =    1.000,"LAGERSITZ_NEU-1",         13140,             6,         12834,      -106.184,       35.6442,       11.5866,"ASSEMBLY_LAGERSITZ_NEU-1_SET-GEHAEUSE","ALUMINIUM",NA,       25.2594,  -17.2180E-03,       18.4043,       17.3008,  -158.708E-03,  -123.441E-03,            2.
D:/MoVerHu_Projekt/FE_Modell/FE-Abaqus-Model/Job-19.odb,Step-163,Increment      6: Step Time =    1.000,"LAGERSITZ_NEU-1",         13135,             6,         12835,      -103.184,       35.6442,       11.5866,"ASSEMBLY_LAGERSITZ_NEU-1_SET-GEHAEUSE","ALUMINIUM",NA,       5.50022,  -3.23467E-03,       3.98508,       3.79098,   3.06542E-15,  -2.85267E-15,       NoValue
D:/MoVerHu_Projekt/FE_Modell/FE-Abaqus-Model/Job-19.odb,Step-163,Increment      6: Step Time =    1.000,"LAGERSITZ_NEU-1",         13140,             6,         12835,      -103.184,       35.6442,       11.5866,"ASSEMBLY_LAGERSITZ_NEU-1_SET-GEHAEUSE","ALUMINIUM",NA,       5.50022,  -3.23467E-03,       3.98508,       3.79098,   3.06542E-15,  -2.85267E-15,       NoValue
D:/MoVerHu_Projekt/FE_Modell/FE-Abaqus-Model/Job-19.odb,Step-163,Increment      6: Step Time =    1.000,"LAGERSITZ_NEU-1",         13136,             6,         12835,      -103.184,       35.6442,       11.5866,"ASSEMBLY_LAGERSITZ_NEU-1_SET-GEHAEUSE","ALUMINIUM",NA,       5.50022,  -3.23467E-03,       3.98508,       3.79098,   3.06542E-15,  -2.85267E-15,       NoValue
D:/MoVerHu_Projekt/FE_Modell/FE-Abaqus-Model/Job-19.odb,Step-163,Increment      6: Step Time =    1.000,"LAGERSITZ_NEU-1",         13141,             6,         12835,      -103.184,       35.6442,       11.5866,"ASSEMBLY_LAGERSITZ_NEU-1_SET-GEHAEUSE","ALUMINIUM",NA,       5.50022,  -3.23467E-03,       3.98508,       3.79098,   3.06542E-15,  -2.85267E-15,       NoValue
D:/MoVerHu_Projekt/FE_Modell/FE-Abaqus-Model/Job-19.odb,Step-163,Increment      6: Step Time =    1.000,"LAGERSITZ_NEU-1",         13142,             6,         12836,      -100.184,       35.6442,       11.5866,"ASSEMBLY_LAGERSITZ_NEU-1_SET-GEHAEUSE","ALUMINIUM",NA,   358.285E-03,  -195.508E-06,   257.222E-03,   249.410E-03,  -3.20012E-15,  -1.98407E-15,       NoValue
D:/MoVerHu_Projekt/FE_Modell/FE-Abaqus-Model/Job-19.odb,Step-163,Increment      6: Step Time =    1.000,"LAGERSITZ_NEU-1",         13136,             6,         12836,      -100.184,       35.6442,       11.5866,"ASSEMBLY_LAGERSITZ_NEU-1_SET-GEHAEUSE","ALUMINIUM",NA,   358.285E-03,  -195.508E-06,   257.222E-03,   249.410E-03,  -3.20012E-15,  -1.98407E-15,       NoValue
D:/MoVerHu_Projekt/FE_Modell/FE-Abaqus-Model/Job-19.odb,Step-163,Increment      6: Step Time =    1.000,"LAGERSITZ_NEU-1",         13137,             6,         12836,      -100.184,       35.6442,       11.5866,"ASSEMBLY_LAGERSITZ_NEU-1_SET-GEHAEUSE","ALUMINIUM",NA,   358.285E-03,  -195.508E-06,   257.222E-03,   249.410E-03,  -3.20012E-15,  -1.98407E-15,       NoValue
D:/MoVerHu_Projekt/FE_Modell/FE-Abaqus-Model/Job-19.odb,Step-163,Increment      6: Step Time =    1.000,"LAGERSITZ_NEU-1",         13141,             6,         12836,      -100.184,       35.6442,       11.5866,"ASSEMBLY_LAGERSITZ_NEU-1_SET-GEHAEUSE","ALUMINIUM",NA,   358.285E-03,  -195.508E-06,   257.222E-03,   249.410E-03,  -3.20012E-15,  -1.98407E-15,       NoValue
D:/MoVerHu_Projekt/FE_Modell/FE-Abaqus-Model/Job-19.odb,Step-163,Increment      6: Step Time =    1.000,"LAGERSITZ_NEU-1",         13138,             6,         12837,      -109.184,       33.5063,       13.7966,"ASSEMBLY_LAGERSITZ_NEU-1_SET-GEHAEUSE","ALUMINIUM",NA,       113.023,  -67.7081E-03,       78.8177,       81.0055,  -409.450E-03,  -311.620E-03,            1.
D:/MoVerHu_Projekt/FE_Modell/FE-Abaqus-Model/Job-19.odb,Step-163,Increment      6: Step Time =    1.000,"LAGERSITZ_NEU-1",         13139,             6,         12837,      -109.184,       33.5063,       13.7966,"ASSEMBLY_LAGERSITZ_NEU-1_SET-GEHAEUSE","ALUMINIUM",NA,       113.023,  -67.7081E-03,       78.8177,       81.0055,  -409.450E-03,  -311.620E-03,            1.
D:/MoVerHu_Projekt/FE_Modell/FE-Abaqus-Model/Job-19.odb,Step-163,Increment      6: Step Time =    1.000,"LAGERSITZ_NEU-1",         13144,             6,         12837,      -109.184,       33.5063,       13.7966,"ASSEMBLY_LAGERSITZ_NEU-1_SET-GEHAEUSE","ALUMINIUM",NA,       113.023,  -67.7081E-03,       78.8177,       81.0055,  -409.450E-03,  -311.620E-03,            1.
D:/MoVerHu_Projekt/FE_Modell/FE-Abaqus-Model/Job-19.odb,Step-163,Increment      6: Step Time =    1.000,"LAGERSITZ_NEU-1",         13143,             6,         12837,      -109.184,       33.5063,       13.7966,"ASSEMBLY_LAGERSITZ_NEU-1_SET-GEHAEUSE","ALUMINIUM",NA,       113.023,  -67.7081E-03,       78.8177,       81.0055,  -409.450E-03,  -311.620E-03,            1.
D:/MoVerHu_Projekt/FE_Modell/FE-Abaqus-Model/Job-19.odb,Step-163,Increment      6: Step Time =    1.000,"LAGERSITZ_NEU-1",         13139,             6,         12838,      -106.184,       33.5063,       13.7966,"ASSEMBLY_LAGERSITZ_NEU-1_SET-GEHAEUSE","ALUMINIUM",NA,       73.2675,  -37.1251E-03,       51.1748,       52.4334,  -396.537E-03,  -303.880E-03,            1.
D:/MoVerHu_Projekt/FE_Modell/FE-Abaqus-Model/Job-19.odb,Step-163,Increment      6: Step Time =    1.000,"LAGERSITZ_NEU-1",         13140,             6,         12838,      -106.184,       33.5063,       13.7966,"ASSEMBLY_LAGERSITZ_NEU-1_SET-GEHAEUSE","ALUMINIUM",NA,       73.2675,  -37.1251E-03,       51.1748,       52.4334,  -396.537E-03,  -303.880E-03,            1.
D:/MoVerHu_Projekt/FE_Modell/FE-Abaqus-Model/Job-19.odb,Step-163,Increment      6: Step Time =    1.000,"LAGERSITZ_NEU-1",         13144,             6,         12838,      -106.184,       33.5063,       13.7966,"ASSEMBLY_LAGERSITZ_NEU-1_SET-GEHAEUSE","ALUMINIUM",NA,       73.2675,  -37.1251E-03,       51.1748,       52.4334,  -396.537E-03,  -303.880E-03,            1.
D:/MoVerHu_Projekt/FE_Modell/FE-Abaqus-Model/Job-19.odb,Step-163,Increment      6: Step Time =    1.000,"LAGERSITZ_NEU-1",         13145,             6,         12838,      -106.184,       33.5063,       13.7966,"ASSEMBLY_LAGERSITZ_NEU-1_SET-GEHAEUSE","ALUMINIUM",NA,       73.2675,  -37.1251E-03,       51.1748,       52.4334,  -396.537E-03,  -303.880E-03,            1.
D:/MoVerHu_Projekt/FE_Modell/FE-Abaqus-Model/Job-19.odb,Step-163,Increment      6: Step Time =    1.000,"LAGERSITZ_NEU-1",         13145,             6,         12839,      -103.184,       33.5063,       13.7966,"ASSEMBLY_LAGERSITZ_NEU-1_SET-GEHAEUSE","ALUMINIUM",NA,       22.3161,  -9.71614E-03,       15.5872,       15.9702,  -228.706E-03,  -180.189E-03,            1.
D:/MoVerHu_Projekt/FE_Modell/FE-Abaqus-Model/Job-19.odb,Step-163,Increment      6: Step Time =    1.000,"LAGERSITZ_NEU-1",         13140,             6,         12839,      -103.184,       33.5063,       13.7966,"ASSEMBLY_LAGERSITZ_NEU-1_SET-GEHAEUSE","ALUMINIUM",NA,       22.3161,  -9.71614E-03,       15.5872,       15.9702,  -228.706E-03,  -180.189E-03,            1.
D:/MoVerHu_Projekt/FE_Modell/FE-Abaqus-Model/Job-19.odb,Step-163,Increment      6: Step Time =    1.000,"LAGERSITZ_NEU-1",         13141,             6,         12839,      -103.184,       33.5063,       13.7966,"ASSEMBLY_LAGERSITZ_NEU-1_SET-GEHAEUSE","ALUMINIUM",NA,       22.3161,  -9.71614E-03,       15.5872,       15.9702,  -228.706E-03,  -180.189E-03,            1.
D:/MoVerHu_Projekt/FE_Modell/FE-Abaqus-Model/Job-19.odb,Step-163,Increment      6: Step Time =    1.000,"LAGERSITZ_NEU-1",         13146,             6,         12839,      -103.184,       33.5063,       13.7966,"ASSEMBLY_LAGERSITZ_NEU-1_SET-GEHAEUSE","ALUMINIUM",NA,       22.3161,  -9.71614E-03,       15.5872,       15.9702,  -228.706E-03,  -180.189E-03,            1.
D:/MoVerHu_Projekt/FE_Modell/FE-Abaqus-Model/Job-19.odb,Step-163,Increment      6: Step Time =    1.000,"LAGERSITZ_NEU-1",         13147,             6,         12840,      -100.184,       33.5063,       13.7966,"ASSEMBLY_LAGERSITZ_NEU-1_SET-GEHAEUSE","ALUMINIUM",NA,       2.14927,  -1.01540E-03,       1.50074,       1.53855,  -2.11202E-15,  -2.41078E-15,       NoValue
D:/MoVerHu_Projekt/FE_Modell/FE-Abaqus-Model/Job-19.odb,Step-163,Increment      6: Step Time =    1.000,"LAGERSITZ_NEU-1",         13146,             6,         12840,      -100.184,       33.5063,       13.7966,"ASSEMBLY_LAGERSITZ_NEU-1_SET-GEHAEUSE","ALUMINIUM",NA,       2.14927,  -1.01540E-03,       1.50074,       1.53855,  -2.11202E-15,  -2.41078E-15,       NoValue
D:/MoVerHu_Projekt/FE_Modell/FE-Abaqus-Model/Job-19.odb,Step-163,Increment      6: Step Time =    1.000,"LAGERSITZ_NEU-1",         13141,             6,         12840,      -100.184,       33.5063,       13.7966,"ASSEMBLY_LAGERSITZ_NEU-1_SET-GEHAEUSE","ALUMINIUM",NA,       2.14927,  -1.01540E-03,       1.50074,       1.53855,  -2.11202E-15,  -2.41078E-15,       NoValue
D:/MoVerHu_Projekt/FE_Modell/FE-Abaqus-Model/Job-19.odb,Step-163,Increment      6: Step Time =    1.000,"LAGERSITZ_NEU-1",         13142,             6,         12840,      -100.184,       33.5063,       13.7966,"ASSEMBLY_LAGERSITZ_NEU-1_SET-GEHAEUSE","ALUMINIUM",NA,       2.14927,  -1.01540E-03,       1.50074,       1.53855,  -2.11202E-15,  -2.41078E-15,       NoValue
D:/MoVerHu_Projekt/FE_Modell/FE-Abaqus-Model/Job-19.odb,Step-163,Increment      6: Step Time =    1.000,"LAGERSITZ_NEU-1",         13149,             6,         12841,      -109.184,       31.2482,       15.8838,"ASSEMBLY_LAGERSITZ_NEU-1_SET-GEHAEUSE","ALUMINIUM",NA,       74.3974,  -30.6802E-03,       49.2684,       55.7458,  -546.324E-03,  -423.685E-03,            1.
D:/MoVerHu_Projekt/FE_Modell/FE-Abaqus-Model/Job-19.odb,Step-163,Increment      6: Step Time =    1.000,"LAGERSITZ_NEU-1",         13143,             6,         12841,      -109.184,       31.2482,       15.8838,"ASSEMBLY_LAGERSITZ_NEU-1_SET-GEHAEUSE","ALUMINIUM",NA,       74.3974,  -30.6802E-03,       49.2684,       55.7458,  -546.324E-03,  -423.685E-03,            1.
D:/MoVerHu_Projekt/FE_Modell/FE-Abaqus-Model/Job-19.odb,Step-163,Increment      6: Step Time =    1.000,"LAGERSITZ_NEU-1",         13148,             6,         12841,      -109.184,       31.2482,       15.8838,"ASSEMBLY_LAGERSITZ_NEU-1_SET-GEHAEUSE","ALUMINIUM",NA,       74.3974,  -30.6802E-03,       49.2684,       55.7458,  -546.324E-03,  -423.685E-03,            1.
D:/MoVerHu_Projekt/FE_Modell/FE-Abaqus-Model/Job-19.odb,Step-163,Increment      6: Step Time =    1.000,"LAGERSITZ_NEU-1",         13144,             6,         12841,      -109.184,       31.2482,       15.8838,"ASSEMBLY_LAGERSITZ_NEU-1_SET-GEHAEUSE","ALUMINIUM",NA,       74.3974,  -30.6802E-03,       49.2684,       55.7458,  -546.324E-03,  -423.685E-03,            1.
D:/MoVerHu_Projekt/FE_Modell/FE-Abaqus-Model/Job-19.odb,Step-163,Increment      6: Step Time =    1.000,"LAGERSITZ_NEU-1",         13144,             6,         12842,      -106.184,       31.2482,       15.8838,"ASSEMBLY_LAGERSITZ_NEU-1_SET-GEHAEUSE","ALUMINIUM",NA,       23.3901,  -8.89050E-03,       15.6165,       17.4132,  -521.918E-03,  -421.764E-03,            1.
D:/MoVerHu_Projekt/FE_Modell/FE-Abaqus-Model/Job-19.odb,Step-163,Increment      6: Step Time =    1.000,"LAGERSITZ_NEU-1",         13149,             6,         12842,      -106.184,       31.2482,       15.8838,"ASSEMBLY_LAGERSITZ_NEU-1_SET-GEHAEUSE","ALUMINIUM",NA,       23.3901,  -8.89050E-03,       15.6165,       17.4132,  -521.918E-03,  -421.764E-03,            1.
D:/MoVerHu_Projekt/FE_Modell/FE-Abaqus-Model/Job-19.odb,Step-163,Increment      6: Step Time =    1.000,"LAGERSITZ_NEU-1",         13150,             6,         12842,      -106.184,       31.2482,       15.8838,"ASSEMBLY_LAGERSITZ_NEU-1_SET-GEHAEUSE","ALUMINIUM",NA,       23.3901,  -8.89050E-03,       15.6165,       17.4132,  -521.918E-03,  -421.764E-03,            1.
D:/MoVerHu_Projekt/FE_Modell/FE-Abaqus-Model/Job-19.odb,Step-163,Increment      6: Step Time =    1.000,"LAGERSITZ_NEU-1",         13145,             6,         12842,      -106.184,       31.2482,       15.8838,"ASSEMBLY_LAGERSITZ_NEU-1_SET-GEHAEUSE","ALUMINIUM",NA,       23.3901,  -8.89050E-03,       15.6165,       17.4132,  -521.918E-03,  -421.764E-03,            1.
D:/MoVerHu_Projekt/FE_Modell/FE-Abaqus-Model/Job-19.odb,Step-163,Increment      6: Step Time =    1.000,"LAGERSITZ_NEU-1",         13145,             6,         12843,      -103.184,       31.2482,       15.8838,"ASSEMBLY_LAGERSITZ_NEU-1_SET-GEHAEUSE","ALUMINIUM",NA,       4.39739,  -1.87059E-03,       2.96633,       3.24622,   1.82900E-15,   919.972E-18,       NoValue
D:/MoVerHu_Projekt/FE_Modell/FE-Abaqus-Model/Job-19.odb,Step-163,Increment      6: Step Time =    1.000,"LAGERSITZ_NEU-1",         13150,             6,         12843,      -103.184,       31.2482,       15.8838,"ASSEMBLY_LAGERSITZ_NEU-1_SET-GEHAEUSE","ALUMINIUM",NA,       4.39739,  -1.87059E-03,       2.96633,       3.24622,   1.82900E-15,   919.972E-18,       NoValue
D:/MoVerHu_Projekt/FE_Modell/FE-Abaqus-Model/Job-19.odb,Step-163,Increment      6: Step Time =    1.000,"LAGERSITZ_NEU-1",         13151,             6,         12843,      -103.184,       31.2482,       15.8838,"ASSEMBLY_LAGERSITZ_NEU-1_SET-GEHAEUSE","ALUMINIUM",NA,       4.39739,  -1.87059E-03,       2.96633,       3.24622,   1.82900E-15,   919.972E-18,       NoValue
D:/MoVerHu_Projekt/FE_Modell/FE-Abaqus-Model/Job-19.odb,Step-163,Increment      6: Step Time =    1.000,"LAGERSITZ_NEU-1",         13146,             6,         12843,      -103.184,       31.2482,       15.8838,"ASSEMBLY_LAGERSITZ_NEU-1_SET-GEHAEUSE","ALUMINIUM",NA,       4.39739,  -1.87059E-03,       2.96633,       3.24622,   1.82900E-15,   919.972E-18,       NoValue
D:/MoVerHu_Projekt/FE_Modell/FE-Abaqus-Model/Job-19.odb,Step-163,Increment      6: Step Time =    1.000,"LAGERSITZ_NEU-1",         13146,             6,         12844,      -100.184,       31.2482,       15.8838,"ASSEMBLY_LAGERSITZ_NEU-1_SET-GEHAEUSE","ALUMINIUM",NA,   358.419E-03,  -147.227E-06,   243.027E-03,   263.442E-03,  -1.54444E-15,   1.02183E-15,       NoValue
D:/MoVerHu_Projekt/FE_Modell/FE-Abaqus-Model/Job-19.odb,Step-163,Increment      6: Step Time =    1.000,"LAGERSITZ_NEU-1",         13147,             6,         12844,      -100.184,       31.2482,       15.8838,"ASSEMBLY_LAGERSITZ_NEU-1_SET-GEHAEUSE","ALUMINIUM",NA,   358.419E-03,  -147.227E-06,   243.027E-03,   263.442E-03,  -1.54444E-15,   1.02183E-15,       NoValue
D:/MoVerHu_Projekt/FE_Modell/FE-Abaqus-Model/Job-19.odb,Step-163,Increment      6: Step Time =    1.000,"LAGERSITZ_NEU-1",         13152,             6,         12844,      -100.184,       31.2482,       15.8838,"ASSEMBLY_LAGERSITZ_NEU-1_SET-GEHAEUSE","ALUMINIUM",NA,   358.419E-03,  -147.227E-06,   243.027E-03,   263.442E-03,  -1.54444E-15,   1.02183E-15,       NoValue
D:/MoVerHu_Projekt/FE_Modell/FE-Abaqus-Model/Job-19.odb,Step-163,Increment      6: Step Time =    1.000,"LAGERSITZ_NEU-1",         13151,             6,         12844,      -100.184,       31.2482,       15.8838,"ASSEMBLY_LAGERSITZ_NEU-1_SET-GEHAEUSE","ALUMINIUM",NA,   358.419E-03,  -147.227E-06,   243.027E-03,   263.442E-03,  -1.54444E-15,   1.02183E-15,       NoValue
D:/MoVerHu_Projekt/FE_Modell/FE-Abaqus-Model/Job-19.odb,Step-163,Increment      6: Step Time =    1.000,"LAGERSITZ_NEU-1",         13153,             6,         12845,      -109.184,       28.8770,       17.8414,"ASSEMBLY_LAGERSITZ_NEU-1_SET-GEHAEUSE","ALUMINIUM",NA,       9.61614,  -3.50018E-03,       6.12024,       7.41706,  -1.24886E-15,   1.28214E-15,       NoValue
D:/MoVerHu_Projekt/FE_Modell/FE-Abaqus-Model/Job-19.odb,Step-163,Increment      6: Step Time =    1.000,"LAGERSITZ_NEU-1",         13149,             6,         12845,      -109.184,       28.8770,       17.8414,"ASSEMBLY_LAGERSITZ_NEU-1_SET-GEHAEUSE","ALUMINIUM",NA,       9.61614,  -3.50018E-03,       6.12024,       7.41706,  -1.24886E-15,   1.28214E-15,       NoValue
D:/MoVerHu_Projekt/FE_Modell/FE-Abaqus-Model/Job-19.odb,Step-163,Increment      6: Step Time =    1.000,"LAGERSITZ_NEU-1",         13148,             6,         12845,      -109.184,       28.8770,       17.8414,"ASSEMBLY_LAGERSITZ_NEU-1_SET-GEHAEUSE","ALUMINIUM",NA,       9.61614,  -3.50018E-03,       6.12024,       7.41706,  -1.24886E-15,   1.28214E-15,       NoValue
D:/MoVerHu_Projekt/FE_Modell/FE-Abaqus-Model/Job-19.odb,Step-163,Increment      6: Step Time =    1.000,"LAGERSITZ_NEU-1",         13154,             6,         12845,      -109.184,       28.8770,       17.8414,"ASSEMBLY_LAGERSITZ_NEU-1_SET-GEHAEUSE","ALUMINIUM",NA,       9.61614,  -3.50018E-03,       6.12024,       7.41706,  -1.24886E-15,   1.28214E-15,       NoValue
D:/MoVerHu_Projekt/FE_Modell/FE-Abaqus-Model/Job-19.odb,Step-163,Increment      6: Step Time =    1.000,"LAGERSITZ_NEU-1",         13154,             6,         12846,      -106.184,       28.8770,       17.8414,"ASSEMBLY_LAGERSITZ_NEU-1_SET-GEHAEUSE","ALUMINIUM",NA,       1.98143,  -616.620E-06,       1.26123,       1.52818,  -107.834E-18,   1.47729E-15,       NoValue
D:/MoVerHu_Projekt/FE_Modell/FE-Abaqus-Model/Job-19.odb,Step-163,Increment      6: Step Time =    1.000,"LAGERSITZ_NEU-1",         13150,             6,         12846,      -106.184,       28.8770,       17.8414,"ASSEMBLY_LAGERSITZ_NEU-1_SET-GEHAEUSE","ALUMINIUM",NA,       1.98143,  -616.620E-06,       1.26123,       1.52818,  -107.834E-18,   1.47729E-15,       NoValue
D:/MoVerHu_Projekt/FE_Modell/FE-Abaqus-Model/Job-19.odb,Step-163,Increment      6: Step Time =    1.000,"LAGERSITZ_NEU-1",         13155,             6,         12846,      -106.184,       28.8770,       17.8414,"ASSEMBLY_LAGERSITZ_NEU-1_SET-GEHAEUSE","ALUMINIUM",NA,       1.98143,  -616.620E-06,       1.26123,       1.52818,  -107.834E-18,   1.47729E-15,       NoValue
D:/MoVerHu_Projekt/FE_Modell/FE-Abaqus-Model/Job-19.odb,Step-163,Increment      6: Step Time =    1.000,"LAGERSITZ_NEU-1",         13149,             6,         12846,      -106.184,       28.8770,       17.8414,"ASSEMBLY_LAGERSITZ_NEU-1_SET-GEHAEUSE","ALUMINIUM",NA,       1.98143,  -616.620E-06,       1.26123,       1.52818,  -107.834E-18,   1.47729E-15,       NoValue
D:/MoVerHu_Projekt/FE_Modell/FE-Abaqus-Model/Job-19.odb,Step-163,Increment      6: Step Time =    1.000,"LAGERSITZ_NEU-1",         13150,             6,         12847,      -103.184,       28.8770,       17.8414,"ASSEMBLY_LAGERSITZ_NEU-1_SET-GEHAEUSE","ALUMINIUM",NA,   124.740E-03,  -56.8409E-06,   79.4032E-03,   96.2042E-03,  -3.86417E-15,   1.10097E-15,       NoValue
D:/MoVerHu_Projekt/FE_Modell/FE-Abaqus-Model/Job-19.odb,Step-163,Increment      6: Step Time =    1.000,"LAGERSITZ_NEU-1",         13151,             6,         12847,      -103.184,       28.8770,       17.8414,"ASSEMBLY_LAGERSITZ_NEU-1_SET-GEHAEUSE","ALUMINIUM",NA,   124.740E-03,  -56.8409E-06,   79.4032E-03,   96.2042E-03,  -3.86417E-15,   1.10097E-15,       NoValue
D:/MoVerHu_Projekt/FE_Modell/FE-Abaqus-Model/Job-19.odb,Step-163,Increment      6: Step Time =    1.000,"LAGERSITZ_NEU-1",         13155,             6,         12847,      -103.184,       28.8770,       17.8414,"ASSEMBLY_LAGERSITZ_NEU-1_SET-GEHAEUSE","ALUMINIUM",NA,   124.740E-03,  -56.8409E-06,   79.4032E-03,   96.2042E-03,  -3.86417E-15,   1.10097E-15,       NoValue
D:/MoVerHu_Projekt/FE_Modell/FE-Abaqus-Model/Job-19.odb,Step-163,Increment      6: Step Time =    1.000,"LAGERSITZ_NEU-1",         13156,             6,         12847,      -103.184,       28.8770,       17.8414,"ASSEMBLY_LAGERSITZ_NEU-1_SET-GEHAEUSE","ALUMINIUM",NA,   124.740E-03,  -56.8409E-06,   79.4032E-03,   96.2042E-03,  -3.86417E-15,   1.10097E-15,       NoValue
D:/MoVerHu_Projekt/FE_Modell/FE-Abaqus-Model/Job-19.odb,Step-163,Increment      6: Step Time =    1.000,"LAGERSITZ_NEU-1",         13157,             6,         12848,      -100.184,       28.8770,       17.8414,"ASSEMBLY_LAGERSITZ_NEU-1_SET-GEHAEUSE","ALUMINIUM",NA,            0.,            0.,            0.,            0.,  -1.99676E-15,   338.074E-18,       NoValue
D:/MoVerHu_Projekt/FE_Modell/FE-Abaqus-Model/Job-19.odb,Step-163,Increment      6: Step Time =    1.000,"LAGERSITZ_NEU-1",         13151,             6,         12848,      -100.184,       28.8770,       17.8414,"ASSEMBLY_LAGERSITZ_NEU-1_SET-GEHAEUSE","ALUMINIUM",NA,            0.,            0.,            0.,            0.,  -1.99676E-15,   338.074E-18,       NoValue
D:/MoVerHu_Projekt/FE_Modell/FE-Abaqus-Model/Job-19.odb,Step-163,Increment      6: Step Time =    1.000,"LAGERSITZ_NEU-1",         13156,             6,         12848,      -100.184,       28.8770,       17.8414,"ASSEMBLY_LAGERSITZ_NEU-1_SET-GEHAEUSE","ALUMINIUM",NA,            0.,            0.,            0.,            0.,  -1.99676E-15,   338.074E-18,       NoValue
D:/MoVerHu_Projekt/FE_Modell/FE-Abaqus-Model/Job-19.odb,Step-163,Increment      6: Step Time =    1.000,"LAGERSITZ_NEU-1",         13152,             6,         12848,      -100.184,       28.8770,       17.8414,"ASSEMBLY_LAGERSITZ_NEU-1_SET-GEHAEUSE","ALUMINIUM",NA,            0.,            0.,            0.,            0.,  -1.99676E-15,   338.074E-18,       NoValue
D:/MoVerHu_Projekt/FE_Modell/FE-Abaqus-Model/Job-19.odb,Step-163,Increment      6: Step Time =    1.000,"LAGERSITZ_NEU-1",         13159,             6,         12889,      -109.184,       23.8707,       21.3165,"ASSEMBLY_LAGERSITZ_NEU-1_SET-GEHAEUSE","ALUMINIUM",NA,            0.,            0.,            0.,            0.,  -9.28707E-03,  -3.62451E-03,       NoValue
D:/MoVerHu_Projekt/FE_Modell/FE-Abaqus-Model/Job-19.odb,Step-163,Increment      6: Step Time =    1.000,"LAGERSITZ_NEU-1",         13158,             6,         12889,      -109.184,       23.8707,       21.3165,"ASSEMBLY_LAGERSITZ_NEU-1_SET-GEHAEUSE","ALUMINIUM",NA,            0.,            0.,            0.,            0.,  -9.28707E-03,  -3.62451E-03,       NoValue
D:/MoVerHu_Projekt/FE_Modell/FE-Abaqus-Model/Job-19.odb,Step-163,Increment      6: Step Time =    1.000,"LAGERSITZ_NEU-1",         13164,             6,         12889,      -109.184,       23.8707,       21.3165,"ASSEMBLY_LAGERSITZ_NEU-1_SET-GEHAEUSE","ALUMINIUM",NA,            0.,            0.,            0.,            0.,  -9.28707E-03,  -3.62451E-03,       NoValue
D:/MoVerHu_Projekt/FE_Modell/FE-Abaqus-Model/Job-19.odb,Step-163,Increment      6: Step Time =    1.000,"LAGERSITZ_NEU-1",         13163,             6,         12889,      -109.184,       23.8707,       21.3165,"ASSEMBLY_LAGERSITZ_NEU-1_SET-GEHAEUSE","ALUMINIUM",NA,            0.,            0.,            0.,            0.,  -9.28707E-03,  -3.62451E-03,       NoValue
D:/MoVerHu_Projekt/FE_Modell/FE-Abaqus-Model/Job-19.odb,Step-163,Increment      6: Step Time =    1.000,"LAGERSITZ_NEU-1",         13160,             6,         12890,      -106.184,       23.8707,       21.3165,"ASSEMBLY_LAGERSITZ_NEU-1_SET-GEHAEUSE","ALUMINIUM",NA,            0.,            0.,            0.,            0.,  -847.616E-18,   1.87787E-15,       NoValue
D:/MoVerHu_Projekt/FE_Modell/FE-Abaqus-Model/Job-19.odb,Step-163,Increment      6: Step Time =    1.000,"LAGERSITZ_NEU-1",         13164,             6,         12890,      -106.184,       23.8707,       21.3165,"ASSEMBLY_LAGERSITZ_NEU-1_SET-GEHAEUSE","ALUMINIUM",NA,            0.,            0.,            0.,            0.,  -847.616E-18,   1.87787E-15,       NoValue
D:/MoVerHu_Projekt/FE_Modell/FE-Abaqus-Model/Job-19.odb,Step-163,Increment      6: Step Time =    1.000,"LAGERSITZ_NEU-1",         13165,             6,         12890,      -106.184,       23.8707,       21.3165,"ASSEMBLY_LAGERSITZ_NEU-1_SET-GEHAEUSE","ALUMINIUM",NA,            0.,            0.,            0.,            0.,  -847.616E-18,   1.87787E-15,       NoValue
D:/MoVerHu_Projekt/FE_Modell/FE-Abaqus-Model/Job-19.odb,Step-163,Increment      6: Step Time =    1.000,"LAGERSITZ_NEU-1",         13159,             6,         12890,      -106.184,       23.8707,       21.3165,"ASSEMBLY_LAGERSITZ_NEU-1_SET-GEHAEUSE","ALUMINIUM",NA,            0.,            0.,            0.,            0.,  -847.616E-18,   1.87787E-15,       NoValue
D:/MoVerHu_Projekt/FE_Modell/FE-Abaqus-Model/Job-19.odb,Step-163,Increment      6: Step Time =    1.000,"LAGERSITZ_NEU-1",         13161,             6,         12891,      -103.184,       23.8707,       21.3165,"ASSEMBLY_LAGERSITZ_NEU-1_SET-GEHAEUSE","ALUMINIUM",NA,            0.,            0.,            0.,            0.,   1.71077E-15,   1.94628E-15,       NoValue
D:/MoVerHu_Projekt/FE_Modell/FE-Abaqus-Model/Job-19.odb,Step-163,Increment      6: Step Time =    1.000,"LAGERSITZ_NEU-1",         13165,             6,         12891,      -103.184,       23.8707,       21.3165,"ASSEMBLY_LAGERSITZ_NEU-1_SET-GEHAEUSE","ALUMINIUM",NA,            0.,            0.,            0.,            0.,   1.71077E-15,   1.94628E-15,       NoValue
D:/MoVerHu_Projekt/FE_Modell/FE-Abaqus-Model/Job-19.odb,Step-163,Increment      6: Step Time =    1.000,"LAGERSITZ_NEU-1",         13160,             6,         12891,      -103.184,       23.8707,       21.3165,"ASSEMBLY_LAGERSITZ_NEU-1_SET-GEHAEUSE","ALUMINIUM",NA,            0.,            0.,            0.,            0.,   1.71077E-15,   1.94628E-15,       NoValue
D:/MoVerHu_Projekt/FE_Modell/FE-Abaqus-Model/Job-19.odb,Step-163,Increment      6: Step Time =    1.000,"LAGERSITZ_NEU-1",         13166,             6,         12891,      -103.184,       23.8707,       21.3165,"ASSEMBLY_LAGERSITZ_NEU-1_SET-GEHAEUSE","ALUMINIUM",NA,            0.,            0.,            0.,            0.,   1.71077E-15,   1.94628E-15,       NoValue
D:/MoVerHu_Projekt/FE_Modell/FE-Abaqus-Model/Job-19.odb,Step-163,Increment      6: Step Time =    1.000,"LAGERSITZ_NEU-1",         13161,             6,         12892,      -100.184,       23.8707,       21.3165,"ASSEMBLY_LAGERSITZ_NEU-1_SET-GEHAEUSE","ALUMINIUM",NA,            0.,            0.,            0.,            0.,  -2.89230E-15,   2.22127E-15,       NoValue
D:/MoVerHu_Projekt/FE_Modell/FE-Abaqus-Model/Job-19.odb,Step-163,Increment      6: Step Time =    1.000,"LAGERSITZ_NEU-1",         13162,             6,         12892,      -100.184,       23.8707,       21.3165,"ASSEMBLY_LAGERSITZ_NEU-1_SET-GEHAEUSE","ALUMINIUM",NA,            0.,            0.,            0.,            0.,  -2.89230E-15,   2.22127E-15,       NoValue
D:/MoVerHu_Projekt/FE_Modell/FE-Abaqus-Model/Job-19.odb,Step-163,Increment      6: Step Time =    1.000,"LAGERSITZ_NEU-1",         13166,             6,         12892,      -100.184,       23.8707,       21.3165,"ASSEMBLY_LAGERSITZ_NEU-1_SET-GEHAEUSE","ALUMINIUM",NA,            0.,            0.,            0.,            0.,  -2.89230E-15,   2.22127E-15,       NoValue
D:/MoVerHu_Projekt/FE_Modell/FE-Abaqus-Model/Job-19.odb,Step-163,Increment      6: Step Time =    1.000,"LAGERSITZ_NEU-1",         13167,             6,         12892,      -100.184,       23.8707,       21.3165,"ASSEMBLY_LAGERSITZ_NEU-1_SET-GEHAEUSE","ALUMINIUM",NA,            0.,            0.,            0.,            0.,  -2.89230E-15,   2.22127E-15,       NoValue
D:/MoVerHu_Projekt/FE_Modell/FE-Abaqus-Model/Job-19.odb,Step-163,Increment      6: Step Time =    1.000,"LAGERSITZ_NEU-1",         13169,             6,         12893,      -109.184,       21.2543,       22.8280,"ASSEMBLY_LAGERSITZ_NEU-1_SET-GEHAEUSE","ALUMINIUM",NA,            0.,            0.,            0.,            0.,  -6.23128E-15,   1.94669E-15,       NoValue
D:/MoVerHu_Projekt/FE_Modell/FE-Abaqus-Model/Job-19.odb,Step-163,Increment      6: Step Time =    1.000,"LAGERSITZ_NEU-1",         13163,             6,         12893,      -109.184,       21.2543,       22.8280,"ASSEMBLY_LAGERSITZ_NEU-1_SET-GEHAEUSE","ALUMINIUM",NA,            0.,            0.,            0.,            0.,  -6.23128E-15,   1.94669E-15,       NoValue
D:/MoVerHu_Projekt/FE_Modell/FE-Abaqus-Model/Job-19.odb,Step-163,Increment      6: Step Time =    1.000,"LAGERSITZ_NEU-1",         13164,             6,         12893,      -109.184,       21.2543,       22.8280,"ASSEMBLY_LAGERSITZ_NEU-1_SET-GEHAEUSE","ALUMINIUM",NA,            0.,            0.,            0.,            0.,  -6.23128E-15,   1.94669E-15,       NoValue
D:/MoVerHu_Projekt/FE_Modell/FE-Abaqus-Model/Job-19.odb,Step-163,Increment      6: Step Time =    1.000,"LAGERSITZ_NEU-1",         13168,             6,         12893,      -109.184,       21.2543,       22.8280,"ASSEMBLY_LAGERSITZ_NEU-1_SET-GEHAEUSE","ALUMINIUM",NA,            0.,            0.,            0.,            0.,  -6.23128E-15,   1.94669E-15,       NoValue
D:/MoVerHu_Projekt/FE_Modell/FE-Abaqus-Model/Job-19.odb,Step-163,Increment      6: Step Time =    1.000,"LAGERSITZ_NEU-1",         13170,             6,         12894,      -106.184,       21.2543,       22.8280,"ASSEMBLY_LAGERSITZ_NEU-1_SET-GEHAEUSE","ALUMINIUM",NA,            0.,            0.,            0.,            0.,  -2.42639E-15,   1.60449E-15,       NoValue
D:/MoVerHu_Projekt/FE_Modell/FE-Abaqus-Model/Job-19.odb,Step-163,Increment      6: Step Time =    1.000,"LAGERSITZ_NEU-1",         13165,             6,         12894,      -106.184,       21.2543,       22.8280,"ASSEMBLY_LAGERSITZ_NEU-1_SET-GEHAEUSE","ALUMINIUM",NA,            0.,            0.,            0.,            0.,  -2.42639E-15,   1.60449E-15,       NoValue
D:/MoVerHu_Projekt/FE_Modell/FE-Abaqus-Model/Job-19.odb,Step-163,Increment      6: Step Time =    1.000,"LAGERSITZ_NEU-1",         13169,             6,         12894,      -106.184,       21.2543,       22.8280,"ASSEMBLY_LAGERSITZ_NEU-1_SET-GEHAEUSE","ALUMINIUM",NA,            0.,            0.,            0.,            0.,  -2.42639E-15,   1.60449E-15,       NoValue
D:/MoVerHu_Projekt/FE_Modell/FE-Abaqus-Model/Job-19.odb,Step-163,Increment      6: Step Time =    1.000,"LAGERSITZ_NEU-1",         13164,             6,         12894,      -106.184,       21.2543,       22.8280,"ASSEMBLY_LAGERSITZ_NEU-1_SET-GEHAEUSE","ALUMINIUM",NA,            0.,            0.,            0.,            0.,  -2.42639E-15,   1.60449E-15,       NoValue
D:/MoVerHu_Projekt/FE_Modell/FE-Abaqus-Model/Job-19.odb,Step-163,Increment      6: Step Time =    1.000,"LAGERSITZ_NEU-1",         13170,             6,         12895,      -103.184,       21.2543,       22.8280,"ASSEMBLY_LAGERSITZ_NEU-1_SET-GEHAEUSE","ALUMINIUM",NA,            0.,            0.,            0.,            0.,  -2.68018E-15,   2.21056E-15,       NoValue
D:/MoVerHu_Projekt/FE_Modell/FE-Abaqus-Model/Job-19.odb,Step-163,Increment      6: Step Time =    1.000,"LAGERSITZ_NEU-1",         13165,             6,         12895,      -103.184,       21.2543,       22.8280,"ASSEMBLY_LAGERSITZ_NEU-1_SET-GEHAEUSE","ALUMINIUM",NA,            0.,            0.,            0.,            0.,  -2.68018E-15,   2.21056E-15,       NoValue
D:/MoVerHu_Projekt/FE_Modell/FE-Abaqus-Model/Job-19.odb,Step-163,Increment      6: Step Time =    1.000,"LAGERSITZ_NEU-1",         13166,             6,         12895,      -103.184,       21.2543,       22.8280,"ASSEMBLY_LAGERSITZ_NEU-1_SET-GEHAEUSE","ALUMINIUM",NA,            0.,            0.,            0.,            0.,  -2.68018E-15,   2.21056E-15,       NoValue
D:/MoVerHu_Projekt/FE_Modell/FE-Abaqus-Model/Job-19.odb,Step-163,Increment      6: Step Time =    1.000,"LAGERSITZ_NEU-1",         13171,             6,         12895,      -103.184,       21.2543,       22.8280,"ASSEMBLY_LAGERSITZ_NEU-1_SET-GEHAEUSE","ALUMINIUM",NA,            0.,            0.,            0.,            0.,  -2.68018E-15,   2.21056E-15,       NoValue
D:/MoVerHu_Projekt/FE_Modell/FE-Abaqus-Model/Job-19.odb,Step-163,Increment      6: Step Time =    1.000,"LAGERSITZ_NEU-1",         13171,             6,         12896,      -100.184,       21.2543,       22.8280,"ASSEMBLY_LAGERSITZ_NEU-1_SET-GEHAEUSE","ALUMINIUM",NA,            0.,            0.,            0.,            0.,  -3.37856E-15,   1.58470E-15,       NoValue
D:/MoVerHu_Projekt/FE_Modell/FE-Abaqus-Model/Job-19.odb,Step-163,Increment      6: Step Time =    1.000,"LAGERSITZ_NEU-1",         13167,             6,         12896,      -100.184,       21.2543,       22.8280,"ASSEMBLY_LAGERSITZ_NEU-1_SET-GEHAEUSE","ALUMINIUM",NA,            0.,            0.,            0.,            0.,  -3.37856E-15,   1.58470E-15,       NoValue
D:/MoVerHu_Projekt/FE_Modell/FE-Abaqus-Model/Job-19.odb,Step-163,Increment      6: Step Time =    1.000,"LAGERSITZ_NEU-1",         13166,             6,         12896,      -100.184,       21.2543,       22.8280,"ASSEMBLY_LAGERSITZ_NEU-1_SET-GEHAEUSE","ALUMINIUM",NA,            0.,            0.,            0.,            0.,  -3.37856E-15,   1.58470E-15,       NoValue
D:/MoVerHu_Projekt/FE_Modell/FE-Abaqus-Model/Job-19.odb,Step-163,Increment      6: Step Time =    1.000,"LAGERSITZ_NEU-1",         13172,             6,         12896,      -100.184,       21.2543,       22.8280,"ASSEMBLY_LAGERSITZ_NEU-1_SET-GEHAEUSE","ALUMINIUM",NA,            0.,            0.,            0.,            0.,  -3.37856E-15,   1.58470E-15,       NoValue
D:/MoVerHu_Projekt/FE_Modell/FE-Abaqus-Model/Job-19.odb,Step-163,Increment      6: Step Time =    1.000,"LAGERSITZ_NEU-1",         13168,             6,         12897,      -109.184,       18.5588,       24.1936,"ASSEMBLY_LAGERSITZ_NEU-1_SET-GEHAEUSE","ALUMINIUM",NA,            0.,            0.,            0.,            0.,   3.21023E-18,  -441.885E-18,       NoValue
D:/MoVerHu_Projekt/FE_Modell/FE-Abaqus-Model/Job-19.odb,Step-163,Increment      6: Step Time =    1.000,"LAGERSITZ_NEU-1",         13174,             6,         12897,      -109.184,       18.5588,       24.1936,"ASSEMBLY_LAGERSITZ_NEU-1_SET-GEHAEUSE","ALUMINIUM",NA,            0.,            0.,            0.,            0.,   3.21023E-18,  -441.885E-18,       NoValue
D:/MoVerHu_Projekt/FE_Modell/FE-Abaqus-Model/Job-19.odb,Step-163,Increment      6: Step Time =    1.000,"LAGERSITZ_NEU-1",         13169,             6,         12897,      -109.184,       18.5588,       24.1936,"ASSEMBLY_LAGERSITZ_NEU-1_SET-GEHAEUSE","ALUMINIUM",NA,            0.,            0.,            0.,            0.,   3.21023E-18,  -441.885E-18,       NoValue
D:/MoVerHu_Projekt/FE_Modell/FE-Abaqus-Model/Job-19.odb,Step-163,Increment      6: Step Time =    1.000,"LAGERSITZ_NEU-1",         13173,             6,         12897,      -109.184,       18.5588,       24.1936,"ASSEMBLY_LAGERSITZ_NEU-1_SET-GEHAEUSE","ALUMINIUM",NA,            0.,            0.,            0.,            0.,   3.21023E-18,  -441.885E-18,       NoValue
D:/MoVerHu_Projekt/FE_Modell/FE-Abaqus-Model/Job-19.odb,Step-163,Increment      6: Step Time =    1.000,"LAGERSITZ_NEU-1",         13169,             6,         12898,      -106.184,       18.5588,       24.1936,"ASSEMBLY_LAGERSITZ_NEU-1_SET-GEHAEUSE","ALUMINIUM",NA,            0.,            0.,            0.,            0.,   65.2789E-18,  -92.6400E-18,       NoValue
D:/MoVerHu_Projekt/FE_Modell/FE-Abaqus-Model/Job-19.odb,Step-163,Increment      6: Step Time =    1.000,"LAGERSITZ_NEU-1",         13174,             6,         12898,      -106.184,       18.5588,       24.1936,"ASSEMBLY_LAGERSITZ_NEU-1_SET-GEHAEUSE","ALUMINIUM",NA,            0.,            0.,            0.,            0.,   65.2789E-18,  -92.6400E-18,       NoValue
D:/MoVerHu_Projekt/FE_Modell/FE-Abaqus-Model/Job-19.odb,Step-163,Increment      6: Step Time =    1.000,"LAGERSITZ_NEU-1",         13170,             6,         12898,      -106.184,       18.5588,       24.1936,"ASSEMBLY_LAGERSITZ_NEU-1_SET-GEHAEUSE","ALUMINIUM",NA,            0.,            0.,            0.,            0.,   65.2789E-18,  -92.6400E-18,       NoValue
D:/MoVerHu_Projekt/FE_Modell/FE-Abaqus-Model/Job-19.odb,Step-163,Increment      6: Step Time =    1.000,"LAGERSITZ_NEU-1",         13175,             6,         12898,      -106.184,       18.5588,       24.1936,"ASSEMBLY_LAGERSITZ_NEU-1_SET-GEHAEUSE","ALUMINIUM",NA,            0.,            0.,            0.,            0.,   65.2789E-18,  -92.6400E-18,       NoValue
D:/MoVerHu_Projekt/FE_Modell/FE-Abaqus-Model/Job-19.odb,Step-163,Increment      6: Step Time =    1.000,"LAGERSITZ_NEU-1",         13175,             6,         12899,      -103.184,       18.5588,       24.1936,"ASSEMBLY_LAGERSITZ_NEU-1_SET-GEHAEUSE","ALUMINIUM",NA,            0.,            0.,            0.,            0.,  -2.43078E-15,  -560.028E-18,       NoValue
D:/MoVerHu_Projekt/FE_Modell/FE-Abaqus-Model/Job-19.odb,Step-163,Increment      6: Step Time =    1.000,"LAGERSITZ_NEU-1",         13170,             6,         12899,      -103.184,       18.5588,       24.1936,"ASSEMBLY_LAGERSITZ_NEU-1_SET-GEHAEUSE","ALUMINIUM",NA,            0.,            0.,            0.,            0.,  -2.43078E-15,  -560.028E-18,       NoValue
D:/MoVerHu_Projekt/FE_Modell/FE-Abaqus-Model/Job-19.odb,Step-163,Increment      6: Step Time =    1.000,"LAGERSITZ_NEU-1",         13171,             6,         12899,      -103.184,       18.5588,       24.1936,"ASSEMBLY_LAGERSITZ_NEU-1_SET-GEHAEUSE","ALUMINIUM",NA,            0.,            0.,            0.,            0.,  -2.43078E-15,  -560.028E-18,       NoValue
D:/MoVerHu_Projekt/FE_Modell/FE-Abaqus-Model/Job-19.odb,Step-163,Increment      6: Step Time =    1.000,"LAGERSITZ_NEU-1",         13176,             6,         12899,      -103.184,       18.5588,       24.1936,"ASSEMBLY_LAGERSITZ_NEU-1_SET-GEHAEUSE","ALUMINIUM",NA,            0.,            0.,            0.,            0.,  -2.43078E-15,  -560.028E-18,       NoValue
D:/MoVerHu_Projekt/FE_Modell/FE-Abaqus-Model/Job-19.odb,Step-163,Increment      6: Step Time =    1.000,"LAGERSITZ_NEU-1",         13172,             6,         12900,      -100.184,       18.5588,       24.1936,"ASSEMBLY_LAGERSITZ_NEU-1_SET-GEHAEUSE","ALUMINIUM",NA,            0.,            0.,            0.,            0.,  -4.79626E-15,  -697.336E-18,       NoValue
D:/MoVerHu_Projekt/FE_Modell/FE-Abaqus-Model/Job-19.odb,Step-163,Increment      6: Step Time =    1.000,"LAGERSITZ_NEU-1",         13171,             6,         12900,      -100.184,       18.5588,       24.1936,"ASSEMBLY_LAGERSITZ_NEU-1_SET-GEHAEUSE","ALUMINIUM",NA,            0.,            0.,            0.,            0.,  -4.79626E-15,  -697.336E-18,       NoValue
D:/MoVerHu_Projekt/FE_Modell/FE-Abaqus-Model/Job-19.odb,Step-163,Increment      6: Step Time =    1.000,"LAGERSITZ_NEU-1",         13176,             6,         12900,      -100.184,       18.5588,       24.1936,"ASSEMBLY_LAGERSITZ_NEU-1_SET-GEHAEUSE","ALUMINIUM",NA,            0.,            0.,            0.,            0.,  -4.79626E-15,  -697.336E-18,       NoValue
D:/MoVerHu_Projekt/FE_Modell/FE-Abaqus-Model/Job-19.odb,Step-163,Increment      6: Step Time =    1.000,"LAGERSITZ_NEU-1",         13177,             6,         12900,      -100.184,       18.5588,       24.1936,"ASSEMBLY_LAGERSITZ_NEU-1_SET-GEHAEUSE","ALUMINIUM",NA,            0.,            0.,            0.,            0.,  -4.79626E-15,  -697.336E-18,       NoValue
D:/MoVerHu_Projekt/FE_Modell/FE-Abaqus-Model/Job-19.odb,Step-163,Increment      6: Step Time =    1.000,"LAGERSITZ_NEU-1",         13173,             6,         12901,      -109.184,       15.7924,       25.4091,"ASSEMBLY_LAGERSITZ_NEU-1_SET-GEHAEUSE","ALUMINIUM",NA,            0.,            0.,            0.,            0.,  -746.602E-18,  -190.988E-18,       NoValue
D:/MoVerHu_Projekt/FE_Modell/FE-Abaqus-Model/Job-19.odb,Step-163,Increment      6: Step Time =    1.000,"LAGERSITZ_NEU-1",         13174,             6,         12901,      -109.184,       15.7924,       25.4091,"ASSEMBLY_LAGERSITZ_NEU-1_SET-GEHAEUSE","ALUMINIUM",NA,            0.,            0.,            0.,            0.,  -746.602E-18,  -190.988E-18,       NoValue
D:/MoVerHu_Projekt/FE_Modell/FE-Abaqus-Model/Job-19.odb,Step-163,Increment      6: Step Time =    1.000,"LAGERSITZ_NEU-1",         13179,             6,         12901,      -109.184,       15.7924,       25.4091,"ASSEMBLY_LAGERSITZ_NEU-1_SET-GEHAEUSE","ALUMINIUM",NA,            0.,            0.,            0.,            0.,  -746.602E-18,  -190.988E-18,       NoValue
D:/MoVerHu_Projekt/FE_Modell/FE-Abaqus-Model/Job-19.odb,Step-163,Increment      6: Step Time =    1.000,"LAGERSITZ_NEU-1",         13178,             6,         12901,      -109.184,       15.7924,       25.4091,"ASSEMBLY_LAGERSITZ_NEU-1_SET-GEHAEUSE","ALUMINIUM",NA,            0.,            0.,            0.,            0.,  -746.602E-18,  -190.988E-18,       NoValue
D:/MoVerHu_Projekt/FE_Modell/FE-Abaqus-Model/Job-19.odb,Step-163,Increment      6: Step Time =    1.000,"LAGERSITZ_NEU-1",         13174,             6,         12902,      -106.184,       15.7924,       25.4091,"ASSEMBLY_LAGERSITZ_NEU-1_SET-GEHAEUSE","ALUMINIUM",NA,            0.,            0.,            0.,            0.,  -1.69297E-15,  -287.377E-18,       NoValue
D:/MoVerHu_Projekt/FE_Modell/FE-Abaqus-Model/Job-19.odb,Step-163,Increment      6: Step Time =    1.000,"LAGERSITZ_NEU-1",         13175,             6,         12902,      -106.184,       15.7924,       25.4091,"ASSEMBLY_LAGERSITZ_NEU-1_SET-GEHAEUSE","ALUMINIUM",NA,            0.,            0.,            0.,            0.,  -1.69297E-15,  -287.377E-18,       NoValue
D:/MoVerHu_Projekt/FE_Modell/FE-Abaqus-Model/Job-19.odb,Step-163,Increment      6: Step Time =    1.000,"LAGERSITZ_NEU-1",         13179,             6,         12902,      -106.184,       15.7924,       25.4091,"ASSEMBLY_LAGERSITZ_NEU-1_SET-GEHAEUSE","ALUMINIUM",NA,            0.,            0.,            0.,            0.,  -1.69297E-15,  -287.377E-18,       NoValue
D:/MoVerHu_Projekt/FE_Modell/FE-Abaqus-Model/Job-19.odb,Step-163,Increment      6: Step Time =    1.000,"LAGERSITZ_NEU-1",         13180,             6,         12902,      -106.184,       15.7924,       25.4091,"ASSEMBLY_LAGERSITZ_NEU-1_SET-GEHAEUSE","ALUMINIUM",NA,            0.,            0.,            0.,            0.,  -1.69297E-15,  -287.377E-18,       NoValue
D:/MoVerHu_Projekt/FE_Modell/FE-Abaqus-Model/Job-19.odb,Step-163,Increment      6: Step Time =    1.000,"LAGERSITZ_NEU-1",         13176,             6,         12903,      -103.184,       15.7924,       25.4091,"ASSEMBLY_LAGERSITZ_NEU-1_SET-GEHAEUSE","ALUMINIUM",NA,            0.,            0.,            0.,            0.,  -1.16294E-15,  -231.905E-18,       NoValue
D:/MoVerHu_Projekt/FE_Modell/FE-Abaqus-Model/Job-19.odb,Step-163,Increment      6: Step Time =    1.000,"LAGERSITZ_NEU-1",         13181,             6,         12903,      -103.184,       15.7924,       25.4091,"ASSEMBLY_LAGERSITZ_NEU-1_SET-GEHAEUSE","ALUMINIUM",NA,            0.,            0.,            0.,            0.,  -1.16294E-15,  -231.905E-18,       NoValue
D:/MoVerHu_Projekt/FE_Modell/FE-Abaqus-Model/Job-19.odb,Step-163,Increment      6: Step Time =    1.000,"LAGERSITZ_NEU-1",         13180,             6,         12903,      -103.184,       15.7924,       25.4091,"ASSEMBLY_LAGERSITZ_NEU-1_SET-GEHAEUSE","ALUMINIUM",NA,            0.,            0.,            0.,            0.,  -1.16294E-15,  -231.905E-18,       NoValue
D:/MoVerHu_Projekt/FE_Modell/FE-Abaqus-Model/Job-19.odb,Step-163,Increment      6: Step Time =    1.000,"LAGERSITZ_NEU-1",         13175,             6,         12903,      -103.184,       15.7924,       25.4091,"ASSEMBLY_LAGERSITZ_NEU-1_SET-GEHAEUSE","ALUMINIUM",NA,            0.,            0.,            0.,            0.,  -1.16294E-15,  -231.905E-18,       NoValue
D:/MoVerHu_Projekt/FE_Modell/FE-Abaqus-Model/Job-19.odb,Step-163,Increment      6: Step Time =    1.000,"LAGERSITZ_NEU-1",         13181,             6,         12904,      -100.184,       15.7924,       25.4091,"ASSEMBLY_LAGERSITZ_NEU-1_SET-GEHAEUSE","ALUMINIUM",NA,            0.,            0.,            0.,            0.,  -4.15150E-15,  -353.462E-18,       NoValue
D:/MoVerHu_Projekt/FE_Modell/FE-Abaqus-Model/Job-19.odb,Step-163,Increment      6: Step Time =    1.000,"LAGERSITZ_NEU-1",         13182,             6,         12904,      -100.184,       15.7924,       25.4091,"ASSEMBLY_LAGERSITZ_NEU-1_SET-GEHAEUSE","ALUMINIUM",NA,            0.,            0.,            0.,            0.,  -4.15150E-15,  -353.462E-18,       NoValue
D:/MoVerHu_Projekt/FE_Modell/FE-Abaqus-Model/Job-19.odb,Step-163,Increment      6: Step Time =    1.000,"LAGERSITZ_NEU-1",         13177,             6,         12904,      -100.184,       15.7924,       25.4091,"ASSEMBLY_LAGERSITZ_NEU-1_SET-GEHAEUSE","ALUMINIUM",NA,            0.,            0.,            0.,            0.,  -4.15150E-15,  -353.462E-18,       NoValue
D:/MoVerHu_Projekt/FE_Modell/FE-Abaqus-Model/Job-19.odb,Step-163,Increment      6: Step Time =    1.000,"LAGERSITZ_NEU-1",         13176,             6,         12904,      -100.184,       15.7924,       25.4091,"ASSEMBLY_LAGERSITZ_NEU-1_SET-GEHAEUSE","ALUMINIUM",NA,            0.,            0.,            0.,            0.,  -4.15150E-15,  -353.462E-18,       NoValue
D:/MoVerHu_Projekt/FE_Modell/FE-Abaqus-Model/Job-19.odb,Step-163,Increment      6: Step Time =    1.000,"LAGERSITZ_NEU-1",         13183,             6,         12905,      -109.184,       12.9634,       26.4708,"ASSEMBLY_LAGERSITZ_NEU-1_SET-GEHAEUSE","ALUMINIUM",NA,            0.,            0.,            0.,            0.,  -1.18402E-15,  -1.56777E-15,       NoValue
D:/MoVerHu_Projekt/FE_Modell/FE-Abaqus-Model/Job-19.odb,Step-163,Increment      6: Step Time =    1.000,"LAGERSITZ_NEU-1",         13178,             6,         12905,      -109.184,       12.9634,       26.4708,"ASSEMBLY_LAGERSITZ_NEU-1_SET-GEHAEUSE","ALUMINIUM",NA,            0.,            0.,            0.,            0.,  -1.18402E-15,  -1.56777E-15,       NoValue
D:/MoVerHu_Projekt/FE_Modell/FE-Abaqus-Model/Job-19.odb,Step-163,Increment      6: Step Time =    1.000,"LAGERSITZ_NEU-1",         13179,             6,         12905,      -109.184,       12.9634,       26.4708,"ASSEMBLY_LAGERSITZ_NEU-1_SET-GEHAEUSE","ALUMINIUM",NA,            0.,            0.,            0.,            0.,  -1.18402E-15,  -1.56777E-15,       NoValue
D:/MoVerHu_Projekt/FE_Modell/FE-Abaqus-Model/Job-19.odb,Step-163,Increment      6: Step Time =    1.000,"LAGERSITZ_NEU-1",         13184,             6,         12905,      -109.184,       12.9634,       26.4708,"ASSEMBLY_LAGERSITZ_NEU-1_SET-GEHAEUSE","ALUMINIUM",NA,            0.,            0.,            0.,            0.,  -1.18402E-15,  -1.56777E-15,       NoValue
D:/MoVerHu_Projekt/FE_Modell/FE-Abaqus-Model/Job-19.odb,Step-163,Increment      6: Step Time =    1.000,"LAGERSITZ_NEU-1",         13179,             6,         12906,      -106.184,       12.9634,       26.4708,"ASSEMBLY_LAGERSITZ_NEU-1_SET-GEHAEUSE","ALUMINIUM",NA,            0.,            0.,            0.,            0.,   1.08450E-15,  -1.66895E-15,       NoValue
D:/MoVerHu_Projekt/FE_Modell/FE-Abaqus-Model/Job-19.odb,Step-163,Increment      6: Step Time =    1.000,"LAGERSITZ_NEU-1",         13180,             6,         12906,      -106.184,       12.9634,       26.4708,"ASSEMBLY_LAGERSITZ_NEU-1_SET-GEHAEUSE","ALUMINIUM",NA,            0.,            0.,            0.,            0.,   1.08450E-15,  -1.66895E-15,       NoValue
D:/MoVerHu_Projekt/FE_Modell/FE-Abaqus-Model/Job-19.odb,Step-163,Increment      6: Step Time =    1.000,"LAGERSITZ_NEU-1",         13184,             6,         12906,      -106.184,       12.9634,       26.4708,"ASSEMBLY_LAGERSITZ_NEU-1_SET-GEHAEUSE","ALUMINIUM",NA,            0.,            0.,            0.,            0.,   1.08450E-15,  -1.66895E-15,       NoValue
D:/MoVerHu_Projekt/FE_Modell/FE-Abaqus-Model/Job-19.odb,Step-163,Increment      6: Step Time =    1.000,"LAGERSITZ_NEU-1",         13185,             6,         12906,      -106.184,       12.9634,       26.4708,"ASSEMBLY_LAGERSITZ_NEU-1_SET-GEHAEUSE","ALUMINIUM",NA,            0.,            0.,            0.,            0.,   1.08450E-15,  -1.66895E-15,       NoValue
D:/MoVerHu_Projekt/FE_Modell/FE-Abaqus-Model/Job-19.odb,Step-163,Increment      6: Step Time =    1.000,"LAGERSITZ_NEU-1",         13185,             6,         12907,      -103.184,       12.9634,       26.4708,"ASSEMBLY_LAGERSITZ_NEU-1_SET-GEHAEUSE","ALUMINIUM",NA,            0.,            0.,            0.,            0.,  -1.60700E-15,  -1.24888E-15,       NoValue
D:/MoVerHu_Projekt/FE_Modell/FE-Abaqus-Model/Job-19.odb,Step-163,Increment      6: Step Time =    1.000,"LAGERSITZ_NEU-1",         13186,             6,         12907,      -103.184,       12.9634,       26.4708,"ASSEMBLY_LAGERSITZ_NEU-1_SET-GEHAEUSE","ALUMINIUM",NA,            0.,            0.,            0.,            0.,  -1.60700E-15,  -1.24888E-15,       NoValue
D:/MoVerHu_Projekt/FE_Modell/FE-Abaqus-Model/Job-19.odb,Step-163,Increment      6: Step Time =    1.000,"LAGERSITZ_NEU-1",         13181,             6,         12907,      -103.184,       12.9634,       26.4708,"ASSEMBLY_LAGERSITZ_NEU-1_SET-GEHAEUSE","ALUMINIUM",NA,            0.,            0.,            0.,            0.,  -1.60700E-15,  -1.24888E-15,       NoValue
D:/MoVerHu_Projekt/FE_Modell/FE-Abaqus-Model/Job-19.odb,Step-163,Increment      6: Step Time =    1.000,"LAGERSITZ_NEU-1",         13180,             6,         12907,      -103.184,       12.9634,       26.4708,"ASSEMBLY_LAGERSITZ_NEU-1_SET-GEHAEUSE","ALUMINIUM",NA,            0.,            0.,            0.,            0.,  -1.60700E-15,  -1.24888E-15,       NoValue
D:/MoVerHu_Projekt/FE_Modell/FE-Abaqus-Model/Job-19.odb,Step-163,Increment      6: Step Time =    1.000,"LAGERSITZ_NEU-1",         13182,             6,         12908,      -100.184,       12.9634,       26.4708,"ASSEMBLY_LAGERSITZ_NEU-1_SET-GEHAEUSE","ALUMINIUM",NA,            0.,            0.,            0.,            0.,  -2.07082E-15,  -1.75971E-15,       NoValue
D:/MoVerHu_Projekt/FE_Modell/FE-Abaqus-Model/Job-19.odb,Step-163,Increment      6: Step Time =    1.000,"LAGERSITZ_NEU-1",         13181,             6,         12908,      -100.184,       12.9634,       26.4708,"ASSEMBLY_LAGERSITZ_NEU-1_SET-GEHAEUSE","ALUMINIUM",NA,            0.,            0.,            0.,            0.,  -2.07082E-15,  -1.75971E-15,       NoValue
D:/MoVerHu_Projekt/FE_Modell/FE-Abaqus-Model/Job-19.odb,Step-163,Increment      6: Step Time =    1.000,"LAGERSITZ_NEU-1",         13186,             6,         12908,      -100.184,       12.9634,       26.4708,"ASSEMBLY_LAGERSITZ_NEU-1_SET-GEHAEUSE","ALUMINIUM",NA,            0.,            0.,            0.,            0.,  -2.07082E-15,  -1.75971E-15,       NoValue
D:/MoVerHu_Projekt/FE_Modell/FE-Abaqus-Model/Job-19.odb,Step-163,Increment      6: Step Time =    1.000,"LAGERSITZ_NEU-1",         13187,             6,         12908,      -100.184,       12.9634,       26.4708,"ASSEMBLY_LAGERSITZ_NEU-1_SET-GEHAEUSE","ALUMINIUM",NA,            0.,            0.,            0.,            0.,  -2.07082E-15,  -1.75971E-15,       NoValue
D:/MoVerHu_Projekt/FE_Modell/FE-Abaqus-Model/Job-19.odb,Step-163,Increment      6: Step Time =    1.000,"LAGERSITZ_NEU-1",         13184,             6,         12909,      -109.184,       10.0804,       27.3755,"ASSEMBLY_LAGERSITZ_NEU-1_SET-GEHAEUSE","ALUMINIUM",NA,            0.,            0.,            0.,            0.,  -2.03219E-15,   555.661E-18,       NoValue
D:/MoVerHu_Projekt/FE_Modell/FE-Abaqus-Model/Job-19.odb,Step-163,Increment      6: Step Time =    1.000,"LAGERSITZ_NEU-1",         13188,             6,         12909,      -109.184,       10.0804,       27.3755,"ASSEMBLY_LAGERSITZ_NEU-1_SET-GEHAEUSE","ALUMINIUM",NA,            0.,            0.,            0.,            0.,  -2.03219E-15,   555.661E-18,       NoValue
D:/MoVerHu_Projekt/FE_Modell/FE-Abaqus-Model/Job-19.odb,Step-163,Increment      6: Step Time =    1.000,"LAGERSITZ_NEU-1",         13189,             6,         12909,      -109.184,       10.0804,       27.3755,"ASSEMBLY_LAGERSITZ_NEU-1_SET-GEHAEUSE","ALUMINIUM",NA,            0.,            0.,            0.,            0.,  -2.03219E-15,   555.661E-18,       NoValue
D:/MoVerHu_Projekt/FE_Modell/FE-Abaqus-Model/Job-19.odb,Step-163,Increment      6: Step Time =    1.000,"LAGERSITZ_NEU-1",         13183,             6,         12909,      -109.184,       10.0804,       27.3755,"ASSEMBLY_LAGERSITZ_NEU-1_SET-GEHAEUSE","ALUMINIUM",NA,            0.,            0.,            0.,            0.,  -2.03219E-15,   555.661E-18,       NoValue
D:/MoVerHu_Projekt/FE_Modell/FE-Abaqus-Model/Job-19.odb,Step-163,Increment      6: Step Time =    1.000,"LAGERSITZ_NEU-1",         13190,             6,         12910,      -106.184,       10.0804,       27.3755,"ASSEMBLY_LAGERSITZ_NEU-1_SET-GEHAEUSE","ALUMINIUM",NA,            0.,            0.,            0.,            0.,  -682.292E-18,   458.493E-18,       NoValue
D:/MoVerHu_Projekt/FE_Modell/FE-Abaqus-Model/Job-19.odb,Step-163,Increment      6: Step Time =    1.000,"LAGERSITZ_NEU-1",         13189,             6,         12910,      -106.184,       10.0804,       27.3755,"ASSEMBLY_LAGERSITZ_NEU-1_SET-GEHAEUSE","ALUMINIUM",NA,            0.,            0.,            0.,            0.,  -682.292E-18,   458.493E-18,       NoValue
D:/MoVerHu_Projekt/FE_Modell/FE-Abaqus-Model/Job-19.odb,Step-163,Increment      6: Step Time =    1.000,"LAGERSITZ_NEU-1",         13184,             6,         12910,      -106.184,       10.0804,       27.3755,"ASSEMBLY_LAGERSITZ_NEU-1_SET-GEHAEUSE","ALUMINIUM",NA,            0.,            0.,            0.,            0.,  -682.292E-18,   458.493E-18,       NoValue
D:/MoVerHu_Projekt/FE_Modell/FE-Abaqus-Model/Job-19.odb,Step-163,Increment      6: Step Time =    1.000,"LAGERSITZ_NEU-1",         13185,             6,         12910,      -106.184,       10.0804,       27.3755,"ASSEMBLY_LAGERSITZ_NEU-1_SET-GEHAEUSE","ALUMINIUM",NA,            0.,            0.,            0.,            0.,  -682.292E-18,   458.493E-18,       NoValue
D:/MoVerHu_Projekt/FE_Modell/FE-Abaqus-Model/Job-19.odb,Step-163,Increment      6: Step Time =    1.000,"LAGERSITZ_NEU-1",         13190,             6,         12911,      -103.184,       10.0804,       27.3755,"ASSEMBLY_LAGERSITZ_NEU-1_SET-GEHAEUSE","ALUMINIUM",NA,            0.,            0.,            0.,            0.,  -670.620E-18,   689.961E-18,       NoValue
D:/MoVerHu_Projekt/FE_Modell/FE-Abaqus-Model/Job-19.odb,Step-163,Increment      6: Step Time =    1.000,"LAGERSITZ_NEU-1",         13191,             6,         12911,      -103.184,       10.0804,       27.3755,"ASSEMBLY_LAGERSITZ_NEU-1_SET-GEHAEUSE","ALUMINIUM",NA,            0.,            0.,            0.,            0.,  -670.620E-18,   689.961E-18,       NoValue
D:/MoVerHu_Projekt/FE_Modell/FE-Abaqus-Model/Job-19.odb,Step-163,Increment      6: Step Time =    1.000,"LAGERSITZ_NEU-1",         13186,             6,         12911,      -103.184,       10.0804,       27.3755,"ASSEMBLY_LAGERSITZ_NEU-1_SET-GEHAEUSE","ALUMINIUM",NA,            0.,            0.,            0.,            0.,  -670.620E-18,   689.961E-18,       NoValue
D:/MoVerHu_Projekt/FE_Modell/FE-Abaqus-Model/Job-19.odb,Step-163,Increment      6: Step Time =    1.000,"LAGERSITZ_NEU-1",         13185,             6,         12911,      -103.184,       10.0804,       27.3755,"ASSEMBLY_LAGERSITZ_NEU-1_SET-GEHAEUSE","ALUMINIUM",NA,            0.,            0.,            0.,            0.,  -670.620E-18,   689.961E-18,       NoValue
D:/MoVerHu_Projekt/FE_Modell/FE-Abaqus-Model/Job-19.odb,Step-163,Increment      6: Step Time =    1.000,"LAGERSITZ_NEU-1",         13191,             6,         12912,      -100.184,       10.0804,       27.3755,"ASSEMBLY_LAGERSITZ_NEU-1_SET-GEHAEUSE","ALUMINIUM",NA,            0.,            0.,            0.,            0.,  -4.56251E-15,   410.583E-18,       NoValue
D:/MoVerHu_Projekt/FE_Modell/FE-Abaqus-Model/Job-19.odb,Step-163,Increment      6: Step Time =    1.000,"LAGERSITZ_NEU-1",         13187,             6,         12912,      -100.184,       10.0804,       27.3755,"ASSEMBLY_LAGERSITZ_NEU-1_SET-GEHAEUSE","ALUMINIUM",NA,            0.,            0.,            0.,            0.,  -4.56251E-15,   410.583E-18,       NoValue
D:/MoVerHu_Projekt/FE_Modell/FE-Abaqus-Model/Job-19.odb,Step-163,Increment      6: Step Time =    1.000,"LAGERSITZ_NEU-1",         13192,             6,         12912,      -100.184,       10.0804,       27.3755,"ASSEMBLY_LAGERSITZ_NEU-1_SET-GEHAEUSE","ALUMINIUM",NA,            0.,            0.,            0.,            0.,  -4.56251E-15,   410.583E-18,       NoValue
D:/MoVerHu_Projekt/FE_Modell/FE-Abaqus-Model/Job-19.odb,Step-163,Increment      6: Step Time =    1.000,"LAGERSITZ_NEU-1",         13186,             6,         12912,      -100.184,       10.0804,       27.3755,"ASSEMBLY_LAGERSITZ_NEU-1_SET-GEHAEUSE","ALUMINIUM",NA,            0.,            0.,            0.,            0.,  -4.56251E-15,   410.583E-18,       NoValue
D:/MoVerHu_Projekt/FE_Modell/FE-Abaqus-Model/Job-19.odb,Step-163,Increment      6: Step Time =    1.000,"LAGERSITZ_NEU-1",         13188,             6,         12913,      -109.184,       7.15202,       28.1206,"ASSEMBLY_LAGERSITZ_NEU-1_SET-GEHAEUSE","ALUMINIUM",NA,            0.,            0.,            0.,            0.,  -1.77938E-15,  -280.137E-18,       NoValue
D:/MoVerHu_Projekt/FE_Modell/FE-Abaqus-Model/Job-19.odb,Step-163,Increment      6: Step Time =    1.000,"LAGERSITZ_NEU-1",         13194,             6,         12913,      -109.184,       7.15202,       28.1206,"ASSEMBLY_LAGERSITZ_NEU-1_SET-GEHAEUSE","ALUMINIUM",NA,            0.,            0.,            0.,            0.,  -1.77938E-15,  -280.137E-18,       NoValue
D:/MoVerHu_Projekt/FE_Modell/FE-Abaqus-Model/Job-19.odb,Step-163,Increment      6: Step Time =    1.000,"LAGERSITZ_NEU-1",         13189,             6,         12913,      -109.184,       7.15202,       28.1206,"ASSEMBLY_LAGERSITZ_NEU-1_SET-GEHAEUSE","ALUMINIUM",NA,            0.,            0.,            0.,            0.,  -1.77938E-15,  -280.137E-18,       NoValue
D:/MoVerHu_Projekt/FE_Modell/FE-Abaqus-Model/Job-19.odb,Step-163,Increment      6: Step Time =    1.000,"LAGERSITZ_NEU-1",         13193,             6,         12913,      -109.184,       7.15202,       28.1206,"ASSEMBLY_LAGERSITZ_NEU-1_SET-GEHAEUSE","ALUMINIUM",NA,            0.,            0.,            0.,            0.,  -1.77938E-15,  -280.137E-18,       NoValue
D:/MoVerHu_Projekt/FE_Modell/FE-Abaqus-Model/Job-19.odb,Step-163,Increment      6: Step Time =    1.000,"LAGERSITZ_NEU-1",         13189,             6,         12914,      -106.184,       7.15202,       28.1206,"ASSEMBLY_LAGERSITZ_NEU-1_SET-GEHAEUSE","ALUMINIUM",NA,            0.,            0.,            0.,            0.,   1.64768E-15,  -111.502E-18,       NoValue
D:/MoVerHu_Projekt/FE_Modell/FE-Abaqus-Model/Job-19.odb,Step-163,Increment      6: Step Time =    1.000,"LAGERSITZ_NEU-1",         13194,             6,         12914,      -106.184,       7.15202,       28.1206,"ASSEMBLY_LAGERSITZ_NEU-1_SET-GEHAEUSE","ALUMINIUM",NA,            0.,            0.,            0.,            0.,   1.64768E-15,  -111.502E-18,       NoValue
D:/MoVerHu_Projekt/FE_Modell/FE-Abaqus-Model/Job-19.odb,Step-163,Increment      6: Step Time =    1.000,"LAGERSITZ_NEU-1",         13195,             6,         12914,      -106.184,       7.15202,       28.1206,"ASSEMBLY_LAGERSITZ_NEU-1_SET-GEHAEUSE","ALUMINIUM",NA,            0.,            0.,            0.,            0.,   1.64768E-15,  -111.502E-18,       NoValue
D:/MoVerHu_Projekt/FE_Modell/FE-Abaqus-Model/Job-19.odb,Step-163,Increment      6: Step Time =    1.000,"LAGERSITZ_NEU-1",         13190,             6,         12914,      -106.184,       7.15202,       28.1206,"ASSEMBLY_LAGERSITZ_NEU-1_SET-GEHAEUSE","ALUMINIUM",NA,            0.,            0.,            0.,            0.,   1.64768E-15,  -111.502E-18,       NoValue
D:/MoVerHu_Projekt/FE_Modell/FE-Abaqus-Model/Job-19.odb,Step-163,Increment      6: Step Time =    1.000,"LAGERSITZ_NEU-1",         13191,             6,         12915,      -103.184,       7.15202,       28.1206,"ASSEMBLY_LAGERSITZ_NEU-1_SET-GEHAEUSE","ALUMINIUM",NA,            0.,            0.,            0.,            0.,   1.44885E-15,   89.8132E-18,       NoValue
D:/MoVerHu_Projekt/FE_Modell/FE-Abaqus-Model/Job-19.odb,Step-163,Increment      6: Step Time =    1.000,"LAGERSITZ_NEU-1",         13190,             6,         12915,      -103.184,       7.15202,       28.1206,"ASSEMBLY_LAGERSITZ_NEU-1_SET-GEHAEUSE","ALUMINIUM",NA,            0.,            0.,            0.,            0.,   1.44885E-15,   89.8132E-18,       NoValue
D:/MoVerHu_Projekt/FE_Modell/FE-Abaqus-Model/Job-19.odb,Step-163,Increment      6: Step Time =    1.000,"LAGERSITZ_NEU-1",         13195,             6,         12915,      -103.184,       7.15202,       28.1206,"ASSEMBLY_LAGERSITZ_NEU-1_SET-GEHAEUSE","ALUMINIUM",NA,            0.,            0.,            0.,            0.,   1.44885E-15,   89.8132E-18,       NoValue
D:/MoVerHu_Projekt/FE_Modell/FE-Abaqus-Model/Job-19.odb,Step-163,Increment      6: Step Time =    1.000,"LAGERSITZ_NEU-1",         13196,             6,         12915,      -103.184,       7.15202,       28.1206,"ASSEMBLY_LAGERSITZ_NEU-1_SET-GEHAEUSE","ALUMINIUM",NA,            0.,            0.,            0.,            0.,   1.44885E-15,   89.8132E-18,       NoValue
D:/MoVerHu_Projekt/FE_Modell/FE-Abaqus-Model/Job-19.odb,Step-163,Increment      6: Step Time =    1.000,"LAGERSITZ_NEU-1",         13196,             6,         12916,      -100.184,       7.15202,       28.1206,"ASSEMBLY_LAGERSITZ_NEU-1_SET-GEHAEUSE","ALUMINIUM",NA,            0.,            0.,            0.,            0.,  -549.116E-18,   274.011E-18,       NoValue
D:/MoVerHu_Projekt/FE_Modell/FE-Abaqus-Model/Job-19.odb,Step-163,Increment      6: Step Time =    1.000,"LAGERSITZ_NEU-1",         13192,             6,         12916,      -100.184,       7.15202,       28.1206,"ASSEMBLY_LAGERSITZ_NEU-1_SET-GEHAEUSE","ALUMINIUM",NA,            0.,            0.,            0.,            0.,  -549.116E-18,   274.011E-18,       NoValue
D:/MoVerHu_Projekt/FE_Modell/FE-Abaqus-Model/Job-19.odb,Step-163,Increment      6: Step Time =    1.000,"LAGERSITZ_NEU-1",         13197,             6,         12916,      -100.184,       7.15202,       28.1206,"ASSEMBLY_LAGERSITZ_NEU-1_SET-GEHAEUSE","ALUMINIUM",NA,            0.,            0.,            0.,            0.,  -549.116E-18,   274.011E-18,       NoValue
D:/MoVerHu_Projekt/FE_Modell/FE-Abaqus-Model/Job-19.odb,Step-163,Increment      6: Step Time =    1.000,"LAGERSITZ_NEU-1",         13191,             6,         12916,      -100.184,       7.15202,       28.1206,"ASSEMBLY_LAGERSITZ_NEU-1_SET-GEHAEUSE","ALUMINIUM",NA,            0.,            0.,            0.,            0.,  -549.116E-18,   274.011E-18,       NoValue
D:/MoVerHu_Projekt/FE_Modell/FE-Abaqus-Model/Job-19.odb,Step-163,Increment      6: Step Time =    1.000,"LAGERSITZ_NEU-1",         13198,             6,         12917,      -109.184,       4.18716,       28.7037,"ASSEMBLY_LAGERSITZ_NEU-1_SET-GEHAEUSE","ALUMINIUM",NA,            0.,            0.,            0.,            0.,  -2.37035E-15,   535.596E-18,       NoValue
D:/MoVerHu_Projekt/FE_Modell/FE-Abaqus-Model/Job-19.odb,Step-163,Increment      6: Step Time =    1.000,"LAGERSITZ_NEU-1",         13194,             6,         12917,      -109.184,       4.18716,       28.7037,"ASSEMBLY_LAGERSITZ_NEU-1_SET-GEHAEUSE","ALUMINIUM",NA,            0.,            0.,            0.,            0.,  -2.37035E-15,   535.596E-18,       NoValue
D:/MoVerHu_Projekt/FE_Modell/FE-Abaqus-Model/Job-19.odb,Step-163,Increment      6: Step Time =    1.000,"LAGERSITZ_NEU-1",         13199,             6,         12917,      -109.184,       4.18716,       28.7037,"ASSEMBLY_LAGERSITZ_NEU-1_SET-GEHAEUSE","ALUMINIUM",NA,            0.,            0.,            0.,            0.,  -2.37035E-15,   535.596E-18,       NoValue
D:/MoVerHu_Projekt/FE_Modell/FE-Abaqus-Model/Job-19.odb,Step-163,Increment      6: Step Time =    1.000,"LAGERSITZ_NEU-1",         13193,             6,         12917,      -109.184,       4.18716,       28.7037,"ASSEMBLY_LAGERSITZ_NEU-1_SET-GEHAEUSE","ALUMINIUM",NA,            0.,            0.,            0.,            0.,  -2.37035E-15,   535.596E-18,       NoValue
D:/MoVerHu_Projekt/FE_Modell/FE-Abaqus-Model/Job-19.odb,Step-163,Increment      6: Step Time =    1.000,"LAGERSITZ_NEU-1",         13199,             6,         12918,      -106.184,       4.18716,       28.7037,"ASSEMBLY_LAGERSITZ_NEU-1_SET-GEHAEUSE","ALUMINIUM",NA,            0.,            0.,            0.,            0.,  -4.02106E-15,   791.627E-18,       NoValue
D:/MoVerHu_Projekt/FE_Modell/FE-Abaqus-Model/Job-19.odb,Step-163,Increment      6: Step Time =    1.000,"LAGERSITZ_NEU-1",         13194,             6,         12918,      -106.184,       4.18716,       28.7037,"ASSEMBLY_LAGERSITZ_NEU-1_SET-GEHAEUSE","ALUMINIUM",NA,            0.,            0.,            0.,            0.,  -4.02106E-15,   791.627E-18,       NoValue
D:/MoVerHu_Projekt/FE_Modell/FE-Abaqus-Model/Job-19.odb,Step-163,Increment      6: Step Time =    1.000,"LAGERSITZ_NEU-1",         13200,             6,         12918,      -106.184,       4.18716,       28.7037,"ASSEMBLY_LAGERSITZ_NEU-1_SET-GEHAEUSE","ALUMINIUM",NA,            0.,            0.,            0.,            0.,  -4.02106E-15,   791.627E-18,       NoValue
D:/MoVerHu_Projekt/FE_Modell/FE-Abaqus-Model/Job-19.odb,Step-163,Increment      6: Step Time =    1.000,"LAGERSITZ_NEU-1",         13195,             6,         12918,      -106.184,       4.18716,       28.7037,"ASSEMBLY_LAGERSITZ_NEU-1_SET-GEHAEUSE","ALUMINIUM",NA,            0.,            0.,            0.,            0.,  -4.02106E-15,   791.627E-18,       NoValue
D:/MoVerHu_Projekt/FE_Modell/FE-Abaqus-Model/Job-19.odb,Step-163,Increment      6: Step Time =    1.000,"LAGERSITZ_NEU-1",         13200,             6,         12919,      -103.184,       4.18716,       28.7037,"ASSEMBLY_LAGERSITZ_NEU-1_SET-GEHAEUSE","ALUMINIUM",NA,            0.,            0.,            0.,            0.,  -490.234E-18,   771.949E-18,       NoValue
D:/MoVerHu_Projekt/FE_Modell/FE-Abaqus-Model/Job-19.odb,Step-163,Increment      6: Step Time =    1.000,"LAGERSITZ_NEU-1",         13196,             6,         12919,      -103.184,       4.18716,       28.7037,"ASSEMBLY_LAGERSITZ_NEU-1_SET-GEHAEUSE","ALUMINIUM",NA,            0.,            0.,            0.,            0.,  -490.234E-18,   771.949E-18,       NoValue
D:/MoVerHu_Projekt/FE_Modell/FE-Abaqus-Model/Job-19.odb,Step-163,Increment      6: Step Time =    1.000,"LAGERSITZ_NEU-1",         13195,             6,         12919,      -103.184,       4.18716,       28.7037,"ASSEMBLY_LAGERSITZ_NEU-1_SET-GEHAEUSE","ALUMINIUM",NA,            0.,            0.,            0.,            0.,  -490.234E-18,   771.949E-18,       NoValue
D:/MoVerHu_Projekt/FE_Modell/FE-Abaqus-Model/Job-19.odb,Step-163,Increment      6: Step Time =    1.000,"LAGERSITZ_NEU-1",         13201,             6,         12919,      -103.184,       4.18716,       28.7037,"ASSEMBLY_LAGERSITZ_NEU-1_SET-GEHAEUSE","ALUMINIUM",NA,            0.,            0.,            0.,            0.,  -490.234E-18,   771.949E-18,       NoValue
D:/MoVerHu_Projekt/FE_Modell/FE-Abaqus-Model/Job-19.odb,Step-163,Increment      6: Step Time =    1.000,"LAGERSITZ_NEU-1",         13197,             6,         12920,      -100.184,       4.18716,       28.7037,"ASSEMBLY_LAGERSITZ_NEU-1_SET-GEHAEUSE","ALUMINIUM",NA,            0.,            0.,            0.,            0.,  -951.761E-18,   730.555E-18,       NoValue
D:/MoVerHu_Projekt/FE_Modell/FE-Abaqus-Model/Job-19.odb,Step-163,Increment      6: Step Time =    1.000,"LAGERSITZ_NEU-1",         13202,             6,         12920,      -100.184,       4.18716,       28.7037,"ASSEMBLY_LAGERSITZ_NEU-1_SET-GEHAEUSE","ALUMINIUM",NA,            0.,            0.,            0.,            0.,  -951.761E-18,   730.555E-18,       NoValue
D:/MoVerHu_Projekt/FE_Modell/FE-Abaqus-Model/Job-19.odb,Step-163,Increment      6: Step Time =    1.000,"LAGERSITZ_NEU-1",         13196,             6,         12920,      -100.184,       4.18716,       28.7037,"ASSEMBLY_LAGERSITZ_NEU-1_SET-GEHAEUSE","ALUMINIUM",NA,            0.,            0.,            0.,            0.,  -951.761E-18,   730.555E-18,       NoValue
D:/MoVerHu_Projekt/FE_Modell/FE-Abaqus-Model/Job-19.odb,Step-163,Increment      6: Step Time =    1.000,"LAGERSITZ_NEU-1",         13201,             6,         12920,      -100.184,       4.18716,       28.7037,"ASSEMBLY_LAGERSITZ_NEU-1_SET-GEHAEUSE","ALUMINIUM",NA,            0.,            0.,            0.,            0.,  -951.761E-18,   730.555E-18,       NoValue
D:/MoVerHu_Projekt/FE_Modell/FE-Abaqus-Model/Job-19.odb,Step-163,Increment      6: Step Time =    1.000,"LAGERSITZ_NEU-1",         13199,             6,         12921,      -109.184,       1.19475,       29.1231,"ASSEMBLY_LAGERSITZ_NEU-1_SET-GEHAEUSE","ALUMINIUM",NA,            0.,            0.,            0.,            0.,  -3.20953E-15,  -31.1132E-18,       NoValue
D:/MoVerHu_Projekt/FE_Modell/FE-Abaqus-Model/Job-19.odb,Step-163,Increment      6: Step Time =    1.000,"LAGERSITZ_NEU-1",         13203,             6,         12921,      -109.184,       1.19475,       29.1231,"ASSEMBLY_LAGERSITZ_NEU-1_SET-GEHAEUSE","ALUMINIUM",NA,            0.,            0.,            0.,            0.,  -3.20953E-15,  -31.1132E-18,       NoValue
D:/MoVerHu_Projekt/FE_Modell/FE-Abaqus-Model/Job-19.odb,Step-163,Increment      6: Step Time =    1.000,"LAGERSITZ_NEU-1",         13198,             6,         12921,      -109.184,       1.19475,       29.1231,"ASSEMBLY_LAGERSITZ_NEU-1_SET-GEHAEUSE","ALUMINIUM",NA,            0.,            0.,            0.,            0.,  -3.20953E-15,  -31.1132E-18,       NoValue
D:/MoVerHu_Projekt/FE_Modell/FE-Abaqus-Model/Job-19.odb,Step-163,Increment      6: Step Time =    1.000,"LAGERSITZ_NEU-1",         13204,             6,         12921,      -109.184,       1.19475,       29.1231,"ASSEMBLY_LAGERSITZ_NEU-1_SET-GEHAEUSE","ALUMINIUM",NA,            0.,            0.,            0.,            0.,  -3.20953E-15,  -31.1132E-18,       NoValue
D:/MoVerHu_Projekt/FE_Modell/FE-Abaqus-Model/Job-19.odb,Step-163,Increment      6: Step Time =    1.000,"LAGERSITZ_NEU-1",         13204,             6,         12922,      -106.184,       1.19475,       29.1231,"ASSEMBLY_LAGERSITZ_NEU-1_SET-GEHAEUSE","ALUMINIUM",NA,            0.,            0.,            0.,            0.,  -16.1293E-18,  -32.4698E-18,       NoValue
D:/MoVerHu_Projekt/FE_Modell/FE-Abaqus-Model/Job-19.odb,Step-163,Increment      6: Step Time =    1.000,"LAGERSITZ_NEU-1",         13199,             6,         12922,      -106.184,       1.19475,       29.1231,"ASSEMBLY_LAGERSITZ_NEU-1_SET-GEHAEUSE","ALUMINIUM",NA,            0.,            0.,            0.,            0.,  -16.1293E-18,  -32.4698E-18,       NoValue
D:/MoVerHu_Projekt/FE_Modell/FE-Abaqus-Model/Job-19.odb,Step-163,Increment      6: Step Time =    1.000,"LAGERSITZ_NEU-1",         13205,             6,         12922,      -106.184,       1.19475,       29.1231,"ASSEMBLY_LAGERSITZ_NEU-1_SET-GEHAEUSE","ALUMINIUM",NA,            0.,            0.,            0.,            0.,  -16.1293E-18,  -32.4698E-18,       NoValue
D:/MoVerHu_Projekt/FE_Modell/FE-Abaqus-Model/Job-19.odb,Step-163,Increment      6: Step Time =    1.000,"LAGERSITZ_NEU-1",         13200,             6,         12922,      -106.184,       1.19475,       29.1231,"ASSEMBLY_LAGERSITZ_NEU-1_SET-GEHAEUSE","ALUMINIUM",NA,            0.,            0.,            0.,            0.,  -16.1293E-18,  -32.4698E-18,       NoValue
D:/MoVerHu_Projekt/FE_Modell/FE-Abaqus-Model/Job-19.odb,Step-163,Increment      6: Step Time =    1.000,"LAGERSITZ_NEU-1",         13200,             6,         12923,      -103.184,       1.19475,       29.1231,"ASSEMBLY_LAGERSITZ_NEU-1_SET-GEHAEUSE","ALUMINIUM",NA,            0.,            0.,            0.,            0.,   480.747E-18,   36.4734E-18,       NoValue
D:/MoVerHu_Projekt/FE_Modell/FE-Abaqus-Model/Job-19.odb,Step-163,Increment      6: Step Time =    1.000,"LAGERSITZ_NEU-1",         13206,             6,         12923,      -103.184,       1.19475,       29.1231,"ASSEMBLY_LAGERSITZ_NEU-1_SET-GEHAEUSE","ALUMINIUM",NA,            0.,            0.,            0.,            0.,   480.747E-18,   36.4734E-18,       NoValue
D:/MoVerHu_Projekt/FE_Modell/FE-Abaqus-Model/Job-19.odb,Step-163,Increment      6: Step Time =    1.000,"LAGERSITZ_NEU-1",         13205,             6,         12923,      -103.184,       1.19475,       29.1231,"ASSEMBLY_LAGERSITZ_NEU-1_SET-GEHAEUSE","ALUMINIUM",NA,            0.,            0.,            0.,            0.,   480.747E-18,   36.4734E-18,       NoValue
D:/MoVerHu_Projekt/FE_Modell/FE-Abaqus-Model/Job-19.odb,Step-163,Increment      6: Step Time =    1.000,"LAGERSITZ_NEU-1",         13201,             6,         12923,      -103.184,       1.19475,       29.1231,"ASSEMBLY_LAGERSITZ_NEU-1_SET-GEHAEUSE","ALUMINIUM",NA,            0.,            0.,            0.,            0.,   480.747E-18,   36.4734E-18,       NoValue
D:/MoVerHu_Projekt/FE_Modell/FE-Abaqus-Model/Job-19.odb,Step-163,Increment      6: Step Time =    1.000,"LAGERSITZ_NEU-1",         13201,             6,         12924,      -100.184,       1.19475,       29.1231,"ASSEMBLY_LAGERSITZ_NEU-1_SET-GEHAEUSE","ALUMINIUM",NA,            0.,            0.,            0.,            0.,  -3.36992E-15,   9.57976E-18,       NoValue
D:/MoVerHu_Projekt/FE_Modell/FE-Abaqus-Model/Job-19.odb,Step-163,Increment      6: Step Time =    1.000,"LAGERSITZ_NEU-1",         13202,             6,         12924,      -100.184,       1.19475,       29.1231,"ASSEMBLY_LAGERSITZ_NEU-1_SET-GEHAEUSE","ALUMINIUM",NA,            0.,            0.,            0.,            0.,  -3.36992E-15,   9.57976E-18,       NoValue
D:/MoVerHu_Projekt/FE_Modell/FE-Abaqus-Model/Job-19.odb,Step-163,Increment      6: Step Time =    1.000,"LAGERSITZ_NEU-1",         13207,             6,         12924,      -100.184,       1.19475,       29.1231,"ASSEMBLY_LAGERSITZ_NEU-1_SET-GEHAEUSE","ALUMINIUM",NA,            0.,            0.,            0.,            0.,  -3.36992E-15,   9.57976E-18,       NoValue
D:/MoVerHu_Projekt/FE_Modell/FE-Abaqus-Model/Job-19.odb,Step-163,Increment      6: Step Time =    1.000,"LAGERSITZ_NEU-1",         13206,             6,         12924,      -100.184,       1.19475,       29.1231,"ASSEMBLY_LAGERSITZ_NEU-1_SET-GEHAEUSE","ALUMINIUM",NA,            0.,            0.,            0.,            0.,  -3.36992E-15,   9.57976E-18,       NoValue
D:/MoVerHu_Projekt/FE_Modell/FE-Abaqus-Model/Job-19.odb,Step-163,Increment      6: Step Time =    1.000,"LAGERSITZ_NEU-1",         13209,             6,         12925,      -109.184,      -1.81618,       29.3776,"ASSEMBLY_LAGERSITZ_NEU-1_SET-GEHAEUSE","ALUMINIUM",NA,            0.,            0.,            0.,            0.,   674.700E-18,   17.0039E-18,       NoValue
D:/MoVerHu_Projekt/FE_Modell/FE-Abaqus-Model/Job-19.odb,Step-163,Increment      6: Step Time =    1.000,"LAGERSITZ_NEU-1",         13203,             6,         12925,      -109.184,      -1.81618,       29.3776,"ASSEMBLY_LAGERSITZ_NEU-1_SET-GEHAEUSE","ALUMINIUM",NA,            0.,            0.,            0.,            0.,   674.700E-18,   17.0039E-18,       NoValue
D:/MoVerHu_Projekt/FE_Modell/FE-Abaqus-Model/Job-19.odb,Step-163,Increment      6: Step Time =    1.000,"LAGERSITZ_NEU-1",         13204,             6,         12925,      -109.184,      -1.81618,       29.3776,"ASSEMBLY_LAGERSITZ_NEU-1_SET-GEHAEUSE","ALUMINIUM",NA,            0.,            0.,            0.,            0.,   674.700E-18,   17.0039E-18,       NoValue
D:/MoVerHu_Projekt/FE_Modell/FE-Abaqus-Model/Job-19.odb,Step-163,Increment      6: Step Time =    1.000,"LAGERSITZ_NEU-1",         13208,             6,         12925,      -109.184,      -1.81618,       29.3776,"ASSEMBLY_LAGERSITZ_NEU-1_SET-GEHAEUSE","ALUMINIUM",NA,            0.,            0.,            0.,            0.,   674.700E-18,   17.0039E-18,       NoValue
D:/MoVerHu_Projekt/FE_Modell/FE-Abaqus-Model/Job-19.odb,Step-163,Increment      6: Step Time =    1.000,"LAGERSITZ_NEU-1",         13209,             6,         12926,      -106.184,      -1.81618,       29.3776,"ASSEMBLY_LAGERSITZ_NEU-1_SET-GEHAEUSE","ALUMINIUM",NA,            0.,            0.,            0.,            0.,  -1.40426E-15,  -54.1217E-18,       NoValue
D:/MoVerHu_Projekt/FE_Modell/FE-Abaqus-Model/Job-19.odb,Step-163,Increment      6: Step Time =    1.000,"LAGERSITZ_NEU-1",         13210,             6,         12926,      -106.184,      -1.81618,       29.3776,"ASSEMBLY_LAGERSITZ_NEU-1_SET-GEHAEUSE","ALUMINIUM",NA,            0.,            0.,            0.,            0.,  -1.40426E-15,  -54.1217E-18,       NoValue
D:/MoVerHu_Projekt/FE_Modell/FE-Abaqus-Model/Job-19.odb,Step-163,Increment      6: Step Time =    1.000,"LAGERSITZ_NEU-1",         13205,             6,         12926,      -106.184,      -1.81618,       29.3776,"ASSEMBLY_LAGERSITZ_NEU-1_SET-GEHAEUSE","ALUMINIUM",NA,            0.,            0.,            0.,            0.,  -1.40426E-15,  -54.1217E-18,       NoValue
D:/MoVerHu_Projekt/FE_Modell/FE-Abaqus-Model/Job-19.odb,Step-163,Increment      6: Step Time =    1.000,"LAGERSITZ_NEU-1",         13204,             6,         12926,      -106.184,      -1.81618,       29.3776,"ASSEMBLY_LAGERSITZ_NEU-1_SET-GEHAEUSE","ALUMINIUM",NA,            0.,            0.,            0.,            0.,  -1.40426E-15,  -54.1217E-18,       NoValue
D:/MoVerHu_Projekt/FE_Modell/FE-Abaqus-Model/Job-19.odb,Step-163,Increment      6: Step Time =    1.000,"LAGERSITZ_NEU-1",         13210,             6,         12927,      -103.184,      -1.81618,       29.3776,"ASSEMBLY_LAGERSITZ_NEU-1_SET-GEHAEUSE","ALUMINIUM",NA,            0.,            0.,            0.,            0.,  -1.49830E-15,  -21.0676E-18,       NoValue
D:/MoVerHu_Projekt/FE_Modell/FE-Abaqus-Model/Job-19.odb,Step-163,Increment      6: Step Time =    1.000,"LAGERSITZ_NEU-1",         13205,             6,         12927,      -103.184,      -1.81618,       29.3776,"ASSEMBLY_LAGERSITZ_NEU-1_SET-GEHAEUSE","ALUMINIUM",NA,            0.,            0.,            0.,            0.,  -1.49830E-15,  -21.0676E-18,       NoValue
D:/MoVerHu_Projekt/FE_Modell/FE-Abaqus-Model/Job-19.odb,Step-163,Increment      6: Step Time =    1.000,"LAGERSITZ_NEU-1",         13206,             6,         12927,      -103.184,      -1.81618,       29.3776,"ASSEMBLY_LAGERSITZ_NEU-1_SET-GEHAEUSE","ALUMINIUM",NA,            0.,            0.,            0.,            0.,  -1.49830E-15,  -21.0676E-18,       NoValue
D:/MoVerHu_Projekt/FE_Modell/FE-Abaqus-Model/Job-19.odb,Step-163,Increment      6: Step Time =    1.000,"LAGERSITZ_NEU-1",         13211,             6,         12927,      -103.184,      -1.81618,       29.3776,"ASSEMBLY_LAGERSITZ_NEU-1_SET-GEHAEUSE","ALUMINIUM",NA,            0.,            0.,            0.,            0.,  -1.49830E-15,  -21.0676E-18,       NoValue
D:/MoVerHu_Projekt/FE_Modell/FE-Abaqus-Model/Job-19.odb,Step-163,Increment      6: Step Time =    1.000,"LAGERSITZ_NEU-1",         13212,             6,         12928,      -100.184,      -1.81618,       29.3776,"ASSEMBLY_LAGERSITZ_NEU-1_SET-GEHAEUSE","ALUMINIUM",NA,            0.,            0.,            0.,            0.,  -2.36503E-15,   103.539E-18,       NoValue
D:/MoVerHu_Projekt/FE_Modell/FE-Abaqus-Model/Job-19.odb,Step-163,Increment      6: Step Time =    1.000,"LAGERSITZ_NEU-1",         13207,             6,         12928,      -100.184,      -1.81618,       29.3776,"ASSEMBLY_LAGERSITZ_NEU-1_SET-GEHAEUSE","ALUMINIUM",NA,            0.,            0.,            0.,            0.,  -2.36503E-15,   103.539E-18,       NoValue
D:/MoVerHu_Projekt/FE_Modell/FE-Abaqus-Model/Job-19.odb,Step-163,Increment      6: Step Time =    1.000,"LAGERSITZ_NEU-1",         13206,             6,         12928,      -100.184,      -1.81618,       29.3776,"ASSEMBLY_LAGERSITZ_NEU-1_SET-GEHAEUSE","ALUMINIUM",NA,            0.,            0.,            0.,            0.,  -2.36503E-15,   103.539E-18,       NoValue
D:/MoVerHu_Projekt/FE_Modell/FE-Abaqus-Model/Job-19.odb,Step-163,Increment      6: Step Time =    1.000,"LAGERSITZ_NEU-1",         13211,             6,         12928,      -100.184,      -1.81618,       29.3776,"ASSEMBLY_LAGERSITZ_NEU-1_SET-GEHAEUSE","ALUMINIUM",NA,            0.,            0.,            0.,            0.,  -2.36503E-15,   103.539E-18,       NoValue
D:/MoVerHu_Projekt/FE_Modell/FE-Abaqus-Model/Job-19.odb,Step-163,Increment      6: Step Time =    1.000,"LAGERSITZ_NEU-1",         13219,             6,         12929,      -109.184,      -7.60569,       29.4017,"ASSEMBLY_LAGERSITZ_NEU-1_SET-GEHAEUSE","ALUMINIUM",NA,            0.,            0.,            0.,            0.,  -956.646E-18,   367.376E-18,       NoValue
D:/MoVerHu_Projekt/FE_Modell/FE-Abaqus-Model/Job-19.odb,Step-163,Increment      6: Step Time =    1.000,"LAGERSITZ_NEU-1",         13214,             6,         12929,      -109.184,      -7.60569,       29.4017,"ASSEMBLY_LAGERSITZ_NEU-1_SET-GEHAEUSE","ALUMINIUM",NA,            0.,            0.,            0.,            0.,  -956.646E-18,   367.376E-18,       NoValue
D:/MoVerHu_Projekt/FE_Modell/FE-Abaqus-Model/Job-19.odb,Step-163,Increment      6: Step Time =    1.000,"LAGERSITZ_NEU-1",         13213,             6,         12929,      -109.184,      -7.60569,       29.4017,"ASSEMBLY_LAGERSITZ_NEU-1_SET-GEHAEUSE","ALUMINIUM",NA,            0.,            0.,            0.,            0.,  -956.646E-18,   367.376E-18,       NoValue
D:/MoVerHu_Projekt/FE_Modell/FE-Abaqus-Model/Job-19.odb,Step-163,Increment      6: Step Time =    1.000,"LAGERSITZ_NEU-1",         13218,             6,         12929,      -109.184,      -7.60569,       29.4017,"ASSEMBLY_LAGERSITZ_NEU-1_SET-GEHAEUSE","ALUMINIUM",NA,            0.,            0.,            0.,            0.,  -956.646E-18,   367.376E-18,       NoValue
D:/MoVerHu_Projekt/FE_Modell/FE-Abaqus-Model/Job-19.odb,Step-163,Increment      6: Step Time =    1.000,"LAGERSITZ_NEU-1",         13214,             6,         12930,      -106.184,      -7.60569,       29.4017,"ASSEMBLY_LAGERSITZ_NEU-1_SET-GEHAEUSE","ALUMINIUM",NA,            0.,            0.,            0.,            0.,   1.59431E-15,   593.361E-18,       NoValue
D:/MoVerHu_Projekt/FE_Modell/FE-Abaqus-Model/Job-19.odb,Step-163,Increment      6: Step Time =    1.000,"LAGERSITZ_NEU-1",         13215,             6,         12930,      -106.184,      -7.60569,       29.4017,"ASSEMBLY_LAGERSITZ_NEU-1_SET-GEHAEUSE","ALUMINIUM",NA,            0.,            0.,            0.,            0.,   1.59431E-15,   593.361E-18,       NoValue
D:/MoVerHu_Projekt/FE_Modell/FE-Abaqus-Model/Job-19.odb,Step-163,Increment      6: Step Time =    1.000,"LAGERSITZ_NEU-1",         13219,             6,         12930,      -106.184,      -7.60569,       29.4017,"ASSEMBLY_LAGERSITZ_NEU-1_SET-GEHAEUSE","ALUMINIUM",NA,            0.,            0.,            0.,            0.,   1.59431E-15,   593.361E-18,       NoValue
D:/MoVerHu_Projekt/FE_Modell/FE-Abaqus-Model/Job-19.odb,Step-163,Increment      6: Step Time =    1.000,"LAGERSITZ_NEU-1",         13220,             6,         12930,      -106.184,      -7.60569,       29.4017,"ASSEMBLY_LAGERSITZ_NEU-1_SET-GEHAEUSE","ALUMINIUM",NA,            0.,            0.,            0.,            0.,   1.59431E-15,   593.361E-18,       NoValue
D:/MoVerHu_Projekt/FE_Modell/FE-Abaqus-Model/Job-19.odb,Step-163,Increment      6: Step Time =    1.000,"LAGERSITZ_NEU-1",         13215,             6,         12931,      -103.184,      -7.60569,       29.4017,"ASSEMBLY_LAGERSITZ_NEU-1_SET-GEHAEUSE","ALUMINIUM",NA,            0.,            0.,            0.,            0.,  -47.4528E-18,   660.417E-18,       NoValue
D:/MoVerHu_Projekt/FE_Modell/FE-Abaqus-Model/Job-19.odb,Step-163,Increment      6: Step Time =    1.000,"LAGERSITZ_NEU-1",         13221,             6,         12931,      -103.184,      -7.60569,       29.4017,"ASSEMBLY_LAGERSITZ_NEU-1_SET-GEHAEUSE","ALUMINIUM",NA,            0.,            0.,            0.,            0.,  -47.4528E-18,   660.417E-18,       NoValue
D:/MoVerHu_Projekt/FE_Modell/FE-Abaqus-Model/Job-19.odb,Step-163,Increment      6: Step Time =    1.000,"LAGERSITZ_NEU-1",         13216,             6,         12931,      -103.184,      -7.60569,       29.4017,"ASSEMBLY_LAGERSITZ_NEU-1_SET-GEHAEUSE","ALUMINIUM",NA,            0.,            0.,            0.,            0.,  -47.4528E-18,   660.417E-18,       NoValue
D:/MoVerHu_Projekt/FE_Modell/FE-Abaqus-Model/Job-19.odb,Step-163,Increment      6: Step Time =    1.000,"LAGERSITZ_NEU-1",         13220,             6,         12931,      -103.184,      -7.60569,       29.4017,"ASSEMBLY_LAGERSITZ_NEU-1_SET-GEHAEUSE","ALUMINIUM",NA,            0.,            0.,            0.,            0.,  -47.4528E-18,   660.417E-18,       NoValue
D:/MoVerHu_Projekt/FE_Modell/FE-Abaqus-Model/Job-19.odb,Step-163,Increment      6: Step Time =    1.000,"LAGERSITZ_NEU-1",         13217,             6,         12932,      -100.184,      -7.60569,       29.4017,"ASSEMBLY_LAGERSITZ_NEU-1_SET-GEHAEUSE","ALUMINIUM",NA,            0.,            0.,            0.,            0.,  -2.11459E-15,   750.991E-18,       NoValue
D:/MoVerHu_Projekt/FE_Modell/FE-Abaqus-Model/Job-19.odb,Step-163,Increment      6: Step Time =    1.000,"LAGERSITZ_NEU-1",         13222,             6,         12932,      -100.184,      -7.60569,       29.4017,"ASSEMBLY_LAGERSITZ_NEU-1_SET-GEHAEUSE","ALUMINIUM",NA,            0.,            0.,            0.,            0.,  -2.11459E-15,   750.991E-18,       NoValue
D:/MoVerHu_Projekt/FE_Modell/FE-Abaqus-Model/Job-19.odb,Step-163,Increment      6: Step Time =    1.000,"LAGERSITZ_NEU-1",         13216,             6,         12932,      -100.184,      -7.60569,       29.4017,"ASSEMBLY_LAGERSITZ_NEU-1_SET-GEHAEUSE","ALUMINIUM",NA,            0.,            0.,            0.,            0.,  -2.11459E-15,   750.991E-18,       NoValue
D:/MoVerHu_Projekt/FE_Modell/FE-Abaqus-Model/Job-19.odb,Step-163,Increment      6: Step Time =    1.000,"LAGERSITZ_NEU-1",         13221,             6,         12932,      -100.184,      -7.60569,       29.4017,"ASSEMBLY_LAGERSITZ_NEU-1_SET-GEHAEUSE","ALUMINIUM",NA,            0.,            0.,            0.,            0.,  -2.11459E-15,   750.991E-18,       NoValue
D:/MoVerHu_Projekt/FE_Modell/FE-Abaqus-Model/Job-19.odb,Step-163,Increment      6: Step Time =    1.000,"LAGERSITZ_NEU-1",         13219,             6,         12933,      -109.184,      -10.3681,       29.1978,"ASSEMBLY_LAGERSITZ_NEU-1_SET-GEHAEUSE","ALUMINIUM",NA,            0.,            0.,            0.,            0.,   396.741E-18,   1.08072E-15,       NoValue
D:/MoVerHu_Projekt/FE_Modell/FE-Abaqus-Model/Job-19.odb,Step-163,Increment      6: Step Time =    1.000,"LAGERSITZ_NEU-1",         13218,             6,         12933,      -109.184,      -10.3681,       29.1978,"ASSEMBLY_LAGERSITZ_NEU-1_SET-GEHAEUSE","ALUMINIUM",NA,            0.,            0.,            0.,            0.,   396.741E-18,   1.08072E-15,       NoValue
D:/MoVerHu_Projekt/FE_Modell/FE-Abaqus-Model/Job-19.odb,Step-163,Increment      6: Step Time =    1.000,"LAGERSITZ_NEU-1",         13223,             6,         12933,      -109.184,      -10.3681,       29.1978,"ASSEMBLY_LAGERSITZ_NEU-1_SET-GEHAEUSE","ALUMINIUM",NA,            0.,            0.,            0.,            0.,   396.741E-18,   1.08072E-15,       NoValue
D:/MoVerHu_Projekt/FE_Modell/FE-Abaqus-Model/Job-19.odb,Step-163,Increment      6: Step Time =    1.000,"LAGERSITZ_NEU-1",         13224,             6,         12933,      -109.184,      -10.3681,       29.1978,"ASSEMBLY_LAGERSITZ_NEU-1_SET-GEHAEUSE","ALUMINIUM",NA,            0.,            0.,            0.,            0.,   396.741E-18,   1.08072E-15,       NoValue
D:/MoVerHu_Projekt/FE_Modell/FE-Abaqus-Model/Job-19.odb,Step-163,Increment      6: Step Time =    1.000,"LAGERSITZ_NEU-1",         13224,             6,         12934,      -106.184,      -10.3681,       29.1978,"ASSEMBLY_LAGERSITZ_NEU-1_SET-GEHAEUSE","ALUMINIUM",NA,            0.,            0.,            0.,            0.,  -49.7697E-18,   871.556E-18,       NoValue
D:/MoVerHu_Projekt/FE_Modell/FE-Abaqus-Model/Job-19.odb,Step-163,Increment      6: Step Time =    1.000,"LAGERSITZ_NEU-1",         13225,             6,         12934,      -106.184,      -10.3681,       29.1978,"ASSEMBLY_LAGERSITZ_NEU-1_SET-GEHAEUSE","ALUMINIUM",NA,            0.,            0.,            0.,            0.,  -49.7697E-18,   871.556E-18,       NoValue
D:/MoVerHu_Projekt/FE_Modell/FE-Abaqus-Model/Job-19.odb,Step-163,Increment      6: Step Time =    1.000,"LAGERSITZ_NEU-1",         13220,             6,         12934,      -106.184,      -10.3681,       29.1978,"ASSEMBLY_LAGERSITZ_NEU-1_SET-GEHAEUSE","ALUMINIUM",NA,            0.,            0.,            0.,            0.,  -49.7697E-18,   871.556E-18,       NoValue
D:/MoVerHu_Projekt/FE_Modell/FE-Abaqus-Model/Job-19.odb,Step-163,Increment      6: Step Time =    1.000,"LAGERSITZ_NEU-1",         13219,             6,         12934,      -106.184,      -10.3681,       29.1978,"ASSEMBLY_LAGERSITZ_NEU-1_SET-GEHAEUSE","ALUMINIUM",NA,            0.,            0.,            0.,            0.,  -49.7697E-18,   871.556E-18,       NoValue
D:/MoVerHu_Projekt/FE_Modell/FE-Abaqus-Model/Job-19.odb,Step-163,Increment      6: Step Time =    1.000,"LAGERSITZ_NEU-1",         13221,             6,         12935,      -103.184,      -10.3681,       29.1978,"ASSEMBLY_LAGERSITZ_NEU-1_SET-GEHAEUSE","ALUMINIUM",NA,            0.,            0.,            0.,            0.,   3.47983E-15,   877.976E-18,       NoValue
D:/MoVerHu_Projekt/FE_Modell/FE-Abaqus-Model/Job-19.odb,Step-163,Increment      6: Step Time =    1.000,"LAGERSITZ_NEU-1",         13220,             6,         12935,      -103.184,      -10.3681,       29.1978,"ASSEMBLY_LAGERSITZ_NEU-1_SET-GEHAEUSE","ALUMINIUM",NA,            0.,            0.,            0.,            0.,   3.47983E-15,   877.976E-18,       NoValue
D:/MoVerHu_Projekt/FE_Modell/FE-Abaqus-Model/Job-19.odb,Step-163,Increment      6: Step Time =    1.000,"LAGERSITZ_NEU-1",         13225,             6,         12935,      -103.184,      -10.3681,       29.1978,"ASSEMBLY_LAGERSITZ_NEU-1_SET-GEHAEUSE","ALUMINIUM",NA,            0.,            0.,            0.,            0.,   3.47983E-15,   877.976E-18,       NoValue
D:/MoVerHu_Projekt/FE_Modell/FE-Abaqus-Model/Job-19.odb,Step-163,Increment      6: Step Time =    1.000,"LAGERSITZ_NEU-1",         13226,             6,         12935,      -103.184,      -10.3681,       29.1978,"ASSEMBLY_LAGERSITZ_NEU-1_SET-GEHAEUSE","ALUMINIUM",NA,            0.,            0.,            0.,            0.,   3.47983E-15,   877.976E-18,       NoValue
D:/MoVerHu_Projekt/FE_Modell/FE-Abaqus-Model/Job-19.odb,Step-163,Increment      6: Step Time =    1.000,"LAGERSITZ_NEU-1",         13221,             6,         12936,      -100.184,      -10.3681,       29.1978,"ASSEMBLY_LAGERSITZ_NEU-1_SET-GEHAEUSE","ALUMINIUM",NA,            0.,            0.,            0.,            0.,  -5.01609E-15,   748.177E-18,       NoValue
D:/MoVerHu_Projekt/FE_Modell/FE-Abaqus-Model/Job-19.odb,Step-163,Increment      6: Step Time =    1.000,"LAGERSITZ_NEU-1",         13226,             6,         12936,      -100.184,      -10.3681,       29.1978,"ASSEMBLY_LAGERSITZ_NEU-1_SET-GEHAEUSE","ALUMINIUM",NA,            0.,            0.,            0.,            0.,  -5.01609E-15,   748.177E-18,       NoValue
D:/MoVerHu_Projekt/FE_Modell/FE-Abaqus-Model/Job-19.odb,Step-163,Increment      6: Step Time =    1.000,"LAGERSITZ_NEU-1",         13222,             6,         12936,      -100.184,      -10.3681,       29.1978,"ASSEMBLY_LAGERSITZ_NEU-1_SET-GEHAEUSE","ALUMINIUM",NA,            0.,            0.,            0.,            0.,  -5.01609E-15,   748.177E-18,       NoValue
D:/MoVerHu_Projekt/FE_Modell/FE-Abaqus-Model/Job-19.odb,Step-163,Increment      6: Step Time =    1.000,"LAGERSITZ_NEU-1",         13227,             6,         12936,      -100.184,      -10.3681,       29.1978,"ASSEMBLY_LAGERSITZ_NEU-1_SET-GEHAEUSE","ALUMINIUM",NA,            0.,            0.,            0.,            0.,  -5.01609E-15,   748.177E-18,       NoValue
D:/MoVerHu_Projekt/FE_Modell/FE-Abaqus-Model/Job-19.odb,Step-163,Increment      6: Step Time =    1.000,"LAGERSITZ_NEU-1",         13229,             6,         12937,      -109.184,      -13.1167,       28.8552,"ASSEMBLY_LAGERSITZ_NEU-1_SET-GEHAEUSE","ALUMINIUM",NA,            0.,            0.,            0.,            0.,  -2.19598E-15,   1.50313E-15,       NoValue
D:/MoVerHu_Projekt/FE_Modell/FE-Abaqus-Model/Job-19.odb,Step-163,Increment      6: Step Time =    1.000,"LAGERSITZ_NEU-1",         13228,             6,         12937,      -109.184,      -13.1167,       28.8552,"ASSEMBLY_LAGERSITZ_NEU-1_SET-GEHAEUSE","ALUMINIUM",NA,            0.,            0.,            0.,            0.,  -2.19598E-15,   1.50313E-15,       NoValue
D:/MoVerHu_Projekt/FE_Modell/FE-Abaqus-Model/Job-19.odb,Step-163,Increment      6: Step Time =    1.000,"LAGERSITZ_NEU-1",         13223,             6,         12937,      -109.184,      -13.1167,       28.8552,"ASSEMBLY_LAGERSITZ_NEU-1_SET-GEHAEUSE","ALUMINIUM",NA,            0.,            0.,            0.,            0.,  -2.19598E-15,   1.50313E-15,       NoValue
D:/MoVerHu_Projekt/FE_Modell/FE-Abaqus-Model/Job-19.odb,Step-163,Increment      6: Step Time =    1.000,"LAGERSITZ_NEU-1",         13224,             6,         12937,      -109.184,      -13.1167,       28.8552,"ASSEMBLY_LAGERSITZ_NEU-1_SET-GEHAEUSE","ALUMINIUM",NA,            0.,            0.,            0.,            0.,  -2.19598E-15,   1.50313E-15,       NoValue
D:/MoVerHu_Projekt/FE_Modell/FE-Abaqus-Model/Job-19.odb,Step-163,Increment      6: Step Time =    1.000,"LAGERSITZ_NEU-1",         13225,             6,         12938,      -106.184,      -13.1167,       28.8552,"ASSEMBLY_LAGERSITZ_NEU-1_SET-GEHAEUSE","ALUMINIUM",NA,            0.,            0.,            0.,            0.,   2.11680E-15,   1.82961E-15,       NoValue
D:/MoVerHu_Projekt/FE_Modell/FE-Abaqus-Model/Job-19.odb,Step-163,Increment      6: Step Time =    1.000,"LAGERSITZ_NEU-1",         13224,             6,         12938,      -106.184,      -13.1167,       28.8552,"ASSEMBLY_LAGERSITZ_NEU-1_SET-GEHAEUSE","ALUMINIUM",NA,            0.,            0.,            0.,            0.,   2.11680E-15,   1.82961E-15,       NoValue
D:/MoVerHu_Projekt/FE_Modell/FE-Abaqus-Model/Job-19.odb,Step-163,Increment      6: Step Time =    1.000,"LAGERSITZ_NEU-1",         13230,             6,         12938,      -106.184,      -13.1167,       28.8552,"ASSEMBLY_LAGERSITZ_NEU-1_SET-GEHAEUSE","ALUMINIUM",NA,            0.,            0.,            0.,            0.,   2.11680E-15,   1.82961E-15,       NoValue
D:/MoVerHu_Projekt/FE_Modell/FE-Abaqus-Model/Job-19.odb,Step-163,Increment      6: Step Time =    1.000,"LAGERSITZ_NEU-1",         13229,             6,         12938,      -106.184,      -13.1167,       28.8552,"ASSEMBLY_LAGERSITZ_NEU-1_SET-GEHAEUSE","ALUMINIUM",NA,            0.,            0.,            0.,            0.,   2.11680E-15,   1.82961E-15,       NoValue
D:/MoVerHu_Projekt/FE_Modell/FE-Abaqus-Model/Job-19.odb,Step-163,Increment      6: Step Time =    1.000,"LAGERSITZ_NEU-1",         13225,             6,         12939,      -103.184,      -13.1167,       28.8552,"ASSEMBLY_LAGERSITZ_NEU-1_SET-GEHAEUSE","ALUMINIUM",NA,            0.,            0.,            0.,            0.,  -252.935E-18,   1.70535E-15,       NoValue
D:/MoVerHu_Projekt/FE_Modell/FE-Abaqus-Model/Job-19.odb,Step-163,Increment      6: Step Time =    1.000,"LAGERSITZ_NEU-1",         13226,             6,         12939,      -103.184,      -13.1167,       28.8552,"ASSEMBLY_LAGERSITZ_NEU-1_SET-GEHAEUSE","ALUMINIUM",NA,            0.,            0.,            0.,            0.,  -252.935E-18,   1.70535E-15,       NoValue
D:/MoVerHu_Projekt/FE_Modell/FE-Abaqus-Model/Job-19.odb,Step-163,Increment      6: Step Time =    1.000,"LAGERSITZ_NEU-1",         13230,             6,         12939,      -103.184,      -13.1167,       28.8552,"ASSEMBLY_LAGERSITZ_NEU-1_SET-GEHAEUSE","ALUMINIUM",NA,            0.,            0.,            0.,            0.,  -252.935E-18,   1.70535E-15,       NoValue
D:/MoVerHu_Projekt/FE_Modell/FE-Abaqus-Model/Job-19.odb,Step-163,Increment      6: Step Time =    1.000,"LAGERSITZ_NEU-1",         13231,             6,         12939,      -103.184,      -13.1167,       28.8552,"ASSEMBLY_LAGERSITZ_NEU-1_SET-GEHAEUSE","ALUMINIUM",NA,            0.,            0.,            0.,            0.,  -252.935E-18,   1.70535E-15,       NoValue
D:/MoVerHu_Projekt/FE_Modell/FE-Abaqus-Model/Job-19.odb,Step-163,Increment      6: Step Time =    1.000,"LAGERSITZ_NEU-1",         13232,             6,         12940,      -100.184,      -13.1167,       28.8552,"ASSEMBLY_LAGERSITZ_NEU-1_SET-GEHAEUSE","ALUMINIUM",NA,            0.,            0.,            0.,            0.,  -2.13549E-15,   2.00183E-15,       NoValue
D:/MoVerHu_Projekt/FE_Modell/FE-Abaqus-Model/Job-19.odb,Step-163,Increment      6: Step Time =    1.000,"LAGERSITZ_NEU-1",         13226,             6,         12940,      -100.184,      -13.1167,       28.8552,"ASSEMBLY_LAGERSITZ_NEU-1_SET-GEHAEUSE","ALUMINIUM",NA,            0.,            0.,            0.,            0.,  -2.13549E-15,   2.00183E-15,       NoValue
D:/MoVerHu_Projekt/FE_Modell/FE-Abaqus-Model/Job-19.odb,Step-163,Increment      6: Step Time =    1.000,"LAGERSITZ_NEU-1",         13231,             6,         12940,      -100.184,      -13.1167,       28.8552,"ASSEMBLY_LAGERSITZ_NEU-1_SET-GEHAEUSE","ALUMINIUM",NA,            0.,            0.,            0.,            0.,  -2.13549E-15,   2.00183E-15,       NoValue
D:/MoVerHu_Projekt/FE_Modell/FE-Abaqus-Model/Job-19.odb,Step-163,Increment      6: Step Time =    1.000,"LAGERSITZ_NEU-1",         13227,             6,         12940,      -100.184,      -13.1167,       28.8552,"ASSEMBLY_LAGERSITZ_NEU-1_SET-GEHAEUSE","ALUMINIUM",NA,            0.,            0.,            0.,            0.,  -2.13549E-15,   2.00183E-15,       NoValue
D:/MoVerHu_Projekt/FE_Modell/FE-Abaqus-Model/Job-19.odb,Step-163,Increment      6: Step Time =    1.000,"LAGERSITZ_NEU-1",         13233,             6,         12941,      -109.184,      -15.8446,       28.3745,"ASSEMBLY_LAGERSITZ_NEU-1_SET-GEHAEUSE","ALUMINIUM",NA,            0.,            0.,            0.,            0.,  -993.950E-18,  -699.409E-18,       NoValue
D:/MoVerHu_Projekt/FE_Modell/FE-Abaqus-Model/Job-19.odb,Step-163,Increment      6: Step Time =    1.000,"LAGERSITZ_NEU-1",         13229,             6,         12941,      -109.184,      -15.8446,       28.3745,"ASSEMBLY_LAGERSITZ_NEU-1_SET-GEHAEUSE","ALUMINIUM",NA,            0.,            0.,            0.,            0.,  -993.950E-18,  -699.409E-18,       NoValue
D:/MoVerHu_Projekt/FE_Modell/FE-Abaqus-Model/Job-19.odb,Step-163,Increment      6: Step Time =    1.000,"LAGERSITZ_NEU-1",         13228,             6,         12941,      -109.184,      -15.8446,       28.3745,"ASSEMBLY_LAGERSITZ_NEU-1_SET-GEHAEUSE","ALUMINIUM",NA,            0.,            0.,            0.,            0.,  -993.950E-18,  -699.409E-18,       NoValue
D:/MoVerHu_Projekt/FE_Modell/FE-Abaqus-Model/Job-19.odb,Step-163,Increment      6: Step Time =    1.000,"LAGERSITZ_NEU-1",         13234,             6,         12941,      -109.184,      -15.8446,       28.3745,"ASSEMBLY_LAGERSITZ_NEU-1_SET-GEHAEUSE","ALUMINIUM",NA,            0.,            0.,            0.,            0.,  -993.950E-18,  -699.409E-18,       NoValue
D:/MoVerHu_Projekt/FE_Modell/FE-Abaqus-Model/Job-19.odb,Step-163,Increment      6: Step Time =    1.000,"LAGERSITZ_NEU-1",         13235,             6,         12942,      -106.184,      -15.8446,       28.3745,"ASSEMBLY_LAGERSITZ_NEU-1_SET-GEHAEUSE","ALUMINIUM",NA,            0.,            0.,            0.,            0.,  -1.97457E-15,  -422.982E-18,       NoValue
D:/MoVerHu_Projekt/FE_Modell/FE-Abaqus-Model/Job-19.odb,Step-163,Increment      6: Step Time =    1.000,"LAGERSITZ_NEU-1",         13229,             6,         12942,      -106.184,      -15.8446,       28.3745,"ASSEMBLY_LAGERSITZ_NEU-1_SET-GEHAEUSE","ALUMINIUM",NA,            0.,            0.,            0.,            0.,  -1.97457E-15,  -422.982E-18,       NoValue
D:/MoVerHu_Projekt/FE_Modell/FE-Abaqus-Model/Job-19.odb,Step-163,Increment      6: Step Time =    1.000,"LAGERSITZ_NEU-1",         13230,             6,         12942,      -106.184,      -15.8446,       28.3745,"ASSEMBLY_LAGERSITZ_NEU-1_SET-GEHAEUSE","ALUMINIUM",NA,            0.,            0.,            0.,            0.,  -1.97457E-15,  -422.982E-18,       NoValue
D:/MoVerHu_Projekt/FE_Modell/FE-Abaqus-Model/Job-19.odb,Step-163,Increment      6: Step Time =    1.000,"LAGERSITZ_NEU-1",         13234,             6,         12942,      -106.184,      -15.8446,       28.3745,"ASSEMBLY_LAGERSITZ_NEU-1_SET-GEHAEUSE","ALUMINIUM",NA,            0.,            0.,            0.,            0.,  -1.97457E-15,  -422.982E-18,       NoValue
D:/MoVerHu_Projekt/FE_Modell/FE-Abaqus-Model/Job-19.odb,Step-163,Increment      6: Step Time =    1.000,"LAGERSITZ_NEU-1",         13231,             6,         12943,      -103.184,      -15.8446,       28.3745,"ASSEMBLY_LAGERSITZ_NEU-1_SET-GEHAEUSE","ALUMINIUM",NA,            0.,            0.,            0.,            0.,  -1.40095E-15,  -255.646E-18,       NoValue
D:/MoVerHu_Projekt/FE_Modell/FE-Abaqus-Model/Job-19.odb,Step-163,Increment      6: Step Time =    1.000,"LAGERSITZ_NEU-1",         13235,             6,         12943,      -103.184,      -15.8446,       28.3745,"ASSEMBLY_LAGERSITZ_NEU-1_SET-GEHAEUSE","ALUMINIUM",NA,            0.,            0.,            0.,            0.,  -1.40095E-15,  -255.646E-18,       NoValue
D:/MoVerHu_Projekt/FE_Modell/FE-Abaqus-Model/Job-19.odb,Step-163,Increment      6: Step Time =    1.000,"LAGERSITZ_NEU-1",         13236,             6,         12943,      -103.184,      -15.8446,       28.3745,"ASSEMBLY_LAGERSITZ_NEU-1_SET-GEHAEUSE","ALUMINIUM",NA,            0.,            0.,            0.,            0.,  -1.40095E-15,  -255.646E-18,       NoValue
D:/MoVerHu_Projekt/FE_Modell/FE-Abaqus-Model/Job-19.odb,Step-163,Increment      6: Step Time =    1.000,"LAGERSITZ_NEU-1",         13230,             6,         12943,      -103.184,      -15.8446,       28.3745,"ASSEMBLY_LAGERSITZ_NEU-1_SET-GEHAEUSE","ALUMINIUM",NA,            0.,            0.,            0.,            0.,  -1.40095E-15,  -255.646E-18,       NoValue
D:/MoVerHu_Projekt/FE_Modell/FE-Abaqus-Model/Job-19.odb,Step-163,Increment      6: Step Time =    1.000,"LAGERSITZ_NEU-1",         13231,             6,         12944,      -100.184,      -15.8446,       28.3745,"ASSEMBLY_LAGERSITZ_NEU-1_SET-GEHAEUSE","ALUMINIUM",NA,            0.,            0.,            0.,            0.,  -2.82870E-15,  -132.769E-18,       NoValue
D:/MoVerHu_Projekt/FE_Modell/FE-Abaqus-Model/Job-19.odb,Step-163,Increment      6: Step Time =    1.000,"LAGERSITZ_NEU-1",         13232,             6,         12944,      -100.184,      -15.8446,       28.3745,"ASSEMBLY_LAGERSITZ_NEU-1_SET-GEHAEUSE","ALUMINIUM",NA,            0.,            0.,            0.,            0.,  -2.82870E-15,  -132.769E-18,       NoValue
D:/MoVerHu_Projekt/FE_Modell/FE-Abaqus-Model/Job-19.odb,Step-163,Increment      6: Step Time =    1.000,"LAGERSITZ_NEU-1",         13237,             6,         12944,      -100.184,      -15.8446,       28.3745,"ASSEMBLY_LAGERSITZ_NEU-1_SET-GEHAEUSE","ALUMINIUM",NA,            0.,            0.,            0.,            0.,  -2.82870E-15,  -132.769E-18,       NoValue
D:/MoVerHu_Projekt/FE_Modell/FE-Abaqus-Model/Job-19.odb,Step-163,Increment      6: Step Time =    1.000,"LAGERSITZ_NEU-1",         13236,             6,         12944,      -100.184,      -15.8446,       28.3745,"ASSEMBLY_LAGERSITZ_NEU-1_SET-GEHAEUSE","ALUMINIUM",NA,            0.,            0.,            0.,            0.,  -2.82870E-15,  -132.769E-18,       NoValue
D:/MoVerHu_Projekt/FE_Modell/FE-Abaqus-Model/Job-19.odb,Step-163,Increment      6: Step Time =    1.000,"LAGERSITZ_NEU-1",         13233,             6,         12945,      -109.184,      -18.5448,       27.7572,"ASSEMBLY_LAGERSITZ_NEU-1_SET-GEHAEUSE","ALUMINIUM",NA,            0.,            0.,            0.,            0.,  -3.15779E-15,  -766.487E-18,       NoValue
D:/MoVerHu_Projekt/FE_Modell/FE-Abaqus-Model/Job-19.odb,Step-163,Increment      6: Step Time =    1.000,"LAGERSITZ_NEU-1",         13234,             6,         12945,      -109.184,      -18.5448,       27.7572,"ASSEMBLY_LAGERSITZ_NEU-1_SET-GEHAEUSE","ALUMINIUM",NA,            0.,            0.,            0.,            0.,  -3.15779E-15,  -766.487E-18,       NoValue
D:/MoVerHu_Projekt/FE_Modell/FE-Abaqus-Model/Job-19.odb,Step-163,Increment      6: Step Time =    1.000,"LAGERSITZ_NEU-1",         13239,             6,         12945,      -109.184,      -18.5448,       27.7572,"ASSEMBLY_LAGERSITZ_NEU-1_SET-GEHAEUSE","ALUMINIUM",NA,            0.,            0.,            0.,            0.,  -3.15779E-15,  -766.487E-18,       NoValue
D:/MoVerHu_Projekt/FE_Modell/FE-Abaqus-Model/Job-19.odb,Step-163,Increment      6: Step Time =    1.000,"LAGERSITZ_NEU-1",         13238,             6,         12945,      -109.184,      -18.5448,       27.7572,"ASSEMBLY_LAGERSITZ_NEU-1_SET-GEHAEUSE","ALUMINIUM",NA,            0.,            0.,            0.,            0.,  -3.15779E-15,  -766.487E-18,       NoValue
D:/MoVerHu_Projekt/FE_Modell/FE-Abaqus-Model/Job-19.odb,Step-163,Increment      6: Step Time =    1.000,"LAGERSITZ_NEU-1",         13239,             6,         12946,      -106.184,      -18.5448,       27.7572,"ASSEMBLY_LAGERSITZ_NEU-1_SET-GEHAEUSE","ALUMINIUM",NA,            0.,            0.,            0.,            0.,   1.67257E-15,  -399.419E-18,       NoValue
D:/MoVerHu_Projekt/FE_Modell/FE-Abaqus-Model/Job-19.odb,Step-163,Increment      6: Step Time =    1.000,"LAGERSITZ_NEU-1",         13235,             6,         12946,      -106.184,      -18.5448,       27.7572,"ASSEMBLY_LAGERSITZ_NEU-1_SET-GEHAEUSE","ALUMINIUM",NA,            0.,            0.,            0.,            0.,   1.67257E-15,  -399.419E-18,       NoValue
D:/MoVerHu_Projekt/FE_Modell/FE-Abaqus-Model/Job-19.odb,Step-163,Increment      6: Step Time =    1.000,"LAGERSITZ_NEU-1",         13240,             6,         12946,      -106.184,      -18.5448,       27.7572,"ASSEMBLY_LAGERSITZ_NEU-1_SET-GEHAEUSE","ALUMINIUM",NA,            0.,            0.,            0.,            0.,   1.67257E-15,  -399.419E-18,       NoValue
D:/MoVerHu_Projekt/FE_Modell/FE-Abaqus-Model/Job-19.odb,Step-163,Increment      6: Step Time =    1.000,"LAGERSITZ_NEU-1",         13234,             6,         12946,      -106.184,      -18.5448,       27.7572,"ASSEMBLY_LAGERSITZ_NEU-1_SET-GEHAEUSE","ALUMINIUM",NA,            0.,            0.,            0.,            0.,   1.67257E-15,  -399.419E-18,       NoValue
D:/MoVerHu_Projekt/FE_Modell/FE-Abaqus-Model/Job-19.odb,Step-163,Increment      6: Step Time =    1.000,"LAGERSITZ_NEU-1",         13235,             6,         12947,      -103.184,      -18.5448,       27.7572,"ASSEMBLY_LAGERSITZ_NEU-1_SET-GEHAEUSE","ALUMINIUM",NA,            0.,            0.,            0.,            0.,   547.509E-18,  -618.734E-18,       NoValue
D:/MoVerHu_Projekt/FE_Modell/FE-Abaqus-Model/Job-19.odb,Step-163,Increment      6: Step Time =    1.000,"LAGERSITZ_NEU-1",         13240,             6,         12947,      -103.184,      -18.5448,       27.7572,"ASSEMBLY_LAGERSITZ_NEU-1_SET-GEHAEUSE","ALUMINIUM",NA,            0.,            0.,            0.,            0.,   547.509E-18,  -618.734E-18,       NoValue
D:/MoVerHu_Projekt/FE_Modell/FE-Abaqus-Model/Job-19.odb,Step-163,Increment      6: Step Time =    1.000,"LAGERSITZ_NEU-1",         13236,             6,         12947,      -103.184,      -18.5448,       27.7572,"ASSEMBLY_LAGERSITZ_NEU-1_SET-GEHAEUSE","ALUMINIUM",NA,            0.,            0.,            0.,            0.,   547.509E-18,  -618.734E-18,       NoValue
D:/MoVerHu_Projekt/FE_Modell/FE-Abaqus-Model/Job-19.odb,Step-163,Increment      6: Step Time =    1.000,"LAGERSITZ_NEU-1",         13241,             6,         12947,      -103.184,      -18.5448,       27.7572,"ASSEMBLY_LAGERSITZ_NEU-1_SET-GEHAEUSE","ALUMINIUM",NA,            0.,            0.,            0.,            0.,   547.509E-18,  -618.734E-18,       NoValue
D:/MoVerHu_Projekt/FE_Modell/FE-Abaqus-Model/Job-19.odb,Step-163,Increment      6: Step Time =    1.000,"LAGERSITZ_NEU-1",         13237,             6,         12948,      -100.184,      -18.5448,       27.7572,"ASSEMBLY_LAGERSITZ_NEU-1_SET-GEHAEUSE","ALUMINIUM",NA,            0.,            0.,            0.,            0.,  -4.08633E-15,  -736.314E-18,       NoValue
D:/MoVerHu_Projekt/FE_Modell/FE-Abaqus-Model/Job-19.odb,Step-163,Increment      6: Step Time =    1.000,"LAGERSITZ_NEU-1",         13236,             6,         12948,      -100.184,      -18.5448,       27.7572,"ASSEMBLY_LAGERSITZ_NEU-1_SET-GEHAEUSE","ALUMINIUM",NA,            0.,            0.,            0.,            0.,  -4.08633E-15,  -736.314E-18,       NoValue
D:/MoVerHu_Projekt/FE_Modell/FE-Abaqus-Model/Job-19.odb,Step-163,Increment      6: Step Time =    1.000,"LAGERSITZ_NEU-1",         13242,             6,         12948,      -100.184,      -18.5448,       27.7572,"ASSEMBLY_LAGERSITZ_NEU-1_SET-GEHAEUSE","ALUMINIUM",NA,            0.,            0.,            0.,            0.,  -4.08633E-15,  -736.314E-18,       NoValue
D:/MoVerHu_Projekt/FE_Modell/FE-Abaqus-Model/Job-19.odb,Step-163,Increment      6: Step Time =    1.000,"LAGERSITZ_NEU-1",         13241,             6,         12948,      -100.184,      -18.5448,       27.7572,"ASSEMBLY_LAGERSITZ_NEU-1_SET-GEHAEUSE","ALUMINIUM",NA,            0.,            0.,            0.,            0.,  -4.08633E-15,  -736.314E-18,       NoValue
D:/MoVerHu_Projekt/FE_Modell/FE-Abaqus-Model/Job-19.odb,Step-163,Increment      6: Step Time =    1.000,"LAGERSITZ_NEU-1",         13243,             6,         12949,      -109.184,      -21.2106,       27.0046,"ASSEMBLY_LAGERSITZ_NEU-1_SET-GEHAEUSE","ALUMINIUM",NA,            0.,            0.,            0.,            0.,  -2.14141E-15,  -134.008E-18,       NoValue
D:/MoVerHu_Projekt/FE_Modell/FE-Abaqus-Model/Job-19.odb,Step-163,Increment      6: Step Time =    1.000,"LAGERSITZ_NEU-1",         13238,             6,         12949,      -109.184,      -21.2106,       27.0046,"ASSEMBLY_LAGERSITZ_NEU-1_SET-GEHAEUSE","ALUMINIUM",NA,            0.,            0.,            0.,            0.,  -2.14141E-15,  -134.008E-18,       NoValue
D:/MoVerHu_Projekt/FE_Modell/FE-Abaqus-Model/Job-19.odb,Step-163,Increment      6: Step Time =    1.000,"LAGERSITZ_NEU-1",         13244,             6,         12949,      -109.184,      -21.2106,       27.0046,"ASSEMBLY_LAGERSITZ_NEU-1_SET-GEHAEUSE","ALUMINIUM",NA,            0.,            0.,            0.,            0.,  -2.14141E-15,  -134.008E-18,       NoValue
D:/MoVerHu_Projekt/FE_Modell/FE-Abaqus-Model/Job-19.odb,Step-163,Increment      6: Step Time =    1.000,"LAGERSITZ_NEU-1",         13239,             6,         12949,      -109.184,      -21.2106,       27.0046,"ASSEMBLY_LAGERSITZ_NEU-1_SET-GEHAEUSE","ALUMINIUM",NA,            0.,            0.,            0.,            0.,  -2.14141E-15,  -134.008E-18,       NoValue
D:/MoVerHu_Projekt/FE_Modell/FE-Abaqus-Model/Job-19.odb,Step-163,Increment      6: Step Time =    1.000,"LAGERSITZ_NEU-1",         13239,             6,         12950,      -106.184,      -21.2106,       27.0046,"ASSEMBLY_LAGERSITZ_NEU-1_SET-GEHAEUSE","ALUMINIUM",NA,            0.,            0.,            0.,            0.,  -1.57002E-15,  -376.148E-18,       NoValue
D:/MoVerHu_Projekt/FE_Modell/FE-Abaqus-Model/Job-19.odb,Step-163,Increment      6: Step Time =    1.000,"LAGERSITZ_NEU-1",         13245,             6,         12950,      -106.184,      -21.2106,       27.0046,"ASSEMBLY_LAGERSITZ_NEU-1_SET-GEHAEUSE","ALUMINIUM",NA,            0.,            0.,            0.,            0.,  -1.57002E-15,  -376.148E-18,       NoValue
D:/MoVerHu_Projekt/FE_Modell/FE-Abaqus-Model/Job-19.odb,Step-163,Increment      6: Step Time =    1.000,"LAGERSITZ_NEU-1",         13240,             6,         12950,      -106.184,      -21.2106,       27.0046,"ASSEMBLY_LAGERSITZ_NEU-1_SET-GEHAEUSE","ALUMINIUM",NA,            0.,            0.,            0.,            0.,  -1.57002E-15,  -376.148E-18,       NoValue
D:/MoVerHu_Projekt/FE_Modell/FE-Abaqus-Model/Job-19.odb,Step-163,Increment      6: Step Time =    1.000,"LAGERSITZ_NEU-1",         13244,             6,         12950,      -106.184,      -21.2106,       27.0046,"ASSEMBLY_LAGERSITZ_NEU-1_SET-GEHAEUSE","ALUMINIUM",NA,            0.,            0.,            0.,            0.,  -1.57002E-15,  -376.148E-18,       NoValue
D:/MoVerHu_Projekt/FE_Modell/FE-Abaqus-Model/Job-19.odb,Step-163,Increment      6: Step Time =    1.000,"LAGERSITZ_NEU-1",         13241,             6,         12951,      -103.184,      -21.2106,       27.0046,"ASSEMBLY_LAGERSITZ_NEU-1_SET-GEHAEUSE","ALUMINIUM",NA,            0.,            0.,            0.,            0.,  -1.37345E-15,  -477.861E-18,       NoValue
D:/MoVerHu_Projekt/FE_Modell/FE-Abaqus-Model/Job-19.odb,Step-163,Increment      6: Step Time =    1.000,"LAGERSITZ_NEU-1",         13245,             6,         12951,      -103.184,      -21.2106,       27.0046,"ASSEMBLY_LAGERSITZ_NEU-1_SET-GEHAEUSE","ALUMINIUM",NA,            0.,            0.,            0.,            0.,  -1.37345E-15,  -477.861E-18,       NoValue
D:/MoVerHu_Projekt/FE_Modell/FE-Abaqus-Model/Job-19.odb,Step-163,Increment      6: Step Time =    1.000,"LAGERSITZ_NEU-1",         13246,             6,         12951,      -103.184,      -21.2106,       27.0046,"ASSEMBLY_LAGERSITZ_NEU-1_SET-GEHAEUSE","ALUMINIUM",NA,            0.,            0.,            0.,            0.,  -1.37345E-15,  -477.861E-18,       NoValue
D:/MoVerHu_Projekt/FE_Modell/FE-Abaqus-Model/Job-19.odb,Step-163,Increment      6: Step Time =    1.000,"LAGERSITZ_NEU-1",         13240,             6,         12951,      -103.184,      -21.2106,       27.0046,"ASSEMBLY_LAGERSITZ_NEU-1_SET-GEHAEUSE","ALUMINIUM",NA,            0.,            0.,            0.,            0.,  -1.37345E-15,  -477.861E-18,       NoValue
D:/MoVerHu_Projekt/FE_Modell/FE-Abaqus-Model/Job-19.odb,Step-163,Increment      6: Step Time =    1.000,"LAGERSITZ_NEU-1",         13246,             6,         12952,      -100.184,      -21.2106,       27.0046,"ASSEMBLY_LAGERSITZ_NEU-1_SET-GEHAEUSE","ALUMINIUM",NA,            0.,            0.,            0.,            0.,  -1.60537E-15,   83.9553E-18,       NoValue
D:/MoVerHu_Projekt/FE_Modell/FE-Abaqus-Model/Job-19.odb,Step-163,Increment      6: Step Time =    1.000,"LAGERSITZ_NEU-1",         13242,             6,         12952,      -100.184,      -21.2106,       27.0046,"ASSEMBLY_LAGERSITZ_NEU-1_SET-GEHAEUSE","ALUMINIUM",NA,            0.,            0.,            0.,            0.,  -1.60537E-15,   83.9553E-18,       NoValue
D:/MoVerHu_Projekt/FE_Modell/FE-Abaqus-Model/Job-19.odb,Step-163,Increment      6: Step Time =    1.000,"LAGERSITZ_NEU-1",         13247,             6,         12952,      -100.184,      -21.2106,       27.0046,"ASSEMBLY_LAGERSITZ_NEU-1_SET-GEHAEUSE","ALUMINIUM",NA,            0.,            0.,            0.,            0.,  -1.60537E-15,   83.9553E-18,       NoValue
D:/MoVerHu_Projekt/FE_Modell/FE-Abaqus-Model/Job-19.odb,Step-163,Increment      6: Step Time =    1.000,"LAGERSITZ_NEU-1",         13241,             6,         12952,      -100.184,      -21.2106,       27.0046,"ASSEMBLY_LAGERSITZ_NEU-1_SET-GEHAEUSE","ALUMINIUM",NA,            0.,            0.,            0.,            0.,  -1.60537E-15,   83.9553E-18,       NoValue
D:/MoVerHu_Projekt/FE_Modell/FE-Abaqus-Model/Job-19.odb,Step-163,Increment      6: Step Time =    1.000,"LAGERSITZ_NEU-1",         13248,             6,         12953,      -109.184,      -23.8350,       26.1189,"ASSEMBLY_LAGERSITZ_NEU-1_SET-GEHAEUSE","ALUMINIUM",NA,            0.,            0.,            0.,            0.,  -1.45389E-15,  -2.40084E-15,       NoValue
D:/MoVerHu_Projekt/FE_Modell/FE-Abaqus-Model/Job-19.odb,Step-163,Increment      6: Step Time =    1.000,"LAGERSITZ_NEU-1",         13244,             6,         12953,      -109.184,      -23.8350,       26.1189,"ASSEMBLY_LAGERSITZ_NEU-1_SET-GEHAEUSE","ALUMINIUM",NA,            0.,            0.,            0.,            0.,  -1.45389E-15,  -2.40084E-15,       NoValue
D:/MoVerHu_Projekt/FE_Modell/FE-Abaqus-Model/Job-19.odb,Step-163,Increment      6: Step Time =    1.000,"LAGERSITZ_NEU-1",         13249,             6,         12953,      -109.184,      -23.8350,       26.1189,"ASSEMBLY_LAGERSITZ_NEU-1_SET-GEHAEUSE","ALUMINIUM",NA,            0.,            0.,            0.,            0.,  -1.45389E-15,  -2.40084E-15,       NoValue
D:/MoVerHu_Projekt/FE_Modell/FE-Abaqus-Model/Job-19.odb,Step-163,Increment      6: Step Time =    1.000,"LAGERSITZ_NEU-1",         13243,             6,         12953,      -109.184,      -23.8350,       26.1189,"ASSEMBLY_LAGERSITZ_NEU-1_SET-GEHAEUSE","ALUMINIUM",NA,            0.,            0.,            0.,            0.,  -1.45389E-15,  -2.40084E-15,       NoValue
D:/MoVerHu_Projekt/FE_Modell/FE-Abaqus-Model/Job-19.odb,Step-163,Increment      6: Step Time =    1.000,"LAGERSITZ_NEU-1",         13244,             6,         12954,      -106.184,      -23.8350,       26.1189,"ASSEMBLY_LAGERSITZ_NEU-1_SET-GEHAEUSE","ALUMINIUM",NA,            0.,            0.,            0.,            0.,  -295.535E-18,  -1.91397E-15,       NoValue
D:/MoVerHu_Projekt/FE_Modell/FE-Abaqus-Model/Job-19.odb,Step-163,Increment      6: Step Time =    1.000,"LAGERSITZ_NEU-1",         13250,             6,         12954,      -106.184,      -23.8350,       26.1189,"ASSEMBLY_LAGERSITZ_NEU-1_SET-GEHAEUSE","ALUMINIUM",NA,            0.,            0.,            0.,            0.,  -295.535E-18,  -1.91397E-15,       NoValue
D:/MoVerHu_Projekt/FE_Modell/FE-Abaqus-Model/Job-19.odb,Step-163,Increment      6: Step Time =    1.000,"LAGERSITZ_NEU-1",         13249,             6,         12954,      -106.184,      -23.8350,       26.1189,"ASSEMBLY_LAGERSITZ_NEU-1_SET-GEHAEUSE","ALUMINIUM",NA,            0.,            0.,            0.,            0.,  -295.535E-18,  -1.91397E-15,       NoValue
D:/MoVerHu_Projekt/FE_Modell/FE-Abaqus-Model/Job-19.odb,Step-163,Increment      6: Step Time =    1.000,"LAGERSITZ_NEU-1",         13245,             6,         12954,      -106.184,      -23.8350,       26.1189,"ASSEMBLY_LAGERSITZ_NEU-1_SET-GEHAEUSE","ALUMINIUM",NA,            0.,            0.,            0.,            0.,  -295.535E-18,  -1.91397E-15,       NoValue
D:/MoVerHu_Projekt/FE_Modell/FE-Abaqus-Model/Job-19.odb,Step-163,Increment      6: Step Time =    1.000,"LAGERSITZ_NEU-1",         13250,             6,         12955,      -103.184,      -23.8350,       26.1189,"ASSEMBLY_LAGERSITZ_NEU-1_SET-GEHAEUSE","ALUMINIUM",NA,            0.,            0.,            0.,            0.,  -573.506E-18,  -1.52442E-15,       NoValue
D:/MoVerHu_Projekt/FE_Modell/FE-Abaqus-Model/Job-19.odb,Step-163,Increment      6: Step Time =    1.000,"LAGERSITZ_NEU-1",         13246,             6,         12955,      -103.184,      -23.8350,       26.1189,"ASSEMBLY_LAGERSITZ_NEU-1_SET-GEHAEUSE","ALUMINIUM",NA,            0.,            0.,            0.,            0.,  -573.506E-18,  -1.52442E-15,       NoValue
D:/MoVerHu_Projekt/FE_Modell/FE-Abaqus-Model/Job-19.odb,Step-163,Increment      6: Step Time =    1.000,"LAGERSITZ_NEU-1",         13251,             6,         12955,      -103.184,      -23.8350,       26.1189,"ASSEMBLY_LAGERSITZ_NEU-1_SET-GEHAEUSE","ALUMINIUM",NA,            0.,            0.,            0.,            0.,  -573.506E-18,  -1.52442E-15,       NoValue
D:/MoVerHu_Projekt/FE_Modell/FE-Abaqus-Model/Job-19.odb,Step-163,Increment      6: Step Time =    1.000,"LAGERSITZ_NEU-1",         13245,             6,         12955,      -103.184,      -23.8350,       26.1189,"ASSEMBLY_LAGERSITZ_NEU-1_SET-GEHAEUSE","ALUMINIUM",NA,            0.,            0.,            0.,            0.,  -573.506E-18,  -1.52442E-15,       NoValue
D:/MoVerHu_Projekt/FE_Modell/FE-Abaqus-Model/Job-19.odb,Step-163,Increment      6: Step Time =    1.000,"LAGERSITZ_NEU-1",         13247,             6,         12956,      -100.184,      -23.8350,       26.1189,"ASSEMBLY_LAGERSITZ_NEU-1_SET-GEHAEUSE","ALUMINIUM",NA,            0.,            0.,            0.,            0.,  -2.95072E-15,  -1.70355E-15,       NoValue
D:/MoVerHu_Projekt/FE_Modell/FE-Abaqus-Model/Job-19.odb,Step-163,Increment      6: Step Time =    1.000,"LAGERSITZ_NEU-1",         13246,             6,         12956,      -100.184,      -23.8350,       26.1189,"ASSEMBLY_LAGERSITZ_NEU-1_SET-GEHAEUSE","ALUMINIUM",NA,            0.,            0.,            0.,            0.,  -2.95072E-15,  -1.70355E-15,       NoValue
D:/MoVerHu_Projekt/FE_Modell/FE-Abaqus-Model/Job-19.odb,Step-163,Increment      6: Step Time =    1.000,"LAGERSITZ_NEU-1",         13251,             6,         12956,      -100.184,      -23.8350,       26.1189,"ASSEMBLY_LAGERSITZ_NEU-1_SET-GEHAEUSE","ALUMINIUM",NA,            0.,            0.,            0.,            0.,  -2.95072E-15,  -1.70355E-15,       NoValue
D:/MoVerHu_Projekt/FE_Modell/FE-Abaqus-Model/Job-19.odb,Step-163,Increment      6: Step Time =    1.000,"LAGERSITZ_NEU-1",         13252,             6,         12956,      -100.184,      -23.8350,       26.1189,"ASSEMBLY_LAGERSITZ_NEU-1_SET-GEHAEUSE","ALUMINIUM",NA,            0.,            0.,            0.,            0.,  -2.95072E-15,  -1.70355E-15,       NoValue
D:/MoVerHu_Projekt/FE_Modell/FE-Abaqus-Model/Job-19.odb,Step-163,Increment      6: Step Time =    1.000,"LAGERSITZ_NEU-1",         13248,             6,         12957,      -109.184,      -26.4116,       25.1021,"ASSEMBLY_LAGERSITZ_NEU-1_SET-GEHAEUSE","ALUMINIUM",NA,            0.,            0.,            0.,            0.,  -2.37065E-15,  -971.409E-18,       NoValue
D:/MoVerHu_Projekt/FE_Modell/FE-Abaqus-Model/Job-19.odb,Step-163,Increment      6: Step Time =    1.000,"LAGERSITZ_NEU-1",         13253,             6,         12957,      -109.184,      -26.4116,       25.1021,"ASSEMBLY_LAGERSITZ_NEU-1_SET-GEHAEUSE","ALUMINIUM",NA,            0.,            0.,            0.,            0.,  -2.37065E-15,  -971.409E-18,       NoValue
D:/MoVerHu_Projekt/FE_Modell/FE-Abaqus-Model/Job-19.odb,Step-163,Increment      6: Step Time =    1.000,"LAGERSITZ_NEU-1",         13249,             6,         12957,      -109.184,      -26.4116,       25.1021,"ASSEMBLY_LAGERSITZ_NEU-1_SET-GEHAEUSE","ALUMINIUM",NA,            0.,            0.,            0.,            0.,  -2.37065E-15,  -971.409E-18,       NoValue
D:/MoVerHu_Projekt/FE_Modell/FE-Abaqus-Model/Job-19.odb,Step-163,Increment      6: Step Time =    1.000,"LAGERSITZ_NEU-1",         13254,             6,         12957,      -109.184,      -26.4116,       25.1021,"ASSEMBLY_LAGERSITZ_NEU-1_SET-GEHAEUSE","ALUMINIUM",NA,            0.,            0.,            0.,            0.,  -2.37065E-15,  -971.409E-18,       NoValue
D:/MoVerHu_Projekt/FE_Modell/FE-Abaqus-Model/Job-19.odb,Step-163,Increment      6: Step Time =    1.000,"LAGERSITZ_NEU-1",         13249,             6,         12958,      -106.184,      -26.4116,       25.1021,"ASSEMBLY_LAGERSITZ_NEU-1_SET-GEHAEUSE","ALUMINIUM",NA,            0.,            0.,            0.,            0.,  -28.0555E-18,   124.282E-18,       NoValue
D:/MoVerHu_Projekt/FE_Modell/FE-Abaqus-Model/Job-19.odb,Step-163,Increment      6: Step Time =    1.000,"LAGERSITZ_NEU-1",         13255,             6,         12958,      -106.184,      -26.4116,       25.1021,"ASSEMBLY_LAGERSITZ_NEU-1_SET-GEHAEUSE","ALUMINIUM",NA,            0.,            0.,            0.,            0.,  -28.0555E-18,   124.282E-18,       NoValue
D:/MoVerHu_Projekt/FE_Modell/FE-Abaqus-Model/Job-19.odb,Step-163,Increment      6: Step Time =    1.000,"LAGERSITZ_NEU-1",         13250,             6,         12958,      -106.184,      -26.4116,       25.1021,"ASSEMBLY_LAGERSITZ_NEU-1_SET-GEHAEUSE","ALUMINIUM",NA,            0.,            0.,            0.,            0.,  -28.0555E-18,   124.282E-18,       NoValue
D:/MoVerHu_Projekt/FE_Modell/FE-Abaqus-Model/Job-19.odb,Step-163,Increment      6: Step Time =    1.000,"LAGERSITZ_NEU-1",         13254,             6,         12958,      -106.184,      -26.4116,       25.1021,"ASSEMBLY_LAGERSITZ_NEU-1_SET-GEHAEUSE","ALUMINIUM",NA,            0.,            0.,            0.,            0.,  -28.0555E-18,   124.282E-18,       NoValue
D:/MoVerHu_Projekt/FE_Modell/FE-Abaqus-Model/Job-19.odb,Step-163,Increment      6: Step Time =    1.000,"LAGERSITZ_NEU-1",         13256,             6,         12959,      -103.184,      -26.4116,       25.1021,"ASSEMBLY_LAGERSITZ_NEU-1_SET-GEHAEUSE","ALUMINIUM",NA,            0.,            0.,            0.,            0.,  -2.60546E-15,  -450.736E-18,       NoValue
D:/MoVerHu_Projekt/FE_Modell/FE-Abaqus-Model/Job-19.odb,Step-163,Increment      6: Step Time =    1.000,"LAGERSITZ_NEU-1",         13251,             6,         12959,      -103.184,      -26.4116,       25.1021,"ASSEMBLY_LAGERSITZ_NEU-1_SET-GEHAEUSE","ALUMINIUM",NA,            0.,            0.,            0.,            0.,  -2.60546E-15,  -450.736E-18,       NoValue
D:/MoVerHu_Projekt/FE_Modell/FE-Abaqus-Model/Job-19.odb,Step-163,Increment      6: Step Time =    1.000,"LAGERSITZ_NEU-1",         13255,             6,         12959,      -103.184,      -26.4116,       25.1021,"ASSEMBLY_LAGERSITZ_NEU-1_SET-GEHAEUSE","ALUMINIUM",NA,            0.,            0.,            0.,            0.,  -2.60546E-15,  -450.736E-18,       NoValue
D:/MoVerHu_Projekt/FE_Modell/FE-Abaqus-Model/Job-19.odb,Step-163,Increment      6: Step Time =    1.000,"LAGERSITZ_NEU-1",         13250,             6,         12959,      -103.184,      -26.4116,       25.1021,"ASSEMBLY_LAGERSITZ_NEU-1_SET-GEHAEUSE","ALUMINIUM",NA,            0.,            0.,            0.,            0.,  -2.60546E-15,  -450.736E-18,       NoValue
D:/MoVerHu_Projekt/FE_Modell/FE-Abaqus-Model/Job-19.odb,Step-163,Increment      6: Step Time =    1.000,"LAGERSITZ_NEU-1",         13256,             6,         12960,      -100.184,      -26.4116,       25.1021,"ASSEMBLY_LAGERSITZ_NEU-1_SET-GEHAEUSE","ALUMINIUM",NA,            0.,            0.,            0.,            0.,  -3.92050E-15,  -354.355E-18,       NoValue
D:/MoVerHu_Projekt/FE_Modell/FE-Abaqus-Model/Job-19.odb,Step-163,Increment      6: Step Time =    1.000,"LAGERSITZ_NEU-1",         13257,             6,         12960,      -100.184,      -26.4116,       25.1021,"ASSEMBLY_LAGERSITZ_NEU-1_SET-GEHAEUSE","ALUMINIUM",NA,            0.,            0.,            0.,            0.,  -3.92050E-15,  -354.355E-18,       NoValue
D:/MoVerHu_Projekt/FE_Modell/FE-Abaqus-Model/Job-19.odb,Step-163,Increment      6: Step Time =    1.000,"LAGERSITZ_NEU-1",         13251,             6,         12960,      -100.184,      -26.4116,       25.1021,"ASSEMBLY_LAGERSITZ_NEU-1_SET-GEHAEUSE","ALUMINIUM",NA,            0.,            0.,            0.,            0.,  -3.92050E-15,  -354.355E-18,       NoValue
D:/MoVerHu_Projekt/FE_Modell/FE-Abaqus-Model/Job-19.odb,Step-163,Increment      6: Step Time =    1.000,"LAGERSITZ_NEU-1",         13252,             6,         12960,      -100.184,      -26.4116,       25.1021,"ASSEMBLY_LAGERSITZ_NEU-1_SET-GEHAEUSE","ALUMINIUM",NA,            0.,            0.,            0.,            0.,  -3.92050E-15,  -354.355E-18,       NoValue
D:/MoVerHu_Projekt/FE_Modell/FE-Abaqus-Model/Job-19.odb,Step-163,Increment      6: Step Time =    1.000,"LAGERSITZ_NEU-1",         13259,             6,         12961,      -109.184,      -28.9336,       23.9569,"ASSEMBLY_LAGERSITZ_NEU-1_SET-GEHAEUSE","ALUMINIUM",NA,            0.,            0.,            0.,            0.,  -736.922E-18,   641.654E-18,       NoValue
D:/MoVerHu_Projekt/FE_Modell/FE-Abaqus-Model/Job-19.odb,Step-163,Increment      6: Step Time =    1.000,"LAGERSITZ_NEU-1",         13254,             6,         12961,      -109.184,      -28.9336,       23.9569,"ASSEMBLY_LAGERSITZ_NEU-1_SET-GEHAEUSE","ALUMINIUM",NA,            0.,            0.,            0.,            0.,  -736.922E-18,   641.654E-18,       NoValue
D:/MoVerHu_Projekt/FE_Modell/FE-Abaqus-Model/Job-19.odb,Step-163,Increment      6: Step Time =    1.000,"LAGERSITZ_NEU-1",         13253,             6,         12961,      -109.184,      -28.9336,       23.9569,"ASSEMBLY_LAGERSITZ_NEU-1_SET-GEHAEUSE","ALUMINIUM",NA,            0.,            0.,            0.,            0.,  -736.922E-18,   641.654E-18,       NoValue
D:/MoVerHu_Projekt/FE_Modell/FE-Abaqus-Model/Job-19.odb,Step-163,Increment      6: Step Time =    1.000,"LAGERSITZ_NEU-1",         13258,             6,         12961,      -109.184,      -28.9336,       23.9569,"ASSEMBLY_LAGERSITZ_NEU-1_SET-GEHAEUSE","ALUMINIUM",NA,            0.,            0.,            0.,            0.,  -736.922E-18,   641.654E-18,       NoValue
D:/MoVerHu_Projekt/FE_Modell/FE-Abaqus-Model/Job-19.odb,Step-163,Increment      6: Step Time =    1.000,"LAGERSITZ_NEU-1",         13260,             6,         12962,      -106.184,      -28.9336,       23.9569,"ASSEMBLY_LAGERSITZ_NEU-1_SET-GEHAEUSE","ALUMINIUM",NA,            0.,            0.,            0.,            0.,  -1.36885E-15,   957.657E-18,       NoValue
D:/MoVerHu_Projekt/FE_Modell/FE-Abaqus-Model/Job-19.odb,Step-163,Increment      6: Step Time =    1.000,"LAGERSITZ_NEU-1",         13254,             6,         12962,      -106.184,      -28.9336,       23.9569,"ASSEMBLY_LAGERSITZ_NEU-1_SET-GEHAEUSE","ALUMINIUM",NA,            0.,            0.,            0.,            0.,  -1.36885E-15,   957.657E-18,       NoValue
D:/MoVerHu_Projekt/FE_Modell/FE-Abaqus-Model/Job-19.odb,Step-163,Increment      6: Step Time =    1.000,"LAGERSITZ_NEU-1",         13259,             6,         12962,      -106.184,      -28.9336,       23.9569,"ASSEMBLY_LAGERSITZ_NEU-1_SET-GEHAEUSE","ALUMINIUM",NA,            0.,            0.,            0.,            0.,  -1.36885E-15,   957.657E-18,       NoValue
D:/MoVerHu_Projekt/FE_Modell/FE-Abaqus-Model/Job-19.odb,Step-163,Increment      6: Step Time =    1.000,"LAGERSITZ_NEU-1",         13255,             6,         12962,      -106.184,      -28.9336,       23.9569,"ASSEMBLY_LAGERSITZ_NEU-1_SET-GEHAEUSE","ALUMINIUM",NA,            0.,            0.,            0.,            0.,  -1.36885E-15,   957.657E-18,       NoValue
D:/MoVerHu_Projekt/FE_Modell/FE-Abaqus-Model/Job-19.odb,Step-163,Increment      6: Step Time =    1.000,"LAGERSITZ_NEU-1",         13260,             6,         12963,      -103.184,      -28.9336,       23.9569,"ASSEMBLY_LAGERSITZ_NEU-1_SET-GEHAEUSE","ALUMINIUM",NA,            0.,            0.,            0.,            0.,  -1.47354E-15,   681.372E-18,       NoValue
D:/MoVerHu_Projekt/FE_Modell/FE-Abaqus-Model/Job-19.odb,Step-163,Increment      6: Step Time =    1.000,"LAGERSITZ_NEU-1",         13261,             6,         12963,      -103.184,      -28.9336,       23.9569,"ASSEMBLY_LAGERSITZ_NEU-1_SET-GEHAEUSE","ALUMINIUM",NA,            0.,            0.,            0.,            0.,  -1.47354E-15,   681.372E-18,       NoValue
D:/MoVerHu_Projekt/FE_Modell/FE-Abaqus-Model/Job-19.odb,Step-163,Increment      6: Step Time =    1.000,"LAGERSITZ_NEU-1",         13256,             6,         12963,      -103.184,      -28.9336,       23.9569,"ASSEMBLY_LAGERSITZ_NEU-1_SET-GEHAEUSE","ALUMINIUM",NA,            0.,            0.,            0.,            0.,  -1.47354E-15,   681.372E-18,       NoValue
D:/MoVerHu_Projekt/FE_Modell/FE-Abaqus-Model/Job-19.odb,Step-163,Increment      6: Step Time =    1.000,"LAGERSITZ_NEU-1",         13255,             6,         12963,      -103.184,      -28.9336,       23.9569,"ASSEMBLY_LAGERSITZ_NEU-1_SET-GEHAEUSE","ALUMINIUM",NA,            0.,            0.,            0.,            0.,  -1.47354E-15,   681.372E-18,       NoValue
D:/MoVerHu_Projekt/FE_Modell/FE-Abaqus-Model/Job-19.odb,Step-163,Increment      6: Step Time =    1.000,"LAGERSITZ_NEU-1",         13257,             6,         12964,      -100.184,      -28.9336,       23.9569,"ASSEMBLY_LAGERSITZ_NEU-1_SET-GEHAEUSE","ALUMINIUM",NA,            0.,            0.,            0.,            0.,  -3.73340E-15,   938.731E-18,       NoValue
D:/MoVerHu_Projekt/FE_Modell/FE-Abaqus-Model/Job-19.odb,Step-163,Increment      6: Step Time =    1.000,"LAGERSITZ_NEU-1",         13262,             6,         12964,      -100.184,      -28.9336,       23.9569,"ASSEMBLY_LAGERSITZ_NEU-1_SET-GEHAEUSE","ALUMINIUM",NA,            0.,            0.,            0.,            0.,  -3.73340E-15,   938.731E-18,       NoValue
D:/MoVerHu_Projekt/FE_Modell/FE-Abaqus-Model/Job-19.odb,Step-163,Increment      6: Step Time =    1.000,"LAGERSITZ_NEU-1",         13256,             6,         12964,      -100.184,      -28.9336,       23.9569,"ASSEMBLY_LAGERSITZ_NEU-1_SET-GEHAEUSE","ALUMINIUM",NA,            0.,            0.,            0.,            0.,  -3.73340E-15,   938.731E-18,       NoValue
D:/MoVerHu_Projekt/FE_Modell/FE-Abaqus-Model/Job-19.odb,Step-163,Increment      6: Step Time =    1.000,"LAGERSITZ_NEU-1",         13261,             6,         12964,      -100.184,      -28.9336,       23.9569,"ASSEMBLY_LAGERSITZ_NEU-1_SET-GEHAEUSE","ALUMINIUM",NA,            0.,            0.,            0.,            0.,  -3.73340E-15,   938.731E-18,       NoValue
D:/MoVerHu_Projekt/FE_Modell/FE-Abaqus-Model/Job-19.odb,Step-163,Increment      6: Step Time =    1.000,"LAGERSITZ_NEU-1",         13259,             6,         12965,      -109.184,      -31.3949,       22.6861,"ASSEMBLY_LAGERSITZ_NEU-1_SET-GEHAEUSE","ALUMINIUM",NA,            0.,            0.,            0.,            0.,  -1.58940E-15,  -1.58922E-15,       NoValue
D:/MoVerHu_Projekt/FE_Modell/FE-Abaqus-Model/Job-19.odb,Step-163,Increment      6: Step Time =    1.000,"LAGERSITZ_NEU-1",         13258,             6,         12965,      -109.184,      -31.3949,       22.6861,"ASSEMBLY_LAGERSITZ_NEU-1_SET-GEHAEUSE","ALUMINIUM",NA,            0.,            0.,            0.,            0.,  -1.58940E-15,  -1.58922E-15,       NoValue
D:/MoVerHu_Projekt/FE_Modell/FE-Abaqus-Model/Job-19.odb,Step-163,Increment      6: Step Time =    1.000,"LAGERSITZ_NEU-1",         13263,             6,         12965,      -109.184,      -31.3949,       22.6861,"ASSEMBLY_LAGERSITZ_NEU-1_SET-GEHAEUSE","ALUMINIUM",NA,            0.,            0.,            0.,            0.,  -1.58940E-15,  -1.58922E-15,       NoValue
D:/MoVerHu_Projekt/FE_Modell/FE-Abaqus-Model/Job-19.odb,Step-163,Increment      6: Step Time =    1.000,"LAGERSITZ_NEU-1",         13264,             6,         12965,      -109.184,      -31.3949,       22.6861,"ASSEMBLY_LAGERSITZ_NEU-1_SET-GEHAEUSE","ALUMINIUM",NA,            0.,            0.,            0.,            0.,  -1.58940E-15,  -1.58922E-15,       NoValue
D:/MoVerHu_Projekt/FE_Modell/FE-Abaqus-Model/Job-19.odb,Step-163,Increment      6: Step Time =    1.000,"LAGERSITZ_NEU-1",         13265,             6,         12966,      -106.184,      -31.3949,       22.6861,"ASSEMBLY_LAGERSITZ_NEU-1_SET-GEHAEUSE","ALUMINIUM",NA,            0.,            0.,            0.,            0.,  -1.27982E-15,  -845.317E-18,       NoValue
D:/MoVerHu_Projekt/FE_Modell/FE-Abaqus-Model/Job-19.odb,Step-163,Increment      6: Step Time =    1.000,"LAGERSITZ_NEU-1",         13259,             6,         12966,      -106.184,      -31.3949,       22.6861,"ASSEMBLY_LAGERSITZ_NEU-1_SET-GEHAEUSE","ALUMINIUM",NA,            0.,            0.,            0.,            0.,  -1.27982E-15,  -845.317E-18,       NoValue
D:/MoVerHu_Projekt/FE_Modell/FE-Abaqus-Model/Job-19.odb,Step-163,Increment      6: Step Time =    1.000,"LAGERSITZ_NEU-1",         13260,             6,         12966,      -106.184,      -31.3949,       22.6861,"ASSEMBLY_LAGERSITZ_NEU-1_SET-GEHAEUSE","ALUMINIUM",NA,            0.,            0.,            0.,            0.,  -1.27982E-15,  -845.317E-18,       NoValue
D:/MoVerHu_Projekt/FE_Modell/FE-Abaqus-Model/Job-19.odb,Step-163,Increment      6: Step Time =    1.000,"LAGERSITZ_NEU-1",         13264,             6,         12966,      -106.184,      -31.3949,       22.6861,"ASSEMBLY_LAGERSITZ_NEU-1_SET-GEHAEUSE","ALUMINIUM",NA,            0.,            0.,            0.,            0.,  -1.27982E-15,  -845.317E-18,       NoValue
D:/MoVerHu_Projekt/FE_Modell/FE-Abaqus-Model/Job-19.odb,Step-163,Increment      6: Step Time =    1.000,"LAGERSITZ_NEU-1",         13260,             6,         12967,      -103.184,      -31.3949,       22.6861,"ASSEMBLY_LAGERSITZ_NEU-1_SET-GEHAEUSE","ALUMINIUM",NA,            0.,            0.,            0.,            0.,   986.347E-18,  -1.75501E-15,       NoValue
D:/MoVerHu_Projekt/FE_Modell/FE-Abaqus-Model/Job-19.odb,Step-163,Increment      6: Step Time =    1.000,"LAGERSITZ_NEU-1",         13261,             6,         12967,      -103.184,      -31.3949,       22.6861,"ASSEMBLY_LAGERSITZ_NEU-1_SET-GEHAEUSE","ALUMINIUM",NA,            0.,            0.,            0.,            0.,   986.347E-18,  -1.75501E-15,       NoValue
D:/MoVerHu_Projekt/FE_Modell/FE-Abaqus-Model/Job-19.odb,Step-163,Increment      6: Step Time =    1.000,"LAGERSITZ_NEU-1",         13265,             6,         12967,      -103.184,      -31.3949,       22.6861,"ASSEMBLY_LAGERSITZ_NEU-1_SET-GEHAEUSE","ALUMINIUM",NA,            0.,            0.,            0.,            0.,   986.347E-18,  -1.75501E-15,       NoValue
D:/MoVerHu_Projekt/FE_Modell/FE-Abaqus-Model/Job-19.odb,Step-163,Increment      6: Step Time =    1.000,"LAGERSITZ_NEU-1",         13266,             6,         12967,      -103.184,      -31.3949,       22.6861,"ASSEMBLY_LAGERSITZ_NEU-1_SET-GEHAEUSE","ALUMINIUM",NA,            0.,            0.,            0.,            0.,   986.347E-18,  -1.75501E-15,       NoValue
D:/MoVerHu_Projekt/FE_Modell/FE-Abaqus-Model/Job-19.odb,Step-163,Increment      6: Step Time =    1.000,"LAGERSITZ_NEU-1",         13261,             6,         12968,      -100.184,      -31.3949,       22.6861,"ASSEMBLY_LAGERSITZ_NEU-1_SET-GEHAEUSE","ALUMINIUM",NA,            0.,            0.,            0.,            0.,  -1.97510E-15,  -997.570E-18,       NoValue
D:/MoVerHu_Projekt/FE_Modell/FE-Abaqus-Model/Job-19.odb,Step-163,Increment      6: Step Time =    1.000,"LAGERSITZ_NEU-1",         13262,             6,         12968,      -100.184,      -31.3949,       22.6861,"ASSEMBLY_LAGERSITZ_NEU-1_SET-GEHAEUSE","ALUMINIUM",NA,            0.,            0.,            0.,            0.,  -1.97510E-15,  -997.570E-18,       NoValue
D:/MoVerHu_Projekt/FE_Modell/FE-Abaqus-Model/Job-19.odb,Step-163,Increment      6: Step Time =    1.000,"LAGERSITZ_NEU-1",         13267,             6,         12968,      -100.184,      -31.3949,       22.6861,"ASSEMBLY_LAGERSITZ_NEU-1_SET-GEHAEUSE","ALUMINIUM",NA,            0.,            0.,            0.,            0.,  -1.97510E-15,  -997.570E-18,       NoValue
D:/MoVerHu_Projekt/FE_Modell/FE-Abaqus-Model/Job-19.odb,Step-163,Increment      6: Step Time =    1.000,"LAGERSITZ_NEU-1",         13266,             6,         12968,      -100.184,      -31.3949,       22.6861,"ASSEMBLY_LAGERSITZ_NEU-1_SET-GEHAEUSE","ALUMINIUM",NA,            0.,            0.,            0.,            0.,  -1.97510E-15,  -997.570E-18,       NoValue
D:/MoVerHu_Projekt/FE_Modell/FE-Abaqus-Model/Job-19.odb,Step-163,Increment      6: Step Time =    1.000,"LAGERSITZ_NEU-1",         13264,             6,         12969,      -109.184,      -33.7890,       21.2931,"ASSEMBLY_LAGERSITZ_NEU-1_SET-GEHAEUSE","ALUMINIUM",NA,            0.,            0.,            0.,            0.,  -1.18489E-15,  -218.193E-18,       NoValue
D:/MoVerHu_Projekt/FE_Modell/FE-Abaqus-Model/Job-19.odb,Step-163,Increment      6: Step Time =    1.000,"LAGERSITZ_NEU-1",         13269,             6,         12969,      -109.184,      -33.7890,       21.2931,"ASSEMBLY_LAGERSITZ_NEU-1_SET-GEHAEUSE","ALUMINIUM",NA,            0.,            0.,            0.,            0.,  -1.18489E-15,  -218.193E-18,       NoValue
D:/MoVerHu_Projekt/FE_Modell/FE-Abaqus-Model/Job-19.odb,Step-163,Increment      6: Step Time =    1.000,"LAGERSITZ_NEU-1",         13268,             6,         12969,      -109.184,      -33.7890,       21.2931,"ASSEMBLY_LAGERSITZ_NEU-1_SET-GEHAEUSE","ALUMINIUM",NA,            0.,            0.,            0.,            0.,  -1.18489E-15,  -218.193E-18,       NoValue
D:/MoVerHu_Projekt/FE_Modell/FE-Abaqus-Model/Job-19.odb,Step-163,Increment      6: Step Time =    1.000,"LAGERSITZ_NEU-1",         13263,             6,         12969,      -109.184,      -33.7890,       21.2931,"ASSEMBLY_LAGERSITZ_NEU-1_SET-GEHAEUSE","ALUMINIUM",NA,            0.,            0.,            0.,            0.,  -1.18489E-15,  -218.193E-18,       NoValue
D:/MoVerHu_Projekt/FE_Modell/FE-Abaqus-Model/Job-19.odb,Step-163,Increment      6: Step Time =    1.000,"LAGERSITZ_NEU-1",         13264,             6,         12970,      -106.184,      -33.7890,       21.2931,"ASSEMBLY_LAGERSITZ_NEU-1_SET-GEHAEUSE","ALUMINIUM",NA,            0.,            0.,            0.,            0.,  -343.632E-18,  -672.803E-18,       NoValue
D:/MoVerHu_Projekt/FE_Modell/FE-Abaqus-Model/Job-19.odb,Step-163,Increment      6: Step Time =    1.000,"LAGERSITZ_NEU-1",         13269,             6,         12970,      -106.184,      -33.7890,       21.2931,"ASSEMBLY_LAGERSITZ_NEU-1_SET-GEHAEUSE","ALUMINIUM",NA,            0.,            0.,            0.,            0.,  -343.632E-18,  -672.803E-18,       NoValue
D:/MoVerHu_Projekt/FE_Modell/FE-Abaqus-Model/Job-19.odb,Step-163,Increment      6: Step Time =    1.000,"LAGERSITZ_NEU-1",         13265,             6,         12970,      -106.184,      -33.7890,       21.2931,"ASSEMBLY_LAGERSITZ_NEU-1_SET-GEHAEUSE","ALUMINIUM",NA,            0.,            0.,            0.,            0.,  -343.632E-18,  -672.803E-18,       NoValue
D:/MoVerHu_Projekt/FE_Modell/FE-Abaqus-Model/Job-19.odb,Step-163,Increment      6: Step Time =    1.000,"LAGERSITZ_NEU-1",         13270,             6,         12970,      -106.184,      -33.7890,       21.2931,"ASSEMBLY_LAGERSITZ_NEU-1_SET-GEHAEUSE","ALUMINIUM",NA,            0.,            0.,            0.,            0.,  -343.632E-18,  -672.803E-18,       NoValue
D:/MoVerHu_Projekt/FE_Modell/FE-Abaqus-Model/Job-19.odb,Step-163,Increment      6: Step Time =    1.000,"LAGERSITZ_NEU-1",         13270,             6,         12971,      -103.184,      -33.7890,       21.2931,"ASSEMBLY_LAGERSITZ_NEU-1_SET-GEHAEUSE","ALUMINIUM",NA,            0.,            0.,            0.,            0.,   468.974E-18,  -429.565E-18,       NoValue
D:/MoVerHu_Projekt/FE_Modell/FE-Abaqus-Model/Job-19.odb,Step-163,Increment      6: Step Time =    1.000,"LAGERSITZ_NEU-1",         13266,             6,         12971,      -103.184,      -33.7890,       21.2931,"ASSEMBLY_LAGERSITZ_NEU-1_SET-GEHAEUSE","ALUMINIUM",NA,            0.,            0.,            0.,            0.,   468.974E-18,  -429.565E-18,       NoValue
D:/MoVerHu_Projekt/FE_Modell/FE-Abaqus-Model/Job-19.odb,Step-163,Increment      6: Step Time =    1.000,"LAGERSITZ_NEU-1",         13265,             6,         12971,      -103.184,      -33.7890,       21.2931,"ASSEMBLY_LAGERSITZ_NEU-1_SET-GEHAEUSE","ALUMINIUM",NA,            0.,            0.,            0.,            0.,   468.974E-18,  -429.565E-18,       NoValue
D:/MoVerHu_Projekt/FE_Modell/FE-Abaqus-Model/Job-19.odb,Step-163,Increment      6: Step Time =    1.000,"LAGERSITZ_NEU-1",         13271,             6,         12971,      -103.184,      -33.7890,       21.2931,"ASSEMBLY_LAGERSITZ_NEU-1_SET-GEHAEUSE","ALUMINIUM",NA,            0.,            0.,            0.,            0.,   468.974E-18,  -429.565E-18,       NoValue
D:/MoVerHu_Projekt/FE_Modell/FE-Abaqus-Model/Job-19.odb,Step-163,Increment      6: Step Time =    1.000,"LAGERSITZ_NEU-1",         13266,             6,         12972,      -100.184,      -33.7890,       21.2931,"ASSEMBLY_LAGERSITZ_NEU-1_SET-GEHAEUSE","ALUMINIUM",NA,            0.,            0.,            0.,            0.,  -1.04360E-15,  -109.348E-18,       NoValue
D:/MoVerHu_Projekt/FE_Modell/FE-Abaqus-Model/Job-19.odb,Step-163,Increment      6: Step Time =    1.000,"LAGERSITZ_NEU-1",         13271,             6,         12972,      -100.184,      -33.7890,       21.2931,"ASSEMBLY_LAGERSITZ_NEU-1_SET-GEHAEUSE","ALUMINIUM",NA,            0.,            0.,            0.,            0.,  -1.04360E-15,  -109.348E-18,       NoValue
D:/MoVerHu_Projekt/FE_Modell/FE-Abaqus-Model/Job-19.odb,Step-163,Increment      6: Step Time =    1.000,"LAGERSITZ_NEU-1",         13272,             6,         12972,      -100.184,      -33.7890,       21.2931,"ASSEMBLY_LAGERSITZ_NEU-1_SET-GEHAEUSE","ALUMINIUM",NA,            0.,            0.,            0.,            0.,  -1.04360E-15,  -109.348E-18,       NoValue
D:/MoVerHu_Projekt/FE_Modell/FE-Abaqus-Model/Job-19.odb,Step-163,Increment      6: Step Time =    1.000,"LAGERSITZ_NEU-1",         13267,             6,         12972,      -100.184,      -33.7890,       21.2931,"ASSEMBLY_LAGERSITZ_NEU-1_SET-GEHAEUSE","ALUMINIUM",NA,            0.,            0.,            0.,            0.,  -1.04360E-15,  -109.348E-18,       NoValue
D:/MoVerHu_Projekt/FE_Modell/FE-Abaqus-Model/Job-19.odb,Step-163,Increment      6: Step Time =    1.000,"LAGERSITZ_NEU-1",         13278,             6,         12973,      -109.184,      -38.2684,       18.2182,"ASSEMBLY_LAGERSITZ_NEU-1_SET-GEHAEUSE","ALUMINIUM",NA,            0.,            0.,            0.,            0.,  -1.18203E-15,  -1.69871E-15,       NoValue
D:/MoVerHu_Projekt/FE_Modell/FE-Abaqus-Model/Job-19.odb,Step-163,Increment      6: Step Time =    1.000,"LAGERSITZ_NEU-1",         13273,             6,         12973,      -109.184,      -38.2684,       18.2182,"ASSEMBLY_LAGERSITZ_NEU-1_SET-GEHAEUSE","ALUMINIUM",NA,            0.,            0.,            0.,            0.,  -1.18203E-15,  -1.69871E-15,       NoValue
D:/MoVerHu_Projekt/FE_Modell/FE-Abaqus-Model/Job-19.odb,Step-163,Increment      6: Step Time =    1.000,"LAGERSITZ_NEU-1",         13279,             6,         12973,      -109.184,      -38.2684,       18.2182,"ASSEMBLY_LAGERSITZ_NEU-1_SET-GEHAEUSE","ALUMINIUM",NA,            0.,            0.,            0.,            0.,  -1.18203E-15,  -1.69871E-15,       NoValue
D:/MoVerHu_Projekt/FE_Modell/FE-Abaqus-Model/Job-19.odb,Step-163,Increment      6: Step Time =    1.000,"LAGERSITZ_NEU-1",         13274,             6,         12973,      -109.184,      -38.2684,       18.2182,"ASSEMBLY_LAGERSITZ_NEU-1_SET-GEHAEUSE","ALUMINIUM",NA,            0.,            0.,            0.,            0.,  -1.18203E-15,  -1.69871E-15,       NoValue
D:/MoVerHu_Projekt/FE_Modell/FE-Abaqus-Model/Job-19.odb,Step-163,Increment      6: Step Time =    1.000,"LAGERSITZ_NEU-1",         13280,             6,         12974,      -106.184,      -38.2684,       18.2182,"ASSEMBLY_LAGERSITZ_NEU-1_SET-GEHAEUSE","ALUMINIUM",NA,            0.,            0.,            0.,            0.,  -1.68615E-15,  -1.85186E-15,       NoValue
D:/MoVerHu_Projekt/FE_Modell/FE-Abaqus-Model/Job-19.odb,Step-163,Increment      6: Step Time =    1.000,"LAGERSITZ_NEU-1",         13274,             6,         12974,      -106.184,      -38.2684,       18.2182,"ASSEMBLY_LAGERSITZ_NEU-1_SET-GEHAEUSE","ALUMINIUM",NA,            0.,            0.,            0.,            0.,  -1.68615E-15,  -1.85186E-15,       NoValue
D:/MoVerHu_Projekt/FE_Modell/FE-Abaqus-Model/Job-19.odb,Step-163,Increment      6: Step Time =    1.000,"LAGERSITZ_NEU-1",         13279,             6,         12974,      -106.184,      -38.2684,       18.2182,"ASSEMBLY_LAGERSITZ_NEU-1_SET-GEHAEUSE","ALUMINIUM",NA,            0.,            0.,            0.,            0.,  -1.68615E-15,  -1.85186E-15,       NoValue
D:/MoVerHu_Projekt/FE_Modell/FE-Abaqus-Model/Job-19.odb,Step-163,Increment      6: Step Time =    1.000,"LAGERSITZ_NEU-1",         13275,             6,         12974,      -106.184,      -38.2684,       18.2182,"ASSEMBLY_LAGERSITZ_NEU-1_SET-GEHAEUSE","ALUMINIUM",NA,            0.,            0.,            0.,            0.,  -1.68615E-15,  -1.85186E-15,       NoValue
D:/MoVerHu_Projekt/FE_Modell/FE-Abaqus-Model/Job-19.odb,Step-163,Increment      6: Step Time =    1.000,"LAGERSITZ_NEU-1",         13281,             6,         12975,      -103.184,      -38.2684,       18.2182,"ASSEMBLY_LAGERSITZ_NEU-1_SET-GEHAEUSE","ALUMINIUM",NA,            0.,            0.,            0.,            0.,   1.09236E-15,  -1.60383E-15,       NoValue
D:/MoVerHu_Projekt/FE_Modell/FE-Abaqus-Model/Job-19.odb,Step-163,Increment      6: Step Time =    1.000,"LAGERSITZ_NEU-1",         13280,             6,         12975,      -103.184,      -38.2684,       18.2182,"ASSEMBLY_LAGERSITZ_NEU-1_SET-GEHAEUSE","ALUMINIUM",NA,            0.,            0.,            0.,            0.,   1.09236E-15,  -1.60383E-15,       NoValue
D:/MoVerHu_Projekt/FE_Modell/FE-Abaqus-Model/Job-19.odb,Step-163,Increment      6: Step Time =    1.000,"LAGERSITZ_NEU-1",         13276,             6,         12975,      -103.184,      -38.2684,       18.2182,"ASSEMBLY_LAGERSITZ_NEU-1_SET-GEHAEUSE","ALUMINIUM",NA,            0.,            0.,            0.,            0.,   1.09236E-15,  -1.60383E-15,       NoValue
D:/MoVerHu_Projekt/FE_Modell/FE-Abaqus-Model/Job-19.odb,Step-163,Increment      6: Step Time =    1.000,"LAGERSITZ_NEU-1",         13275,             6,         12975,      -103.184,      -38.2684,       18.2182,"ASSEMBLY_LAGERSITZ_NEU-1_SET-GEHAEUSE","ALUMINIUM",NA,            0.,            0.,            0.,            0.,   1.09236E-15,  -1.60383E-15,       NoValue
D:/MoVerHu_Projekt/FE_Modell/FE-Abaqus-Model/Job-19.odb,Step-163,Increment      6: Step Time =    1.000,"LAGERSITZ_NEU-1",         13276,             6,         12976,      -100.184,      -38.2684,       18.2182,"ASSEMBLY_LAGERSITZ_NEU-1_SET-GEHAEUSE","ALUMINIUM",NA,            0.,            0.,            0.,            0.,  -6.18623E-15,  -1.99925E-15,       NoValue
D:/MoVerHu_Projekt/FE_Modell/FE-Abaqus-Model/Job-19.odb,Step-163,Increment      6: Step Time =    1.000,"LAGERSITZ_NEU-1",         13277,             6,         12976,      -100.184,      -38.2684,       18.2182,"ASSEMBLY_LAGERSITZ_NEU-1_SET-GEHAEUSE","ALUMINIUM",NA,            0.,            0.,            0.,            0.,  -6.18623E-15,  -1.99925E-15,       NoValue
D:/MoVerHu_Projekt/FE_Modell/FE-Abaqus-Model/Job-19.odb,Step-163,Increment      6: Step Time =    1.000,"LAGERSITZ_NEU-1",         13282,             6,         12976,      -100.184,      -38.2684,       18.2182,"ASSEMBLY_LAGERSITZ_NEU-1_SET-GEHAEUSE","ALUMINIUM",NA,            0.,            0.,            0.,            0.,  -6.18623E-15,  -1.99925E-15,       NoValue
D:/MoVerHu_Projekt/FE_Modell/FE-Abaqus-Model/Job-19.odb,Step-163,Increment      6: Step Time =    1.000,"LAGERSITZ_NEU-1",         13281,             6,         12976,      -100.184,      -38.2684,       18.2182,"ASSEMBLY_LAGERSITZ_NEU-1_SET-GEHAEUSE","ALUMINIUM",NA,            0.,            0.,            0.,            0.,  -6.18623E-15,  -1.99925E-15,       NoValue
D:/MoVerHu_Projekt/FE_Modell/FE-Abaqus-Model/Job-19.odb,Step-163,Increment      6: Step Time =    1.000,"LAGERSITZ_NEU-1",         13278,             6,         12977,      -109.184,      -40.3486,       16.5524,"ASSEMBLY_LAGERSITZ_NEU-1_SET-GEHAEUSE","ALUMINIUM",NA,            0.,            0.,            0.,            0.,   1.57973E-15,   1.90223E-15,       NoValue
D:/MoVerHu_Projekt/FE_Modell/FE-Abaqus-Model/Job-19.odb,Step-163,Increment      6: Step Time =    1.000,"LAGERSITZ_NEU-1",         13284,             6,         12977,      -109.184,      -40.3486,       16.5524,"ASSEMBLY_LAGERSITZ_NEU-1_SET-GEHAEUSE","ALUMINIUM",NA,            0.,            0.,            0.,            0.,   1.57973E-15,   1.90223E-15,       NoValue
D:/MoVerHu_Projekt/FE_Modell/FE-Abaqus-Model/Job-19.odb,Step-163,Increment      6: Step Time =    1.000,"LAGERSITZ_NEU-1",         13283,             6,         12977,      -109.184,      -40.3486,       16.5524,"ASSEMBLY_LAGERSITZ_NEU-1_SET-GEHAEUSE","ALUMINIUM",NA,            0.,            0.,            0.,            0.,   1.57973E-15,   1.90223E-15,       NoValue
D:/MoVerHu_Projekt/FE_Modell/FE-Abaqus-Model/Job-19.odb,Step-163,Increment      6: Step Time =    1.000,"LAGERSITZ_NEU-1",         13279,             6,         12977,      -109.184,      -40.3486,       16.5524,"ASSEMBLY_LAGERSITZ_NEU-1_SET-GEHAEUSE","ALUMINIUM",NA,            0.,            0.,            0.,            0.,   1.57973E-15,   1.90223E-15,       NoValue
D:/MoVerHu_Projekt/FE_Modell/FE-Abaqus-Model/Job-19.odb,Step-163,Increment      6: Step Time =    1.000,"LAGERSITZ_NEU-1",         13285,             6,         12978,      -106.184,      -40.3486,       16.5524,"ASSEMBLY_LAGERSITZ_NEU-1_SET-GEHAEUSE","ALUMINIUM",NA,            0.,            0.,            0.,            0.,   1.49513E-15,   1.88501E-15,       NoValue
D:/MoVerHu_Projekt/FE_Modell/FE-Abaqus-Model/Job-19.odb,Step-163,Increment      6: Step Time =    1.000,"LAGERSITZ_NEU-1",         13280,             6,         12978,      -106.184,      -40.3486,       16.5524,"ASSEMBLY_LAGERSITZ_NEU-1_SET-GEHAEUSE","ALUMINIUM",NA,            0.,            0.,            0.,            0.,   1.49513E-15,   1.88501E-15,       NoValue
D:/MoVerHu_Projekt/FE_Modell/FE-Abaqus-Model/Job-19.odb,Step-163,Increment      6: Step Time =    1.000,"LAGERSITZ_NEU-1",         13284,             6,         12978,      -106.184,      -40.3486,       16.5524,"ASSEMBLY_LAGERSITZ_NEU-1_SET-GEHAEUSE","ALUMINIUM",NA,            0.,            0.,            0.,            0.,   1.49513E-15,   1.88501E-15,       NoValue
D:/MoVerHu_Projekt/FE_Modell/FE-Abaqus-Model/Job-19.odb,Step-163,Increment      6: Step Time =    1.000,"LAGERSITZ_NEU-1",         13279,             6,         12978,      -106.184,      -40.3486,       16.5524,"ASSEMBLY_LAGERSITZ_NEU-1_SET-GEHAEUSE","ALUMINIUM",NA,            0.,            0.,            0.,            0.,   1.49513E-15,   1.88501E-15,       NoValue
D:/MoVerHu_Projekt/FE_Modell/FE-Abaqus-Model/Job-19.odb,Step-163,Increment      6: Step Time =    1.000,"LAGERSITZ_NEU-1",         13286,             6,         12979,      -103.184,      -40.3486,       16.5524,"ASSEMBLY_LAGERSITZ_NEU-1_SET-GEHAEUSE","ALUMINIUM",NA,            0.,            0.,            0.,            0.,   790.238E-18,   1.57923E-15,       NoValue
D:/MoVerHu_Projekt/FE_Modell/FE-Abaqus-Model/Job-19.odb,Step-163,Increment      6: Step Time =    1.000,"LAGERSITZ_NEU-1",         13285,             6,         12979,      -103.184,      -40.3486,       16.5524,"ASSEMBLY_LAGERSITZ_NEU-1_SET-GEHAEUSE","ALUMINIUM",NA,            0.,            0.,            0.,            0.,   790.238E-18,   1.57923E-15,       NoValue
D:/MoVerHu_Projekt/FE_Modell/FE-Abaqus-Model/Job-19.odb,Step-163,Increment      6: Step Time =    1.000,"LAGERSITZ_NEU-1",         13281,             6,         12979,      -103.184,      -40.3486,       16.5524,"ASSEMBLY_LAGERSITZ_NEU-1_SET-GEHAEUSE","ALUMINIUM",NA,            0.,            0.,            0.,            0.,   790.238E-18,   1.57923E-15,       NoValue
D:/MoVerHu_Projekt/FE_Modell/FE-Abaqus-Model/Job-19.odb,Step-163,Increment      6: Step Time =    1.000,"LAGERSITZ_NEU-1",         13280,             6,         12979,      -103.184,      -40.3486,       16.5524,"ASSEMBLY_LAGERSITZ_NEU-1_SET-GEHAEUSE","ALUMINIUM",NA,            0.,            0.,            0.,            0.,   790.238E-18,   1.57923E-15,       NoValue
D:/MoVerHu_Projekt/FE_Modell/FE-Abaqus-Model/Job-19.odb,Step-163,Increment      6: Step Time =    1.000,"LAGERSITZ_NEU-1",         13282,             6,         12980,      -100.184,      -40.3486,       16.5524,"ASSEMBLY_LAGERSITZ_NEU-1_SET-GEHAEUSE","ALUMINIUM",NA,            0.,            0.,            0.,            0.,  -562.215E-18,   1.39809E-15,       NoValue
D:/MoVerHu_Projekt/FE_Modell/FE-Abaqus-Model/Job-19.odb,Step-163,Increment      6: Step Time =    1.000,"LAGERSITZ_NEU-1",         13286,             6,         12980,      -100.184,      -40.3486,       16.5524,"ASSEMBLY_LAGERSITZ_NEU-1_SET-GEHAEUSE","ALUMINIUM",NA,            0.,            0.,            0.,            0.,  -562.215E-18,   1.39809E-15,       NoValue
D:/MoVerHu_Projekt/FE_Modell/FE-Abaqus-Model/Job-19.odb,Step-163,Increment      6: Step Time =    1.000,"LAGERSITZ_NEU-1",         13287,             6,         12980,      -100.184,      -40.3486,       16.5524,"ASSEMBLY_LAGERSITZ_NEU-1_SET-GEHAEUSE","ALUMINIUM",NA,            0.,            0.,            0.,            0.,  -562.215E-18,   1.39809E-15,       NoValue
D:/MoVerHu_Projekt/FE_Modell/FE-Abaqus-Model/Job-19.odb,Step-163,Increment      6: Step Time =    1.000,"LAGERSITZ_NEU-1",         13281,             6,         12980,      -100.184,      -40.3486,       16.5524,"ASSEMBLY_LAGERSITZ_NEU-1_SET-GEHAEUSE","ALUMINIUM",NA,            0.,            0.,            0.,            0.,  -562.215E-18,   1.39809E-15,       NoValue
D:/MoVerHu_Projekt/FE_Modell/FE-Abaqus-Model/Job-19.odb,Step-163,Increment      6: Step Time =    1.000,"LAGERSITZ_NEU-1",         13288,             6,         12981,      -109.184,      -42.3457,       14.7878,"ASSEMBLY_LAGERSITZ_NEU-1_SET-GEHAEUSE","ALUMINIUM",NA,            0.,            0.,            0.,            0.,  -3.03695E-15,   448.653E-18,       NoValue
D:/MoVerHu_Projekt/FE_Modell/FE-Abaqus-Model/Job-19.odb,Step-163,Increment      6: Step Time =    1.000,"LAGERSITZ_NEU-1",         13289,             6,         12981,      -109.184,      -42.3457,       14.7878,"ASSEMBLY_LAGERSITZ_NEU-1_SET-GEHAEUSE","ALUMINIUM",NA,            0.,            0.,            0.,            0.,  -3.03695E-15,   448.653E-18,       NoValue
D:/MoVerHu_Projekt/FE_Modell/FE-Abaqus-Model/Job-19.odb,Step-163,Increment      6: Step Time =    1.000,"LAGERSITZ_NEU-1",         13284,             6,         12981,      -109.184,      -42.3457,       14.7878,"ASSEMBLY_LAGERSITZ_NEU-1_SET-GEHAEUSE","ALUMINIUM",NA,            0.,            0.,            0.,            0.,  -3.03695E-15,   448.653E-18,       NoValue
D:/MoVerHu_Projekt/FE_Modell/FE-Abaqus-Model/Job-19.odb,Step-163,Increment      6: Step Time =    1.000,"LAGERSITZ_NEU-1",         13283,             6,         12981,      -109.184,      -42.3457,       14.7878,"ASSEMBLY_LAGERSITZ_NEU-1_SET-GEHAEUSE","ALUMINIUM",NA,            0.,            0.,            0.,            0.,  -3.03695E-15,   448.653E-18,       NoValue
D:/MoVerHu_Projekt/FE_Modell/FE-Abaqus-Model/Job-19.odb,Step-163,Increment      6: Step Time =    1.000,"LAGERSITZ_NEU-1",         13289,             6,         12982,      -106.184,      -42.3457,       14.7878,"ASSEMBLY_LAGERSITZ_NEU-1_SET-GEHAEUSE","ALUMINIUM",NA,            0.,            0.,            0.,            0.,   468.612E-18,   806.922E-18,       NoValue
D:/MoVerHu_Projekt/FE_Modell/FE-Abaqus-Model/Job-19.odb,Step-163,Increment      6: Step Time =    1.000,"LAGERSITZ_NEU-1",         13285,             6,         12982,      -106.184,      -42.3457,       14.7878,"ASSEMBLY_LAGERSITZ_NEU-1_SET-GEHAEUSE","ALUMINIUM",NA,            0.,            0.,            0.,            0.,   468.612E-18,   806.922E-18,       NoValue
D:/MoVerHu_Projekt/FE_Modell/FE-Abaqus-Model/Job-19.odb,Step-163,Increment      6: Step Time =    1.000,"LAGERSITZ_NEU-1",         13284,             6,         12982,      -106.184,      -42.3457,       14.7878,"ASSEMBLY_LAGERSITZ_NEU-1_SET-GEHAEUSE","ALUMINIUM",NA,            0.,            0.,            0.,            0.,   468.612E-18,   806.922E-18,       NoValue
D:/MoVerHu_Projekt/FE_Modell/FE-Abaqus-Model/Job-19.odb,Step-163,Increment      6: Step Time =    1.000,"LAGERSITZ_NEU-1",         13290,             6,         12982,      -106.184,      -42.3457,       14.7878,"ASSEMBLY_LAGERSITZ_NEU-1_SET-GEHAEUSE","ALUMINIUM",NA,            0.,            0.,            0.,            0.,   468.612E-18,   806.922E-18,       NoValue
D:/MoVerHu_Projekt/FE_Modell/FE-Abaqus-Model/Job-19.odb,Step-163,Increment      6: Step Time =    1.000,"LAGERSITZ_NEU-1",         13286,             6,         12983,      -103.184,      -42.3457,       14.7878,"ASSEMBLY_LAGERSITZ_NEU-1_SET-GEHAEUSE","ALUMINIUM",NA,            0.,            0.,            0.,            0.,  -131.482E-18,   642.443E-18,       NoValue
D:/MoVerHu_Projekt/FE_Modell/FE-Abaqus-Model/Job-19.odb,Step-163,Increment      6: Step Time =    1.000,"LAGERSITZ_NEU-1",         13290,             6,         12983,      -103.184,      -42.3457,       14.7878,"ASSEMBLY_LAGERSITZ_NEU-1_SET-GEHAEUSE","ALUMINIUM",NA,            0.,            0.,            0.,            0.,  -131.482E-18,   642.443E-18,       NoValue
D:/MoVerHu_Projekt/FE_Modell/FE-Abaqus-Model/Job-19.odb,Step-163,Increment      6: Step Time =    1.000,"LAGERSITZ_NEU-1",         13291,             6,         12983,      -103.184,      -42.3457,       14.7878,"ASSEMBLY_LAGERSITZ_NEU-1_SET-GEHAEUSE","ALUMINIUM",NA,            0.,            0.,            0.,            0.,  -131.482E-18,   642.443E-18,       NoValue
D:/MoVerHu_Projekt/FE_Modell/FE-Abaqus-Model/Job-19.odb,Step-163,Increment      6: Step Time =    1.000,"LAGERSITZ_NEU-1",         13285,             6,         12983,      -103.184,      -42.3457,       14.7878,"ASSEMBLY_LAGERSITZ_NEU-1_SET-GEHAEUSE","ALUMINIUM",NA,            0.,            0.,            0.,            0.,  -131.482E-18,   642.443E-18,       NoValue
D:/MoVerHu_Projekt/FE_Modell/FE-Abaqus-Model/Job-19.odb,Step-163,Increment      6: Step Time =    1.000,"LAGERSITZ_NEU-1",         13287,             6,         12984,      -100.184,      -42.3457,       14.7878,"ASSEMBLY_LAGERSITZ_NEU-1_SET-GEHAEUSE","ALUMINIUM",NA,            0.,            0.,            0.,            0.,  -2.13609E-15,   707.045E-18,       NoValue
D:/MoVerHu_Projekt/FE_Modell/FE-Abaqus-Model/Job-19.odb,Step-163,Increment      6: Step Time =    1.000,"LAGERSITZ_NEU-1",         13291,             6,         12984,      -100.184,      -42.3457,       14.7878,"ASSEMBLY_LAGERSITZ_NEU-1_SET-GEHAEUSE","ALUMINIUM",NA,            0.,            0.,            0.,            0.,  -2.13609E-15,   707.045E-18,       NoValue
D:/MoVerHu_Projekt/FE_Modell/FE-Abaqus-Model/Job-19.odb,Step-163,Increment      6: Step Time =    1.000,"LAGERSITZ_NEU-1",         13292,             6,         12984,      -100.184,      -42.3457,       14.7878,"ASSEMBLY_LAGERSITZ_NEU-1_SET-GEHAEUSE","ALUMINIUM",NA,            0.,            0.,            0.,            0.,  -2.13609E-15,   707.045E-18,       NoValue
D:/MoVerHu_Projekt/FE_Modell/FE-Abaqus-Model/Job-19.odb,Step-163,Increment      6: Step Time =    1.000,"LAGERSITZ_NEU-1",         13286,             6,         12984,      -100.184,      -42.3457,       14.7878,"ASSEMBLY_LAGERSITZ_NEU-1_SET-GEHAEUSE","ALUMINIUM",NA,            0.,            0.,            0.,            0.,  -2.13609E-15,   707.045E-18,       NoValue
D:/MoVerHu_Projekt/FE_Modell/FE-Abaqus-Model/Job-19.odb,Step-163,Increment      6: Step Time =    1.000,"LAGERSITZ_NEU-1",         13288,             6,         12985,      -109.184,      -44.2550,       12.9285,"ASSEMBLY_LAGERSITZ_NEU-1_SET-GEHAEUSE","ALUMINIUM",NA,            0.,            0.,            0.,            0.,   702.371E-18,   3.01528E-15,       NoValue
D:/MoVerHu_Projekt/FE_Modell/FE-Abaqus-Model/Job-19.odb,Step-163,Increment      6: Step Time =    1.000,"LAGERSITZ_NEU-1",         13294,             6,         12985,      -109.184,      -44.2550,       12.9285,"ASSEMBLY_LAGERSITZ_NEU-1_SET-GEHAEUSE","ALUMINIUM",NA,            0.,            0.,            0.,            0.,   702.371E-18,   3.01528E-15,       NoValue
D:/MoVerHu_Projekt/FE_Modell/FE-Abaqus-Model/Job-19.odb,Step-163,Increment      6: Step Time =    1.000,"LAGERSITZ_NEU-1",         13289,             6,         12985,      -109.184,      -44.2550,       12.9285,"ASSEMBLY_LAGERSITZ_NEU-1_SET-GEHAEUSE","ALUMINIUM",NA,            0.,            0.,            0.,            0.,   702.371E-18,   3.01528E-15,       NoValue
D:/MoVerHu_Projekt/FE_Modell/FE-Abaqus-Model/Job-19.odb,Step-163,Increment      6: Step Time =    1.000,"LAGERSITZ_NEU-1",         13293,             6,         12985,      -109.184,      -44.2550,       12.9285,"ASSEMBLY_LAGERSITZ_NEU-1_SET-GEHAEUSE","ALUMINIUM",NA,            0.,            0.,            0.,            0.,   702.371E-18,   3.01528E-15,       NoValue
D:/MoVerHu_Projekt/FE_Modell/FE-Abaqus-Model/Job-19.odb,Step-163,Increment      6: Step Time =    1.000,"LAGERSITZ_NEU-1",         13294,             6,         12986,      -106.184,      -44.2550,       12.9285,"ASSEMBLY_LAGERSITZ_NEU-1_SET-GEHAEUSE","ALUMINIUM",NA,            0.,            0.,            0.,            0.,  -1.66859E-15,   2.18572E-15,       NoValue
D:/MoVerHu_Projekt/FE_Modell/FE-Abaqus-Model/Job-19.odb,Step-163,Increment      6: Step Time =    1.000,"LAGERSITZ_NEU-1",         13295,             6,         12986,      -106.184,      -44.2550,       12.9285,"ASSEMBLY_LAGERSITZ_NEU-1_SET-GEHAEUSE","ALUMINIUM",NA,            0.,            0.,            0.,            0.,  -1.66859E-15,   2.18572E-15,       NoValue
D:/MoVerHu_Projekt/FE_Modell/FE-Abaqus-Model/Job-19.odb,Step-163,Increment      6: Step Time =    1.000,"LAGERSITZ_NEU-1",         13289,             6,         12986,      -106.184,      -44.2550,       12.9285,"ASSEMBLY_LAGERSITZ_NEU-1_SET-GEHAEUSE","ALUMINIUM",NA,            0.,            0.,            0.,            0.,  -1.66859E-15,   2.18572E-15,       NoValue
D:/MoVerHu_Projekt/FE_Modell/FE-Abaqus-Model/Job-19.odb,Step-163,Increment      6: Step Time =    1.000,"LAGERSITZ_NEU-1",         13290,             6,         12986,      -106.184,      -44.2550,       12.9285,"ASSEMBLY_LAGERSITZ_NEU-1_SET-GEHAEUSE","ALUMINIUM",NA,            0.,            0.,            0.,            0.,  -1.66859E-15,   2.18572E-15,       NoValue
D:/MoVerHu_Projekt/FE_Modell/FE-Abaqus-Model/Job-19.odb,Step-163,Increment      6: Step Time =    1.000,"LAGERSITZ_NEU-1",         13295,             6,         12987,      -103.184,      -44.2550,       12.9285,"ASSEMBLY_LAGERSITZ_NEU-1_SET-GEHAEUSE","ALUMINIUM",NA,            0.,            0.,            0.,            0.,   3.15152E-15,   2.16848E-15,       NoValue
D:/MoVerHu_Projekt/FE_Modell/FE-Abaqus-Model/Job-19.odb,Step-163,Increment      6: Step Time =    1.000,"LAGERSITZ_NEU-1",         13296,             6,         12987,      -103.184,      -44.2550,       12.9285,"ASSEMBLY_LAGERSITZ_NEU-1_SET-GEHAEUSE","ALUMINIUM",NA,            0.,            0.,            0.,            0.,   3.15152E-15,   2.16848E-15,       NoValue
D:/MoVerHu_Projekt/FE_Modell/FE-Abaqus-Model/Job-19.odb,Step-163,Increment      6: Step Time =    1.000,"LAGERSITZ_NEU-1",         13290,             6,         12987,      -103.184,      -44.2550,       12.9285,"ASSEMBLY_LAGERSITZ_NEU-1_SET-GEHAEUSE","ALUMINIUM",NA,            0.,            0.,            0.,            0.,   3.15152E-15,   2.16848E-15,       NoValue
D:/MoVerHu_Projekt/FE_Modell/FE-Abaqus-Model/Job-19.odb,Step-163,Increment      6: Step Time =    1.000,"LAGERSITZ_NEU-1",         13291,             6,         12987,      -103.184,      -44.2550,       12.9285,"ASSEMBLY_LAGERSITZ_NEU-1_SET-GEHAEUSE","ALUMINIUM",NA,            0.,            0.,            0.,            0.,   3.15152E-15,   2.16848E-15,       NoValue
D:/MoVerHu_Projekt/FE_Modell/FE-Abaqus-Model/Job-19.odb,Step-163,Increment      6: Step Time =    1.000,"LAGERSITZ_NEU-1",         13291,             6,         12988,      -100.184,      -44.2550,       12.9285,"ASSEMBLY_LAGERSITZ_NEU-1_SET-GEHAEUSE","ALUMINIUM",NA,            0.,            0.,            0.,            0.,  -3.10438E-15,   2.54790E-15,       NoValue
D:/MoVerHu_Projekt/FE_Modell/FE-Abaqus-Model/Job-19.odb,Step-163,Increment      6: Step Time =    1.000,"LAGERSITZ_NEU-1",         13297,             6,         12988,      -100.184,      -44.2550,       12.9285,"ASSEMBLY_LAGERSITZ_NEU-1_SET-GEHAEUSE","ALUMINIUM",NA,            0.,            0.,            0.,            0.,  -3.10438E-15,   2.54790E-15,       NoValue
D:/MoVerHu_Projekt/FE_Modell/FE-Abaqus-Model/Job-19.odb,Step-163,Increment      6: Step Time =    1.000,"LAGERSITZ_NEU-1",         13292,             6,         12988,      -100.184,      -44.2550,       12.9285,"ASSEMBLY_LAGERSITZ_NEU-1_SET-GEHAEUSE","ALUMINIUM",NA,            0.,            0.,            0.,            0.,  -3.10438E-15,   2.54790E-15,       NoValue
D:/MoVerHu_Projekt/FE_Modell/FE-Abaqus-Model/Job-19.odb,Step-163,Increment      6: Step Time =    1.000,"LAGERSITZ_NEU-1",         13296,             6,         12988,      -100.184,      -44.2550,       12.9285,"ASSEMBLY_LAGERSITZ_NEU-1_SET-GEHAEUSE","ALUMINIUM",NA,            0.,            0.,            0.,            0.,  -3.10438E-15,   2.54790E-15,       NoValue
D:/MoVerHu_Projekt/FE_Modell/FE-Abaqus-Model/Job-19.odb,Step-163,Increment      6: Step Time =    1.000,"LAGERSITZ_NEU-1",         13299,             6,         12989,      -109.184,      -46.0720,       10.9790,"ASSEMBLY_LAGERSITZ_NEU-1_SET-GEHAEUSE","ALUMINIUM",NA,            0.,            0.,            0.,            0.,  -456.496E-18,   1.40882E-15,       NoValue
D:/MoVerHu_Projekt/FE_Modell/FE-Abaqus-Model/Job-19.odb,Step-163,Increment      6: Step Time =    1.000,"LAGERSITZ_NEU-1",         13298,             6,         12989,      -109.184,      -46.0720,       10.9790,"ASSEMBLY_LAGERSITZ_NEU-1_SET-GEHAEUSE","ALUMINIUM",NA,            0.,            0.,            0.,            0.,  -456.496E-18,   1.40882E-15,       NoValue
D:/MoVerHu_Projekt/FE_Modell/FE-Abaqus-Model/Job-19.odb,Step-163,Increment      6: Step Time =    1.000,"LAGERSITZ_NEU-1",         13293,             6,         12989,      -109.184,      -46.0720,       10.9790,"ASSEMBLY_LAGERSITZ_NEU-1_SET-GEHAEUSE","ALUMINIUM",NA,            0.,            0.,            0.,            0.,  -456.496E-18,   1.40882E-15,       NoValue
D:/MoVerHu_Projekt/FE_Modell/FE-Abaqus-Model/Job-19.odb,Step-163,Increment      6: Step Time =    1.000,"LAGERSITZ_NEU-1",         13294,             6,         12989,      -109.184,      -46.0720,       10.9790,"ASSEMBLY_LAGERSITZ_NEU-1_SET-GEHAEUSE","ALUMINIUM",NA,            0.,            0.,            0.,            0.,  -456.496E-18,   1.40882E-15,       NoValue
D:/MoVerHu_Projekt/FE_Modell/FE-Abaqus-Model/Job-19.odb,Step-163,Increment      6: Step Time =    1.000,"LAGERSITZ_NEU-1",         13299,             6,         12990,      -106.184,      -46.0720,       10.9790,"ASSEMBLY_LAGERSITZ_NEU-1_SET-GEHAEUSE","ALUMINIUM",NA,            0.,            0.,            0.,            0.,  -1.99778E-15,   1.07464E-15,       NoValue
D:/MoVerHu_Projekt/FE_Modell/FE-Abaqus-Model/Job-19.odb,Step-163,Increment      6: Step Time =    1.000,"LAGERSITZ_NEU-1",         13295,             6,         12990,      -106.184,      -46.0720,       10.9790,"ASSEMBLY_LAGERSITZ_NEU-1_SET-GEHAEUSE","ALUMINIUM",NA,            0.,            0.,            0.,            0.,  -1.99778E-15,   1.07464E-15,       NoValue
D:/MoVerHu_Projekt/FE_Modell/FE-Abaqus-Model/Job-19.odb,Step-163,Increment      6: Step Time =    1.000,"LAGERSITZ_NEU-1",         13300,             6,         12990,      -106.184,      -46.0720,       10.9790,"ASSEMBLY_LAGERSITZ_NEU-1_SET-GEHAEUSE","ALUMINIUM",NA,            0.,            0.,            0.,            0.,  -1.99778E-15,   1.07464E-15,       NoValue
D:/MoVerHu_Projekt/FE_Modell/FE-Abaqus-Model/Job-19.odb,Step-163,Increment      6: Step Time =    1.000,"LAGERSITZ_NEU-1",         13294,             6,         12990,      -106.184,      -46.0720,       10.9790,"ASSEMBLY_LAGERSITZ_NEU-1_SET-GEHAEUSE","ALUMINIUM",NA,            0.,            0.,            0.,            0.,  -1.99778E-15,   1.07464E-15,       NoValue
D:/MoVerHu_Projekt/FE_Modell/FE-Abaqus-Model/Job-19.odb,Step-163,Increment      6: Step Time =    1.000,"LAGERSITZ_NEU-1",         13296,             6,         12991,      -103.184,      -46.0720,       10.9790,"ASSEMBLY_LAGERSITZ_NEU-1_SET-GEHAEUSE","ALUMINIUM",NA,            0.,            0.,            0.,            0.,   1.90103E-15,   2.55477E-15,       NoValue
D:/MoVerHu_Projekt/FE_Modell/FE-Abaqus-Model/Job-19.odb,Step-163,Increment      6: Step Time =    1.000,"LAGERSITZ_NEU-1",         13295,             6,         12991,      -103.184,      -46.0720,       10.9790,"ASSEMBLY_LAGERSITZ_NEU-1_SET-GEHAEUSE","ALUMINIUM",NA,            0.,            0.,            0.,            0.,   1.90103E-15,   2.55477E-15,       NoValue
D:/MoVerHu_Projekt/FE_Modell/FE-Abaqus-Model/Job-19.odb,Step-163,Increment      6: Step Time =    1.000,"LAGERSITZ_NEU-1",         13301,             6,         12991,      -103.184,      -46.0720,       10.9790,"ASSEMBLY_LAGERSITZ_NEU-1_SET-GEHAEUSE","ALUMINIUM",NA,            0.,            0.,            0.,            0.,   1.90103E-15,   2.55477E-15,       NoValue
D:/MoVerHu_Projekt/FE_Modell/FE-Abaqus-Model/Job-19.odb,Step-163,Increment      6: Step Time =    1.000,"LAGERSITZ_NEU-1",         13300,             6,         12991,      -103.184,      -46.0720,       10.9790,"ASSEMBLY_LAGERSITZ_NEU-1_SET-GEHAEUSE","ALUMINIUM",NA,            0.,            0.,            0.,            0.,   1.90103E-15,   2.55477E-15,       NoValue
D:/MoVerHu_Projekt/FE_Modell/FE-Abaqus-Model/Job-19.odb,Step-163,Increment      6: Step Time =    1.000,"LAGERSITZ_NEU-1",         13297,             6,         12992,      -100.184,      -46.0720,       10.9790,"ASSEMBLY_LAGERSITZ_NEU-1_SET-GEHAEUSE","ALUMINIUM",NA,            0.,            0.,            0.,            0.,  -2.51793E-15,   864.254E-18,       NoValue
D:/MoVerHu_Projekt/FE_Modell/FE-Abaqus-Model/Job-19.odb,Step-163,Increment      6: Step Time =    1.000,"LAGERSITZ_NEU-1",         13296,             6,         12992,      -100.184,      -46.0720,       10.9790,"ASSEMBLY_LAGERSITZ_NEU-1_SET-GEHAEUSE","ALUMINIUM",NA,            0.,            0.,            0.,            0.,  -2.51793E-15,   864.254E-18,       NoValue
D:/MoVerHu_Projekt/FE_Modell/FE-Abaqus-Model/Job-19.odb,Step-163,Increment      6: Step Time =    1.000,"LAGERSITZ_NEU-1",         13302,             6,         12992,      -100.184,      -46.0720,       10.9790,"ASSEMBLY_LAGERSITZ_NEU-1_SET-GEHAEUSE","ALUMINIUM",NA,            0.,            0.,            0.,            0.,  -2.51793E-15,   864.254E-18,       NoValue
D:/MoVerHu_Projekt/FE_Modell/FE-Abaqus-Model/Job-19.odb,Step-163,Increment      6: Step Time =    1.000,"LAGERSITZ_NEU-1",         13301,             6,         12992,      -100.184,      -46.0720,       10.9790,"ASSEMBLY_LAGERSITZ_NEU-1_SET-GEHAEUSE","ALUMINIUM",NA,            0.,            0.,            0.,            0.,  -2.51793E-15,   864.254E-18,       NoValue
D:/MoVerHu_Projekt/FE_Modell/FE-Abaqus-Model/Job-19.odb,Step-163,Increment      6: Step Time =    1.000,"LAGERSITZ_NEU-1",         13298,             6,         12993,      -109.184,      -47.7924,       8.94367,"ASSEMBLY_LAGERSITZ_NEU-1_SET-GEHAEUSE","ALUMINIUM",NA,            0.,            0.,            0.,            0.,  -1.49914E-15,  -729.246E-18,       NoValue
D:/MoVerHu_Projekt/FE_Modell/FE-Abaqus-Model/Job-19.odb,Step-163,Increment      6: Step Time =    1.000,"LAGERSITZ_NEU-1",         13303,             6,         12993,      -109.184,      -47.7924,       8.94367,"ASSEMBLY_LAGERSITZ_NEU-1_SET-GEHAEUSE","ALUMINIUM",NA,            0.,            0.,            0.,            0.,  -1.49914E-15,  -729.246E-18,       NoValue
D:/MoVerHu_Projekt/FE_Modell/FE-Abaqus-Model/Job-19.odb,Step-163,Increment      6: Step Time =    1.000,"LAGERSITZ_NEU-1",         13299,             6,         12993,      -109.184,      -47.7924,       8.94367,"ASSEMBLY_LAGERSITZ_NEU-1_SET-GEHAEUSE","ALUMINIUM",NA,            0.,            0.,            0.,            0.,  -1.49914E-15,  -729.246E-18,       NoValue
D:/MoVerHu_Projekt/FE_Modell/FE-Abaqus-Model/Job-19.odb,Step-163,Increment      6: Step Time =    1.000,"LAGERSITZ_NEU-1",         13304,             6,         12993,      -109.184,      -47.7924,       8.94367,"ASSEMBLY_LAGERSITZ_NEU-1_SET-GEHAEUSE","ALUMINIUM",NA,            0.,            0.,            0.,            0.,  -1.49914E-15,  -729.246E-18,       NoValue
D:/MoVerHu_Projekt/FE_Modell/FE-Abaqus-Model/Job-19.odb,Step-163,Increment      6: Step Time =    1.000,"LAGERSITZ_NEU-1",         13305,             6,         12994,      -106.184,      -47.7924,       8.94367,"ASSEMBLY_LAGERSITZ_NEU-1_SET-GEHAEUSE","ALUMINIUM",NA,            0.,            0.,            0.,            0.,  -1.72673E-15,   173.507E-18,       NoValue
D:/MoVerHu_Projekt/FE_Modell/FE-Abaqus-Model/Job-19.odb,Step-163,Increment      6: Step Time =    1.000,"LAGERSITZ_NEU-1",         13304,             6,         12994,      -106.184,      -47.7924,       8.94367,"ASSEMBLY_LAGERSITZ_NEU-1_SET-GEHAEUSE","ALUMINIUM",NA,            0.,            0.,            0.,            0.,  -1.72673E-15,   173.507E-18,       NoValue
D:/MoVerHu_Projekt/FE_Modell/FE-Abaqus-Model/Job-19.odb,Step-163,Increment      6: Step Time =    1.000,"LAGERSITZ_NEU-1",         13300,             6,         12994,      -106.184,      -47.7924,       8.94367,"ASSEMBLY_LAGERSITZ_NEU-1_SET-GEHAEUSE","ALUMINIUM",NA,            0.,            0.,            0.,            0.,  -1.72673E-15,   173.507E-18,       NoValue
D:/MoVerHu_Projekt/FE_Modell/FE-Abaqus-Model/Job-19.odb,Step-163,Increment      6: Step Time =    1.000,"LAGERSITZ_NEU-1",         13299,             6,         12994,      -106.184,      -47.7924,       8.94367,"ASSEMBLY_LAGERSITZ_NEU-1_SET-GEHAEUSE","ALUMINIUM",NA,            0.,            0.,            0.,            0.,  -1.72673E-15,   173.507E-18,       NoValue
D:/MoVerHu_Projekt/FE_Modell/FE-Abaqus-Model/Job-19.odb,Step-163,Increment      6: Step Time =    1.000,"LAGERSITZ_NEU-1",         13301,             6,         12995,      -103.184,      -47.7924,       8.94367,"ASSEMBLY_LAGERSITZ_NEU-1_SET-GEHAEUSE","ALUMINIUM",NA,            0.,            0.,            0.,            0.,  -1.86841E-15,  -520.972E-18,       NoValue
D:/MoVerHu_Projekt/FE_Modell/FE-Abaqus-Model/Job-19.odb,Step-163,Increment      6: Step Time =    1.000,"LAGERSITZ_NEU-1",         13306,             6,         12995,      -103.184,      -47.7924,       8.94367,"ASSEMBLY_LAGERSITZ_NEU-1_SET-GEHAEUSE","ALUMINIUM",NA,            0.,            0.,            0.,            0.,  -1.86841E-15,  -520.972E-18,       NoValue
D:/MoVerHu_Projekt/FE_Modell/FE-Abaqus-Model/Job-19.odb,Step-163,Increment      6: Step Time =    1.000,"LAGERSITZ_NEU-1",         13300,             6,         12995,      -103.184,      -47.7924,       8.94367,"ASSEMBLY_LAGERSITZ_NEU-1_SET-GEHAEUSE","ALUMINIUM",NA,            0.,            0.,            0.,            0.,  -1.86841E-15,  -520.972E-18,       NoValue
D:/MoVerHu_Projekt/FE_Modell/FE-Abaqus-Model/Job-19.odb,Step-163,Increment      6: Step Time =    1.000,"LAGERSITZ_NEU-1",         13305,             6,         12995,      -103.184,      -47.7924,       8.94367,"ASSEMBLY_LAGERSITZ_NEU-1_SET-GEHAEUSE","ALUMINIUM",NA,            0.,            0.,            0.,            0.,  -1.86841E-15,  -520.972E-18,       NoValue
D:/MoVerHu_Projekt/FE_Modell/FE-Abaqus-Model/Job-19.odb,Step-163,Increment      6: Step Time =    1.000,"LAGERSITZ_NEU-1",         13306,             6,         12996,      -100.184,      -47.7924,       8.94367,"ASSEMBLY_LAGERSITZ_NEU-1_SET-GEHAEUSE","ALUMINIUM",NA,            0.,            0.,            0.,            0.,  -2.52454E-15,   372.937E-18,       NoValue
D:/MoVerHu_Projekt/FE_Modell/FE-Abaqus-Model/Job-19.odb,Step-163,Increment      6: Step Time =    1.000,"LAGERSITZ_NEU-1",         13301,             6,         12996,      -100.184,      -47.7924,       8.94367,"ASSEMBLY_LAGERSITZ_NEU-1_SET-GEHAEUSE","ALUMINIUM",NA,            0.,            0.,            0.,            0.,  -2.52454E-15,   372.937E-18,       NoValue
D:/MoVerHu_Projekt/FE_Modell/FE-Abaqus-Model/Job-19.odb,Step-163,Increment      6: Step Time =    1.000,"LAGERSITZ_NEU-1",         13307,             6,         12996,      -100.184,      -47.7924,       8.94367,"ASSEMBLY_LAGERSITZ_NEU-1_SET-GEHAEUSE","ALUMINIUM",NA,            0.,            0.,            0.,            0.,  -2.52454E-15,   372.937E-18,       NoValue
D:/MoVerHu_Projekt/FE_Modell/FE-Abaqus-Model/Job-19.odb,Step-163,Increment      6: Step Time =    1.000,"LAGERSITZ_NEU-1",         13302,             6,         12996,      -100.184,      -47.7924,       8.94367,"ASSEMBLY_LAGERSITZ_NEU-1_SET-GEHAEUSE","ALUMINIUM",NA,            0.,            0.,            0.,            0.,  -2.52454E-15,   372.937E-18,       NoValue
D:/MoVerHu_Projekt/FE_Modell/FE-Abaqus-Model/Job-19.odb,Step-163,Increment      6: Step Time =    1.000,"LAGERSITZ_NEU-1",         13309,             6,         12997,      -109.184,      -49.4121,       6.82743,"ASSEMBLY_LAGERSITZ_NEU-1_SET-GEHAEUSE","ALUMINIUM",NA,            0.,            0.,            0.,            0.,  -1.18293E-15,  -741.619E-18,       NoValue
D:/MoVerHu_Projekt/FE_Modell/FE-Abaqus-Model/Job-19.odb,Step-163,Increment      6: Step Time =    1.000,"LAGERSITZ_NEU-1",         13303,             6,         12997,      -109.184,      -49.4121,       6.82743,"ASSEMBLY_LAGERSITZ_NEU-1_SET-GEHAEUSE","ALUMINIUM",NA,            0.,            0.,            0.,            0.,  -1.18293E-15,  -741.619E-18,       NoValue
D:/MoVerHu_Projekt/FE_Modell/FE-Abaqus-Model/Job-19.odb,Step-163,Increment      6: Step Time =    1.000,"LAGERSITZ_NEU-1",         13308,             6,         12997,      -109.184,      -49.4121,       6.82743,"ASSEMBLY_LAGERSITZ_NEU-1_SET-GEHAEUSE","ALUMINIUM",NA,            0.,            0.,            0.,            0.,  -1.18293E-15,  -741.619E-18,       NoValue
D:/MoVerHu_Projekt/FE_Modell/FE-Abaqus-Model/Job-19.odb,Step-163,Increment      6: Step Time =    1.000,"LAGERSITZ_NEU-1",         13304,             6,         12997,      -109.184,      -49.4121,       6.82743,"ASSEMBLY_LAGERSITZ_NEU-1_SET-GEHAEUSE","ALUMINIUM",NA,            0.,            0.,            0.,            0.,  -1.18293E-15,  -741.619E-18,       NoValue
D:/MoVerHu_Projekt/FE_Modell/FE-Abaqus-Model/Job-19.odb,Step-163,Increment      6: Step Time =    1.000,"LAGERSITZ_NEU-1",         13305,             6,         12998,      -106.184,      -49.4121,       6.82743,"ASSEMBLY_LAGERSITZ_NEU-1_SET-GEHAEUSE","ALUMINIUM",NA,            0.,            0.,            0.,            0.,  -1.30984E-15,   625.788E-18,       NoValue
D:/MoVerHu_Projekt/FE_Modell/FE-Abaqus-Model/Job-19.odb,Step-163,Increment      6: Step Time =    1.000,"LAGERSITZ_NEU-1",         13310,             6,         12998,      -106.184,      -49.4121,       6.82743,"ASSEMBLY_LAGERSITZ_NEU-1_SET-GEHAEUSE","ALUMINIUM",NA,            0.,            0.,            0.,            0.,  -1.30984E-15,   625.788E-18,       NoValue
D:/MoVerHu_Projekt/FE_Modell/FE-Abaqus-Model/Job-19.odb,Step-163,Increment      6: Step Time =    1.000,"LAGERSITZ_NEU-1",         13304,             6,         12998,      -106.184,      -49.4121,       6.82743,"ASSEMBLY_LAGERSITZ_NEU-1_SET-GEHAEUSE","ALUMINIUM",NA,            0.,            0.,            0.,            0.,  -1.30984E-15,   625.788E-18,       NoValue
D:/MoVerHu_Projekt/FE_Modell/FE-Abaqus-Model/Job-19.odb,Step-163,Increment      6: Step Time =    1.000,"LAGERSITZ_NEU-1",         13309,             6,         12998,      -106.184,      -49.4121,       6.82743,"ASSEMBLY_LAGERSITZ_NEU-1_SET-GEHAEUSE","ALUMINIUM",NA,            0.,            0.,            0.,            0.,  -1.30984E-15,   625.788E-18,       NoValue
D:/MoVerHu_Projekt/FE_Modell/FE-Abaqus-Model/Job-19.odb,Step-163,Increment      6: Step Time =    1.000,"LAGERSITZ_NEU-1",         13310,             6,         12999,      -103.184,      -49.4121,       6.82743,"ASSEMBLY_LAGERSITZ_NEU-1_SET-GEHAEUSE","ALUMINIUM",NA,            0.,            0.,            0.,            0.,  -315.638E-18,  -338.767E-18,       NoValue
D:/MoVerHu_Projekt/FE_Modell/FE-Abaqus-Model/Job-19.odb,Step-163,Increment      6: Step Time =    1.000,"LAGERSITZ_NEU-1",         13305,             6,         12999,      -103.184,      -49.4121,       6.82743,"ASSEMBLY_LAGERSITZ_NEU-1_SET-GEHAEUSE","ALUMINIUM",NA,            0.,            0.,            0.,            0.,  -315.638E-18,  -338.767E-18,       NoValue
D:/MoVerHu_Projekt/FE_Modell/FE-Abaqus-Model/Job-19.odb,Step-163,Increment      6: Step Time =    1.000,"LAGERSITZ_NEU-1",         13306,             6,         12999,      -103.184,      -49.4121,       6.82743,"ASSEMBLY_LAGERSITZ_NEU-1_SET-GEHAEUSE","ALUMINIUM",NA,            0.,            0.,            0.,            0.,  -315.638E-18,  -338.767E-18,       NoValue
D:/MoVerHu_Projekt/FE_Modell/FE-Abaqus-Model/Job-19.odb,Step-163,Increment      6: Step Time =    1.000,"LAGERSITZ_NEU-1",         13311,             6,         12999,      -103.184,      -49.4121,       6.82743,"ASSEMBLY_LAGERSITZ_NEU-1_SET-GEHAEUSE","ALUMINIUM",NA,            0.,            0.,            0.,            0.,  -315.638E-18,  -338.767E-18,       NoValue
D:/MoVerHu_Projekt/FE_Modell/FE-Abaqus-Model/Job-19.odb,Step-163,Increment      6: Step Time =    1.000,"LAGERSITZ_NEU-1",         13312,             6,         13000,      -100.184,      -49.4121,       6.82743,"ASSEMBLY_LAGERSITZ_NEU-1_SET-GEHAEUSE","ALUMINIUM",NA,            0.,            0.,            0.,            0.,  -3.79268E-15,   771.664E-18,       NoValue
D:/MoVerHu_Projekt/FE_Modell/FE-Abaqus-Model/Job-19.odb,Step-163,Increment      6: Step Time =    1.000,"LAGERSITZ_NEU-1",         13307,             6,         13000,      -100.184,      -49.4121,       6.82743,"ASSEMBLY_LAGERSITZ_NEU-1_SET-GEHAEUSE","ALUMINIUM",NA,            0.,            0.,            0.,            0.,  -3.79268E-15,   771.664E-18,       NoValue
D:/MoVerHu_Projekt/FE_Modell/FE-Abaqus-Model/Job-19.odb,Step-163,Increment      6: Step Time =    1.000,"LAGERSITZ_NEU-1",         13306,             6,         13000,      -100.184,      -49.4121,       6.82743,"ASSEMBLY_LAGERSITZ_NEU-1_SET-GEHAEUSE","ALUMINIUM",NA,            0.,            0.,            0.,            0.,  -3.79268E-15,   771.664E-18,       NoValue
D:/MoVerHu_Projekt/FE_Modell/FE-Abaqus-Model/Job-19.odb,Step-163,Increment      6: Step Time =    1.000,"LAGERSITZ_NEU-1",         13311,             6,         13000,      -100.184,      -49.4121,       6.82743,"ASSEMBLY_LAGERSITZ_NEU-1_SET-GEHAEUSE","ALUMINIUM",NA,            0.,            0.,            0.,            0.,  -3.79268E-15,   771.664E-18,       NoValue
D:/MoVerHu_Projekt/FE_Modell/FE-Abaqus-Model/Job-19.odb,Step-163,Increment      6: Step Time =    1.000,"LAGERSITZ_NEU-1",         13313,             6,         13001,      -109.184,      -50.9275,       4.63521,"ASSEMBLY_LAGERSITZ_NEU-1_SET-GEHAEUSE","ALUMINIUM",NA,            0.,            0.,            0.,            0.,   77.1812E-18,   58.2173E-18,       NoValue
D:/MoVerHu_Projekt/FE_Modell/FE-Abaqus-Model/Job-19.odb,Step-163,Increment      6: Step Time =    1.000,"LAGERSITZ_NEU-1",         13308,             6,         13001,      -109.184,      -50.9275,       4.63521,"ASSEMBLY_LAGERSITZ_NEU-1_SET-GEHAEUSE","ALUMINIUM",NA,            0.,            0.,            0.,            0.,   77.1812E-18,   58.2173E-18,       NoValue
D:/MoVerHu_Projekt/FE_Modell/FE-Abaqus-Model/Job-19.odb,Step-163,Increment      6: Step Time =    1.000,"LAGERSITZ_NEU-1",         13314,             6,         13001,      -109.184,      -50.9275,       4.63521,"ASSEMBLY_LAGERSITZ_NEU-1_SET-GEHAEUSE","ALUMINIUM",NA,            0.,            0.,            0.,            0.,   77.1812E-18,   58.2173E-18,       NoValue
D:/MoVerHu_Projekt/FE_Modell/FE-Abaqus-Model/Job-19.odb,Step-163,Increment      6: Step Time =    1.000,"LAGERSITZ_NEU-1",         13309,             6,         13001,      -109.184,      -50.9275,       4.63521,"ASSEMBLY_LAGERSITZ_NEU-1_SET-GEHAEUSE","ALUMINIUM",NA,            0.,            0.,            0.,            0.,   77.1812E-18,   58.2173E-18,       NoValue
D:/MoVerHu_Projekt/FE_Modell/FE-Abaqus-Model/Job-19.odb,Step-163,Increment      6: Step Time =    1.000,"LAGERSITZ_NEU-1",         13314,             6,         13002,      -106.184,      -50.9275,       4.63521,"ASSEMBLY_LAGERSITZ_NEU-1_SET-GEHAEUSE","ALUMINIUM",NA,            0.,            0.,            0.,            0.,   942.875E-18,   667.122E-18,       NoValue
D:/MoVerHu_Projekt/FE_Modell/FE-Abaqus-Model/Job-19.odb,Step-163,Increment      6: Step Time =    1.000,"LAGERSITZ_NEU-1",         13309,             6,         13002,      -106.184,      -50.9275,       4.63521,"ASSEMBLY_LAGERSITZ_NEU-1_SET-GEHAEUSE","ALUMINIUM",NA,            0.,            0.,            0.,            0.,   942.875E-18,   667.122E-18,       NoValue
D:/MoVerHu_Projekt/FE_Modell/FE-Abaqus-Model/Job-19.odb,Step-163,Increment      6: Step Time =    1.000,"LAGERSITZ_NEU-1",         13310,             6,         13002,      -106.184,      -50.9275,       4.63521,"ASSEMBLY_LAGERSITZ_NEU-1_SET-GEHAEUSE","ALUMINIUM",NA,            0.,            0.,            0.,            0.,   942.875E-18,   667.122E-18,       NoValue
D:/MoVerHu_Projekt/FE_Modell/FE-Abaqus-Model/Job-19.odb,Step-163,Increment      6: Step Time =    1.000,"LAGERSITZ_NEU-1",         13315,             6,         13002,      -106.184,      -50.9275,       4.63521,"ASSEMBLY_LAGERSITZ_NEU-1_SET-GEHAEUSE","ALUMINIUM",NA,            0.,            0.,            0.,            0.,   942.875E-18,   667.122E-18,       NoValue
D:/MoVerHu_Projekt/FE_Modell/FE-Abaqus-Model/Job-19.odb,Step-163,Increment      6: Step Time =    1.000,"LAGERSITZ_NEU-1",         13315,             6,         13003,      -103.184,      -50.9275,       4.63521,"ASSEMBLY_LAGERSITZ_NEU-1_SET-GEHAEUSE","ALUMINIUM",NA,            0.,            0.,            0.,            0.,  -1.50180E-15,   490.857E-18,       NoValue
D:/MoVerHu_Projekt/FE_Modell/FE-Abaqus-Model/Job-19.odb,Step-163,Increment      6: Step Time =    1.000,"LAGERSITZ_NEU-1",         13311,             6,         13003,      -103.184,      -50.9275,       4.63521,"ASSEMBLY_LAGERSITZ_NEU-1_SET-GEHAEUSE","ALUMINIUM",NA,            0.,            0.,            0.,            0.,  -1.50180E-15,   490.857E-18,       NoValue
D:/MoVerHu_Projekt/FE_Modell/FE-Abaqus-Model/Job-19.odb,Step-163,Increment      6: Step Time =    1.000,"LAGERSITZ_NEU-1",         13310,             6,         13003,      -103.184,      -50.9275,       4.63521,"ASSEMBLY_LAGERSITZ_NEU-1_SET-GEHAEUSE","ALUMINIUM",NA,            0.,            0.,            0.,            0.,  -1.50180E-15,   490.857E-18,       NoValue
D:/MoVerHu_Projekt/FE_Modell/FE-Abaqus-Model/Job-19.odb,Step-163,Increment      6: Step Time =    1.000,"LAGERSITZ_NEU-1",         13316,             6,         13003,      -103.184,      -50.9275,       4.63521,"ASSEMBLY_LAGERSITZ_NEU-1_SET-GEHAEUSE","ALUMINIUM",NA,            0.,            0.,            0.,            0.,  -1.50180E-15,   490.857E-18,       NoValue
D:/MoVerHu_Projekt/FE_Modell/FE-Abaqus-Model/Job-19.odb,Step-163,Increment      6: Step Time =    1.000,"LAGERSITZ_NEU-1",         13317,             6,         13004,      -100.184,      -50.9275,       4.63521,"ASSEMBLY_LAGERSITZ_NEU-1_SET-GEHAEUSE","ALUMINIUM",NA,            0.,            0.,            0.,            0.,  -3.00087E-15,   244.168E-18,       NoValue
D:/MoVerHu_Projekt/FE_Modell/FE-Abaqus-Model/Job-19.odb,Step-163,Increment      6: Step Time =    1.000,"LAGERSITZ_NEU-1",         13316,             6,         13004,      -100.184,      -50.9275,       4.63521,"ASSEMBLY_LAGERSITZ_NEU-1_SET-GEHAEUSE","ALUMINIUM",NA,            0.,            0.,            0.,            0.,  -3.00087E-15,   244.168E-18,       NoValue
D:/MoVerHu_Projekt/FE_Modell/FE-Abaqus-Model/Job-19.odb,Step-163,Increment      6: Step Time =    1.000,"LAGERSITZ_NEU-1",         13311,             6,         13004,      -100.184,      -50.9275,       4.63521,"ASSEMBLY_LAGERSITZ_NEU-1_SET-GEHAEUSE","ALUMINIUM",NA,            0.,            0.,            0.,            0.,  -3.00087E-15,   244.168E-18,       NoValue
D:/MoVerHu_Projekt/FE_Modell/FE-Abaqus-Model/Job-19.odb,Step-163,Increment      6: Step Time =    1.000,"LAGERSITZ_NEU-1",         13312,             6,         13004,      -100.184,      -50.9275,       4.63521,"ASSEMBLY_LAGERSITZ_NEU-1_SET-GEHAEUSE","ALUMINIUM",NA,            0.,            0.,            0.,            0.,  -3.00087E-15,   244.168E-18,       NoValue
D:/MoVerHu_Projekt/FE_Modell/FE-Abaqus-Model/Job-19.odb,Step-163,Increment      6: Step Time =    1.000,"LAGERSITZ_NEU-1",         13318,             6,         13005,      -109.184,      -52.3349,       2.37215,"ASSEMBLY_LAGERSITZ_NEU-1_SET-GEHAEUSE","ALUMINIUM",NA,            0.,            0.,            0.,            0.,   1.19675E-15,  -1.59095E-15,       NoValue
D:/MoVerHu_Projekt/FE_Modell/FE-Abaqus-Model/Job-19.odb,Step-163,Increment      6: Step Time =    1.000,"LAGERSITZ_NEU-1",         13314,             6,         13005,      -109.184,      -52.3349,       2.37215,"ASSEMBLY_LAGERSITZ_NEU-1_SET-GEHAEUSE","ALUMINIUM",NA,            0.,            0.,            0.,            0.,   1.19675E-15,  -1.59095E-15,       NoValue
D:/MoVerHu_Projekt/FE_Modell/FE-Abaqus-Model/Job-19.odb,Step-163,Increment      6: Step Time =    1.000,"LAGERSITZ_NEU-1",         13313,             6,         13005,      -109.184,      -52.3349,       2.37215,"ASSEMBLY_LAGERSITZ_NEU-1_SET-GEHAEUSE","ALUMINIUM",NA,            0.,            0.,            0.,            0.,   1.19675E-15,  -1.59095E-15,       NoValue
D:/MoVerHu_Projekt/FE_Modell/FE-Abaqus-Model/Job-19.odb,Step-163,Increment      6: Step Time =    1.000,"LAGERSITZ_NEU-1",         13319,             6,         13005,      -109.184,      -52.3349,       2.37215,"ASSEMBLY_LAGERSITZ_NEU-1_SET-GEHAEUSE","ALUMINIUM",NA,            0.,            0.,            0.,            0.,   1.19675E-15,  -1.59095E-15,       NoValue
D:/MoVerHu_Projekt/FE_Modell/FE-Abaqus-Model/Job-19.odb,Step-163,Increment      6: Step Time =    1.000,"LAGERSITZ_NEU-1",         13314,             6,         13006,      -106.184,      -52.3349,       2.37215,"ASSEMBLY_LAGERSITZ_NEU-1_SET-GEHAEUSE","ALUMINIUM",NA,            0.,            0.,            0.,            0.,  -1.70520E-15,  -1.09159E-15,       NoValue
D:/MoVerHu_Projekt/FE_Modell/FE-Abaqus-Model/Job-19.odb,Step-163,Increment      6: Step Time =    1.000,"LAGERSITZ_NEU-1",         13319,             6,         13006,      -106.184,      -52.3349,       2.37215,"ASSEMBLY_LAGERSITZ_NEU-1_SET-GEHAEUSE","ALUMINIUM",NA,            0.,            0.,            0.,            0.,  -1.70520E-15,  -1.09159E-15,       NoValue
D:/MoVerHu_Projekt/FE_Modell/FE-Abaqus-Model/Job-19.odb,Step-163,Increment      6: Step Time =    1.000,"LAGERSITZ_NEU-1",         13320,             6,         13006,      -106.184,      -52.3349,       2.37215,"ASSEMBLY_LAGERSITZ_NEU-1_SET-GEHAEUSE","ALUMINIUM",NA,            0.,            0.,            0.,            0.,  -1.70520E-15,  -1.09159E-15,       NoValue
D:/MoVerHu_Projekt/FE_Modell/FE-Abaqus-Model/Job-19.odb,Step-163,Increment      6: Step Time =    1.000,"LAGERSITZ_NEU-1",         13315,             6,         13006,      -106.184,      -52.3349,       2.37215,"ASSEMBLY_LAGERSITZ_NEU-1_SET-GEHAEUSE","ALUMINIUM",NA,            0.,            0.,            0.,            0.,  -1.70520E-15,  -1.09159E-15,       NoValue
D:/MoVerHu_Projekt/FE_Modell/FE-Abaqus-Model/Job-19.odb,Step-163,Increment      6: Step Time =    1.000,"LAGERSITZ_NEU-1",         13316,             6,         13007,      -103.184,      -52.3349,       2.37215,"ASSEMBLY_LAGERSITZ_NEU-1_SET-GEHAEUSE","ALUMINIUM",NA,            0.,            0.,            0.,            0.,  -871.177E-18,  -1.53389E-15,       NoValue
D:/MoVerHu_Projekt/FE_Modell/FE-Abaqus-Model/Job-19.odb,Step-163,Increment      6: Step Time =    1.000,"LAGERSITZ_NEU-1",         13315,             6,         13007,      -103.184,      -52.3349,       2.37215,"ASSEMBLY_LAGERSITZ_NEU-1_SET-GEHAEUSE","ALUMINIUM",NA,            0.,            0.,            0.,            0.,  -871.177E-18,  -1.53389E-15,       NoValue
D:/MoVerHu_Projekt/FE_Modell/FE-Abaqus-Model/Job-19.odb,Step-163,Increment      6: Step Time =    1.000,"LAGERSITZ_NEU-1",         13320,             6,         13007,      -103.184,      -52.3349,       2.37215,"ASSEMBLY_LAGERSITZ_NEU-1_SET-GEHAEUSE","ALUMINIUM",NA,            0.,            0.,            0.,            0.,  -871.177E-18,  -1.53389E-15,       NoValue
D:/MoVerHu_Projekt/FE_Modell/FE-Abaqus-Model/Job-19.odb,Step-163,Increment      6: Step Time =    1.000,"LAGERSITZ_NEU-1",         13321,             6,         13007,      -103.184,      -52.3349,       2.37215,"ASSEMBLY_LAGERSITZ_NEU-1_SET-GEHAEUSE","ALUMINIUM",NA,            0.,            0.,            0.,            0.,  -871.177E-18,  -1.53389E-15,       NoValue
D:/MoVerHu_Projekt/FE_Modell/FE-Abaqus-Model/Job-19.odb,Step-163,Increment      6: Step Time =    1.000,"LAGERSITZ_NEU-1",         13317,             6,         13008,      -100.184,      -52.3349,       2.37215,"ASSEMBLY_LAGERSITZ_NEU-1_SET-GEHAEUSE","ALUMINIUM",NA,            0.,            0.,            0.,            0.,  -2.35063E-15,  -1.31662E-15,       NoValue
D:/MoVerHu_Projekt/FE_Modell/FE-Abaqus-Model/Job-19.odb,Step-163,Increment      6: Step Time =    1.000,"LAGERSITZ_NEU-1",         13322,             6,         13008,      -100.184,      -52.3349,       2.37215,"ASSEMBLY_LAGERSITZ_NEU-1_SET-GEHAEUSE","ALUMINIUM",NA,            0.,            0.,            0.,            0.,  -2.35063E-15,  -1.31662E-15,       NoValue
D:/MoVerHu_Projekt/FE_Modell/FE-Abaqus-Model/Job-19.odb,Step-163,Increment      6: Step Time =    1.000,"LAGERSITZ_NEU-1",         13316,             6,         13008,      -100.184,      -52.3349,       2.37215,"ASSEMBLY_LAGERSITZ_NEU-1_SET-GEHAEUSE","ALUMINIUM",NA,            0.,            0.,            0.,            0.,  -2.35063E-15,  -1.31662E-15,       NoValue
D:/MoVerHu_Projekt/FE_Modell/FE-Abaqus-Model/Job-19.odb,Step-163,Increment      6: Step Time =    1.000,"LAGERSITZ_NEU-1",         13321,             6,         13008,      -100.184,      -52.3349,       2.37215,"ASSEMBLY_LAGERSITZ_NEU-1_SET-GEHAEUSE","ALUMINIUM",NA,            0.,            0.,            0.,            0.,  -2.35063E-15,  -1.31662E-15,       NoValue
D:/MoVerHu_Projekt/FE_Modell/FE-Abaqus-Model/Job-19.odb,Step-163,Increment      6: Step Time =    1.000,"LAGERSITZ_NEU-1",         13324,             6,         13009,      -109.184,      -53.6310,   43.5776E-03,"ASSEMBLY_LAGERSITZ_NEU-1_SET-GEHAEUSE","ALUMINIUM",NA,            0.,            0.,            0.,            0.,  -1.56369E-15,  -868.244E-18,       NoValue
D:/MoVerHu_Projekt/FE_Modell/FE-Abaqus-Model/Job-19.odb,Step-163,Increment      6: Step Time =    1.000,"LAGERSITZ_NEU-1",         13318,             6,         13009,      -109.184,      -53.6310,   43.5776E-03,"ASSEMBLY_LAGERSITZ_NEU-1_SET-GEHAEUSE","ALUMINIUM",NA,            0.,            0.,            0.,            0.,  -1.56369E-15,  -868.244E-18,       NoValue
D:/MoVerHu_Projekt/FE_Modell/FE-Abaqus-Model/Job-19.odb,Step-163,Increment      6: Step Time =    1.000,"LAGERSITZ_NEU-1",         13323,             6,         13009,      -109.184,      -53.6310,   43.5776E-03,"ASSEMBLY_LAGERSITZ_NEU-1_SET-GEHAEUSE","ALUMINIUM",NA,            0.,            0.,            0.,            0.,  -1.56369E-15,  -868.244E-18,       NoValue
D:/MoVerHu_Projekt/FE_Modell/FE-Abaqus-Model/Job-19.odb,Step-163,Increment      6: Step Time =    1.000,"LAGERSITZ_NEU-1",         13319,             6,         13009,      -109.184,      -53.6310,   43.5776E-03,"ASSEMBLY_LAGERSITZ_NEU-1_SET-GEHAEUSE","ALUMINIUM",NA,            0.,            0.,            0.,            0.,  -1.56369E-15,  -868.244E-18,       NoValue
D:/MoVerHu_Projekt/FE_Modell/FE-Abaqus-Model/Job-19.odb,Step-163,Increment      6: Step Time =    1.000,"LAGERSITZ_NEU-1",         13319,             6,         13010,      -106.184,      -53.6310,   43.5776E-03,"ASSEMBLY_LAGERSITZ_NEU-1_SET-GEHAEUSE","ALUMINIUM",NA,            0.,            0.,            0.,            0.,   330.033E-18,  -271.490E-18,       NoValue
D:/MoVerHu_Projekt/FE_Modell/FE-Abaqus-Model/Job-19.odb,Step-163,Increment      6: Step Time =    1.000,"LAGERSITZ_NEU-1",         13324,             6,         13010,      -106.184,      -53.6310,   43.5776E-03,"ASSEMBLY_LAGERSITZ_NEU-1_SET-GEHAEUSE","ALUMINIUM",NA,            0.,            0.,            0.,            0.,   330.033E-18,  -271.490E-18,       NoValue
D:/MoVerHu_Projekt/FE_Modell/FE-Abaqus-Model/Job-19.odb,Step-163,Increment      6: Step Time =    1.000,"LAGERSITZ_NEU-1",         13320,             6,         13010,      -106.184,      -53.6310,   43.5776E-03,"ASSEMBLY_LAGERSITZ_NEU-1_SET-GEHAEUSE","ALUMINIUM",NA,            0.,            0.,            0.,            0.,   330.033E-18,  -271.490E-18,       NoValue
D:/MoVerHu_Projekt/FE_Modell/FE-Abaqus-Model/Job-19.odb,Step-163,Increment      6: Step Time =    1.000,"LAGERSITZ_NEU-1",         13325,             6,         13010,      -106.184,      -53.6310,   43.5776E-03,"ASSEMBLY_LAGERSITZ_NEU-1_SET-GEHAEUSE","ALUMINIUM",NA,            0.,            0.,            0.,            0.,   330.033E-18,  -271.490E-18,       NoValue
D:/MoVerHu_Projekt/FE_Modell/FE-Abaqus-Model/Job-19.odb,Step-163,Increment      6: Step Time =    1.000,"LAGERSITZ_NEU-1",         13325,             6,         13011,      -103.184,      -53.6310,   43.5776E-03,"ASSEMBLY_LAGERSITZ_NEU-1_SET-GEHAEUSE","ALUMINIUM",NA,            0.,            0.,            0.,            0.,   631.622E-18,  -823.744E-18,       NoValue
D:/MoVerHu_Projekt/FE_Modell/FE-Abaqus-Model/Job-19.odb,Step-163,Increment      6: Step Time =    1.000,"LAGERSITZ_NEU-1",         13321,             6,         13011,      -103.184,      -53.6310,   43.5776E-03,"ASSEMBLY_LAGERSITZ_NEU-1_SET-GEHAEUSE","ALUMINIUM",NA,            0.,            0.,            0.,            0.,   631.622E-18,  -823.744E-18,       NoValue
D:/MoVerHu_Projekt/FE_Modell/FE-Abaqus-Model/Job-19.odb,Step-163,Increment      6: Step Time =    1.000,"LAGERSITZ_NEU-1",         13320,             6,         13011,      -103.184,      -53.6310,   43.5776E-03,"ASSEMBLY_LAGERSITZ_NEU-1_SET-GEHAEUSE","ALUMINIUM",NA,            0.,            0.,            0.,            0.,   631.622E-18,  -823.744E-18,       NoValue
D:/MoVerHu_Projekt/FE_Modell/FE-Abaqus-Model/Job-19.odb,Step-163,Increment      6: Step Time =    1.000,"LAGERSITZ_NEU-1",         13326,             6,         13011,      -103.184,      -53.6310,   43.5776E-03,"ASSEMBLY_LAGERSITZ_NEU-1_SET-GEHAEUSE","ALUMINIUM",NA,            0.,            0.,            0.,            0.,   631.622E-18,  -823.744E-18,       NoValue
D:/MoVerHu_Projekt/FE_Modell/FE-Abaqus-Model/Job-19.odb,Step-163,Increment      6: Step Time =    1.000,"LAGERSITZ_NEU-1",         13322,             6,         13012,      -100.184,      -53.6310,   43.5776E-03,"ASSEMBLY_LAGERSITZ_NEU-1_SET-GEHAEUSE","ALUMINIUM",NA,            0.,            0.,            0.,            0.,  -4.62758E-15,  -426.335E-18,       NoValue
D:/MoVerHu_Projekt/FE_Modell/FE-Abaqus-Model/Job-19.odb,Step-163,Increment      6: Step Time =    1.000,"LAGERSITZ_NEU-1",         13327,             6,         13012,      -100.184,      -53.6310,   43.5776E-03,"ASSEMBLY_LAGERSITZ_NEU-1_SET-GEHAEUSE","ALUMINIUM",NA,            0.,            0.,            0.,            0.,  -4.62758E-15,  -426.335E-18,       NoValue
D:/MoVerHu_Projekt/FE_Modell/FE-Abaqus-Model/Job-19.odb,Step-163,Increment      6: Step Time =    1.000,"LAGERSITZ_NEU-1",         13321,             6,         13012,      -100.184,      -53.6310,   43.5776E-03,"ASSEMBLY_LAGERSITZ_NEU-1_SET-GEHAEUSE","ALUMINIUM",NA,            0.,            0.,            0.,            0.,  -4.62758E-15,  -426.335E-18,       NoValue
D:/MoVerHu_Projekt/FE_Modell/FE-Abaqus-Model/Job-19.odb,Step-163,Increment      6: Step Time =    1.000,"LAGERSITZ_NEU-1",         13326,             6,         13012,      -100.184,      -53.6310,   43.5776E-03,"ASSEMBLY_LAGERSITZ_NEU-1_SET-GEHAEUSE","ALUMINIUM",NA,            0.,            0.,            0.,            0.,  -4.62758E-15,  -426.335E-18,       NoValue
D:/MoVerHu_Projekt/FE_Modell/FE-Abaqus-Model/Job-19.odb,Step-163,Increment      6: Step Time =    1.000,"LAGERSITZ_NEU-1",         13328,             6,         13013,      -109.184,      -54.8129,      -2.34505,"ASSEMBLY_LAGERSITZ_NEU-1_SET-GEHAEUSE","ALUMINIUM",NA,            0.,            0.,            0.,            0.,  -1.92279E-15,   1.14168E-15,       NoValue
D:/MoVerHu_Projekt/FE_Modell/FE-Abaqus-Model/Job-19.odb,Step-163,Increment      6: Step Time =    1.000,"LAGERSITZ_NEU-1",         13324,             6,         13013,      -109.184,      -54.8129,      -2.34505,"ASSEMBLY_LAGERSITZ_NEU-1_SET-GEHAEUSE","ALUMINIUM",NA,            0.,            0.,            0.,            0.,  -1.92279E-15,   1.14168E-15,       NoValue
D:/MoVerHu_Projekt/FE_Modell/FE-Abaqus-Model/Job-19.odb,Step-163,Increment      6: Step Time =    1.000,"LAGERSITZ_NEU-1",         13323,             6,         13013,      -109.184,      -54.8129,      -2.34505,"ASSEMBLY_LAGERSITZ_NEU-1_SET-GEHAEUSE","ALUMINIUM",NA,            0.,            0.,            0.,            0.,  -1.92279E-15,   1.14168E-15,       NoValue
D:/MoVerHu_Projekt/FE_Modell/FE-Abaqus-Model/Job-19.odb,Step-163,Increment      6: Step Time =    1.000,"LAGERSITZ_NEU-1",         13329,             6,         13013,      -109.184,      -54.8129,      -2.34505,"ASSEMBLY_LAGERSITZ_NEU-1_SET-GEHAEUSE","ALUMINIUM",NA,            0.,            0.,            0.,            0.,  -1.92279E-15,   1.14168E-15,       NoValue
D:/MoVerHu_Projekt/FE_Modell/FE-Abaqus-Model/Job-19.odb,Step-163,Increment      6: Step Time =    1.000,"LAGERSITZ_NEU-1",         13330,             6,         13014,      -106.184,      -54.8129,      -2.34505,"ASSEMBLY_LAGERSITZ_NEU-1_SET-GEHAEUSE","ALUMINIUM",NA,            0.,            0.,            0.,            0.,  -1.24413E-15,   1.14076E-15,       NoValue
D:/MoVerHu_Projekt/FE_Modell/FE-Abaqus-Model/Job-19.odb,Step-163,Increment      6: Step Time =    1.000,"LAGERSITZ_NEU-1",         13325,             6,         13014,      -106.184,      -54.8129,      -2.34505,"ASSEMBLY_LAGERSITZ_NEU-1_SET-GEHAEUSE","ALUMINIUM",NA,            0.,            0.,            0.,            0.,  -1.24413E-15,   1.14076E-15,       NoValue
D:/MoVerHu_Projekt/FE_Modell/FE-Abaqus-Model/Job-19.odb,Step-163,Increment      6: Step Time =    1.000,"LAGERSITZ_NEU-1",         13329,             6,         13014,      -106.184,      -54.8129,      -2.34505,"ASSEMBLY_LAGERSITZ_NEU-1_SET-GEHAEUSE","ALUMINIUM",NA,            0.,            0.,            0.,            0.,  -1.24413E-15,   1.14076E-15,       NoValue
D:/MoVerHu_Projekt/FE_Modell/FE-Abaqus-Model/Job-19.odb,Step-163,Increment      6: Step Time =    1.000,"LAGERSITZ_NEU-1",         13324,             6,         13014,      -106.184,      -54.8129,      -2.34505,"ASSEMBLY_LAGERSITZ_NEU-1_SET-GEHAEUSE","ALUMINIUM",NA,            0.,            0.,            0.,            0.,  -1.24413E-15,   1.14076E-15,       NoValue
D:/MoVerHu_Projekt/FE_Modell/FE-Abaqus-Model/Job-19.odb,Step-163,Increment      6: Step Time =    1.000,"LAGERSITZ_NEU-1",         13330,             6,         13015,      -103.184,      -54.8129,      -2.34505,"ASSEMBLY_LAGERSITZ_NEU-1_SET-GEHAEUSE","ALUMINIUM",NA,            0.,            0.,            0.,            0.,  -544.189E-18,   1.64680E-15,       NoValue
D:/MoVerHu_Projekt/FE_Modell/FE-Abaqus-Model/Job-19.odb,Step-163,Increment      6: Step Time =    1.000,"LAGERSITZ_NEU-1",         13331,             6,         13015,      -103.184,      -54.8129,      -2.34505,"ASSEMBLY_LAGERSITZ_NEU-1_SET-GEHAEUSE","ALUMINIUM",NA,            0.,            0.,            0.,            0.,  -544.189E-18,   1.64680E-15,       NoValue
D:/MoVerHu_Projekt/FE_Modell/FE-Abaqus-Model/Job-19.odb,Step-163,Increment      6: Step Time =    1.000,"LAGERSITZ_NEU-1",         13326,             6,         13015,      -103.184,      -54.8129,      -2.34505,"ASSEMBLY_LAGERSITZ_NEU-1_SET-GEHAEUSE","ALUMINIUM",NA,            0.,            0.,            0.,            0.,  -544.189E-18,   1.64680E-15,       NoValue
D:/MoVerHu_Projekt/FE_Modell/FE-Abaqus-Model/Job-19.odb,Step-163,Increment      6: Step Time =    1.000,"LAGERSITZ_NEU-1",         13325,             6,         13015,      -103.184,      -54.8129,      -2.34505,"ASSEMBLY_LAGERSITZ_NEU-1_SET-GEHAEUSE","ALUMINIUM",NA,            0.,            0.,            0.,            0.,  -544.189E-18,   1.64680E-15,       NoValue
D:/MoVerHu_Projekt/FE_Modell/FE-Abaqus-Model/Job-19.odb,Step-163,Increment      6: Step Time =    1.000,"LAGERSITZ_NEU-1",         13326,             6,         13016,      -100.184,      -54.8129,      -2.34505,"ASSEMBLY_LAGERSITZ_NEU-1_SET-GEHAEUSE","ALUMINIUM",NA,            0.,            0.,            0.,            0.,  -1.43471E-15,   1.49591E-15,       NoValue
D:/MoVerHu_Projekt/FE_Modell/FE-Abaqus-Model/Job-19.odb,Step-163,Increment      6: Step Time =    1.000,"LAGERSITZ_NEU-1",         13327,             6,         13016,      -100.184,      -54.8129,      -2.34505,"ASSEMBLY_LAGERSITZ_NEU-1_SET-GEHAEUSE","ALUMINIUM",NA,            0.,            0.,            0.,            0.,  -1.43471E-15,   1.49591E-15,       NoValue
D:/MoVerHu_Projekt/FE_Modell/FE-Abaqus-Model/Job-19.odb,Step-163,Increment      6: Step Time =    1.000,"LAGERSITZ_NEU-1",         13332,             6,         13016,      -100.184,      -54.8129,      -2.34505,"ASSEMBLY_LAGERSITZ_NEU-1_SET-GEHAEUSE","ALUMINIUM",NA,            0.,            0.,            0.,            0.,  -1.43471E-15,   1.49591E-15,       NoValue
D:/MoVerHu_Projekt/FE_Modell/FE-Abaqus-Model/Job-19.odb,Step-163,Increment      6: Step Time =    1.000,"LAGERSITZ_NEU-1",         13331,             6,         13016,      -100.184,      -54.8129,      -2.34505,"ASSEMBLY_LAGERSITZ_NEU-1_SET-GEHAEUSE","ALUMINIUM",NA,            0.,            0.,            0.,            0.,  -1.43471E-15,   1.49591E-15,       NoValue
D:/MoVerHu_Projekt/FE_Modell/FE-Abaqus-Model/Job-19.odb,Step-163,Increment      6: Step Time =    1.000,"LAGERSITZ_NEU-1",         13334,             6,         13017,      -109.184,      -55.8776,      -4.78811,"ASSEMBLY_LAGERSITZ_NEU-1_SET-GEHAEUSE","ALUMINIUM",NA,            0.,            0.,            0.,            0.,  -2.36851E-15,  -153.403E-18,       NoValue
D:/MoVerHu_Projekt/FE_Modell/FE-Abaqus-Model/Job-19.odb,Step-163,Increment      6: Step Time =    1.000,"LAGERSITZ_NEU-1",         13329,             6,         13017,      -109.184,      -55.8776,      -4.78811,"ASSEMBLY_LAGERSITZ_NEU-1_SET-GEHAEUSE","ALUMINIUM",NA,            0.,            0.,            0.,            0.,  -2.36851E-15,  -153.403E-18,       NoValue
D:/MoVerHu_Projekt/FE_Modell/FE-Abaqus-Model/Job-19.odb,Step-163,Increment      6: Step Time =    1.000,"LAGERSITZ_NEU-1",         13333,             6,         13017,      -109.184,      -55.8776,      -4.78811,"ASSEMBLY_LAGERSITZ_NEU-1_SET-GEHAEUSE","ALUMINIUM",NA,            0.,            0.,            0.,            0.,  -2.36851E-15,  -153.403E-18,       NoValue
D:/MoVerHu_Projekt/FE_Modell/FE-Abaqus-Model/Job-19.odb,Step-163,Increment      6: Step Time =    1.000,"LAGERSITZ_NEU-1",         13328,             6,         13017,      -109.184,      -55.8776,      -4.78811,"ASSEMBLY_LAGERSITZ_NEU-1_SET-GEHAEUSE","ALUMINIUM",NA,            0.,            0.,            0.,            0.,  -2.36851E-15,  -153.403E-18,       NoValue
D:/MoVerHu_Projekt/FE_Modell/FE-Abaqus-Model/Job-19.odb,Step-163,Increment      6: Step Time =    1.000,"LAGERSITZ_NEU-1",         13335,             6,         13018,      -106.184,      -55.8776,      -4.78811,"ASSEMBLY_LAGERSITZ_NEU-1_SET-GEHAEUSE","ALUMINIUM",NA,            0.,            0.,            0.,            0.,  -895.284E-18,   115.398E-18,       NoValue
D:/MoVerHu_Projekt/FE_Modell/FE-Abaqus-Model/Job-19.odb,Step-163,Increment      6: Step Time =    1.000,"LAGERSITZ_NEU-1",         13330,             6,         13018,      -106.184,      -55.8776,      -4.78811,"ASSEMBLY_LAGERSITZ_NEU-1_SET-GEHAEUSE","ALUMINIUM",NA,            0.,            0.,            0.,            0.,  -895.284E-18,   115.398E-18,       NoValue
D:/MoVerHu_Projekt/FE_Modell/FE-Abaqus-Model/Job-19.odb,Step-163,Increment      6: Step Time =    1.000,"LAGERSITZ_NEU-1",         13334,             6,         13018,      -106.184,      -55.8776,      -4.78811,"ASSEMBLY_LAGERSITZ_NEU-1_SET-GEHAEUSE","ALUMINIUM",NA,            0.,            0.,            0.,            0.,  -895.284E-18,   115.398E-18,       NoValue
D:/MoVerHu_Projekt/FE_Modell/FE-Abaqus-Model/Job-19.odb,Step-163,Increment      6: Step Time =    1.000,"LAGERSITZ_NEU-1",         13329,             6,         13018,      -106.184,      -55.8776,      -4.78811,"ASSEMBLY_LAGERSITZ_NEU-1_SET-GEHAEUSE","ALUMINIUM",NA,            0.,            0.,            0.,            0.,  -895.284E-18,   115.398E-18,       NoValue
D:/MoVerHu_Projekt/FE_Modell/FE-Abaqus-Model/Job-19.odb,Step-163,Increment      6: Step Time =    1.000,"LAGERSITZ_NEU-1",         13335,             6,         13019,      -103.184,      -55.8776,      -4.78811,"ASSEMBLY_LAGERSITZ_NEU-1_SET-GEHAEUSE","ALUMINIUM",NA,            0.,            0.,            0.,            0.,  -631.059E-18,   309.117E-18,       NoValue
D:/MoVerHu_Projekt/FE_Modell/FE-Abaqus-Model/Job-19.odb,Step-163,Increment      6: Step Time =    1.000,"LAGERSITZ_NEU-1",         13330,             6,         13019,      -103.184,      -55.8776,      -4.78811,"ASSEMBLY_LAGERSITZ_NEU-1_SET-GEHAEUSE","ALUMINIUM",NA,            0.,            0.,            0.,            0.,  -631.059E-18,   309.117E-18,       NoValue
D:/MoVerHu_Projekt/FE_Modell/FE-Abaqus-Model/Job-19.odb,Step-163,Increment      6: Step Time =    1.000,"LAGERSITZ_NEU-1",         13331,             6,         13019,      -103.184,      -55.8776,      -4.78811,"ASSEMBLY_LAGERSITZ_NEU-1_SET-GEHAEUSE","ALUMINIUM",NA,            0.,            0.,            0.,            0.,  -631.059E-18,   309.117E-18,       NoValue
D:/MoVerHu_Projekt/FE_Modell/FE-Abaqus-Model/Job-19.odb,Step-163,Increment      6: Step Time =    1.000,"LAGERSITZ_NEU-1",         13336,             6,         13019,      -103.184,      -55.8776,      -4.78811,"ASSEMBLY_LAGERSITZ_NEU-1_SET-GEHAEUSE","ALUMINIUM",NA,            0.,            0.,            0.,            0.,  -631.059E-18,   309.117E-18,       NoValue
D:/MoVerHu_Projekt/FE_Modell/FE-Abaqus-Model/Job-19.odb,Step-163,Increment      6: Step Time =    1.000,"LAGERSITZ_NEU-1",         13337,             6,         13020,      -100.184,      -55.8776,      -4.78811,"ASSEMBLY_LAGERSITZ_NEU-1_SET-GEHAEUSE","ALUMINIUM",NA,            0.,            0.,            0.,            0.,  -4.10834E-15,   399.293E-18,       NoValue
D:/MoVerHu_Projekt/FE_Modell/FE-Abaqus-Model/Job-19.odb,Step-163,Increment      6: Step Time =    1.000,"LAGERSITZ_NEU-1",         13332,             6,         13020,      -100.184,      -55.8776,      -4.78811,"ASSEMBLY_LAGERSITZ_NEU-1_SET-GEHAEUSE","ALUMINIUM",NA,            0.,            0.,            0.,            0.,  -4.10834E-15,   399.293E-18,       NoValue
D:/MoVerHu_Projekt/FE_Modell/FE-Abaqus-Model/Job-19.odb,Step-163,Increment      6: Step Time =    1.000,"LAGERSITZ_NEU-1",         13331,             6,         13020,      -100.184,      -55.8776,      -4.78811,"ASSEMBLY_LAGERSITZ_NEU-1_SET-GEHAEUSE","ALUMINIUM",NA,            0.,            0.,            0.,            0.,  -4.10834E-15,   399.293E-18,       NoValue
D:/MoVerHu_Projekt/FE_Modell/FE-Abaqus-Model/Job-19.odb,Step-163,Increment      6: Step Time =    1.000,"LAGERSITZ_NEU-1",         13336,             6,         13020,      -100.184,      -55.8776,      -4.78811,"ASSEMBLY_LAGERSITZ_NEU-1_SET-GEHAEUSE","ALUMINIUM",NA,            0.,            0.,            0.,            0.,  -4.10834E-15,   399.293E-18,       NoValue
D:/MoVerHu_Projekt/FE_Modell/FE-Abaqus-Model/Job-19.odb,Step-163,Increment      6: Step Time =    1.000,"LAGERSITZ_NEU-1",         13334,             6,         13021,      -109.184,      -56.8227,      -7.27989,"ASSEMBLY_LAGERSITZ_NEU-1_SET-GEHAEUSE","ALUMINIUM",NA,            0.,            0.,            0.,            0.,  -1.03510E-15,  -414.193E-18,       NoValue
D:/MoVerHu_Projekt/FE_Modell/FE-Abaqus-Model/Job-19.odb,Step-163,Increment      6: Step Time =    1.000,"LAGERSITZ_NEU-1",         13333,             6,         13021,      -109.184,      -56.8227,      -7.27989,"ASSEMBLY_LAGERSITZ_NEU-1_SET-GEHAEUSE","ALUMINIUM",NA,            0.,            0.,            0.,            0.,  -1.03510E-15,  -414.193E-18,       NoValue
D:/MoVerHu_Projekt/FE_Modell/FE-Abaqus-Model/Job-19.odb,Step-163,Increment      6: Step Time =    1.000,"LAGERSITZ_NEU-1",         13338,             6,         13021,      -109.184,      -56.8227,      -7.27989,"ASSEMBLY_LAGERSITZ_NEU-1_SET-GEHAEUSE","ALUMINIUM",NA,            0.,            0.,            0.,            0.,  -1.03510E-15,  -414.193E-18,       NoValue
D:/MoVerHu_Projekt/FE_Modell/FE-Abaqus-Model/Job-19.odb,Step-163,Increment      6: Step Time =    1.000,"LAGERSITZ_NEU-1",         13339,             6,         13021,      -109.184,      -56.8227,      -7.27989,"ASSEMBLY_LAGERSITZ_NEU-1_SET-GEHAEUSE","ALUMINIUM",NA,            0.,            0.,            0.,            0.,  -1.03510E-15,  -414.193E-18,       NoValue
D:/MoVerHu_Projekt/FE_Modell/FE-Abaqus-Model/Job-19.odb,Step-163,Increment      6: Step Time =    1.000,"LAGERSITZ_NEU-1",         13334,             6,         13022,      -106.184,      -56.8227,      -7.27989,"ASSEMBLY_LAGERSITZ_NEU-1_SET-GEHAEUSE","ALUMINIUM",NA,            0.,            0.,            0.,            0.,   1.01478E-15,  -538.986E-18,       NoValue
D:/MoVerHu_Projekt/FE_Modell/FE-Abaqus-Model/Job-19.odb,Step-163,Increment      6: Step Time =    1.000,"LAGERSITZ_NEU-1",         13340,             6,         13022,      -106.184,      -56.8227,      -7.27989,"ASSEMBLY_LAGERSITZ_NEU-1_SET-GEHAEUSE","ALUMINIUM",NA,            0.,            0.,            0.,            0.,   1.01478E-15,  -538.986E-18,       NoValue
D:/MoVerHu_Projekt/FE_Modell/FE-Abaqus-Model/Job-19.odb,Step-163,Increment      6: Step Time =    1.000,"LAGERSITZ_NEU-1",         13339,             6,         13022,      -106.184,      -56.8227,      -7.27989,"ASSEMBLY_LAGERSITZ_NEU-1_SET-GEHAEUSE","ALUMINIUM",NA,            0.,            0.,            0.,            0.,   1.01478E-15,  -538.986E-18,       NoValue
D:/MoVerHu_Projekt/FE_Modell/FE-Abaqus-Model/Job-19.odb,Step-163,Increment      6: Step Time =    1.000,"LAGERSITZ_NEU-1",         13335,             6,         13022,      -106.184,      -56.8227,      -7.27989,"ASSEMBLY_LAGERSITZ_NEU-1_SET-GEHAEUSE","ALUMINIUM",NA,            0.,            0.,            0.,            0.,   1.01478E-15,  -538.986E-18,       NoValue
D:/MoVerHu_Projekt/FE_Modell/FE-Abaqus-Model/Job-19.odb,Step-163,Increment      6: Step Time =    1.000,"LAGERSITZ_NEU-1",         13336,             6,         13023,      -103.184,      -56.8227,      -7.27989,"ASSEMBLY_LAGERSITZ_NEU-1_SET-GEHAEUSE","ALUMINIUM",NA,            0.,            0.,            0.,            0.,   1.00911E-15,  -312.395E-18,       NoValue
D:/MoVerHu_Projekt/FE_Modell/FE-Abaqus-Model/Job-19.odb,Step-163,Increment      6: Step Time =    1.000,"LAGERSITZ_NEU-1",         13335,             6,         13023,      -103.184,      -56.8227,      -7.27989,"ASSEMBLY_LAGERSITZ_NEU-1_SET-GEHAEUSE","ALUMINIUM",NA,            0.,            0.,            0.,            0.,   1.00911E-15,  -312.395E-18,       NoValue
D:/MoVerHu_Projekt/FE_Modell/FE-Abaqus-Model/Job-19.odb,Step-163,Increment      6: Step Time =    1.000,"LAGERSITZ_NEU-1",         13341,             6,         13023,      -103.184,      -56.8227,      -7.27989,"ASSEMBLY_LAGERSITZ_NEU-1_SET-GEHAEUSE","ALUMINIUM",NA,            0.,            0.,            0.,            0.,   1.00911E-15,  -312.395E-18,       NoValue
D:/MoVerHu_Projekt/FE_Modell/FE-Abaqus-Model/Job-19.odb,Step-163,Increment      6: Step Time =    1.000,"LAGERSITZ_NEU-1",         13340,             6,         13023,      -103.184,      -56.8227,      -7.27989,"ASSEMBLY_LAGERSITZ_NEU-1_SET-GEHAEUSE","ALUMINIUM",NA,            0.,            0.,            0.,            0.,   1.00911E-15,  -312.395E-18,       NoValue
D:/MoVerHu_Projekt/FE_Modell/FE-Abaqus-Model/Job-19.odb,Step-163,Increment      6: Step Time =    1.000,"LAGERSITZ_NEU-1",         13336,             6,         13024,      -100.184,      -56.8227,      -7.27989,"ASSEMBLY_LAGERSITZ_NEU-1_SET-GEHAEUSE","ALUMINIUM",NA,            0.,            0.,            0.,            0.,  -2.08226E-15,  -194.637E-18,       NoValue
D:/MoVerHu_Projekt/FE_Modell/FE-Abaqus-Model/Job-19.odb,Step-163,Increment      6: Step Time =    1.000,"LAGERSITZ_NEU-1",         13341,             6,         13024,      -100.184,      -56.8227,      -7.27989,"ASSEMBLY_LAGERSITZ_NEU-1_SET-GEHAEUSE","ALUMINIUM",NA,            0.,            0.,            0.,            0.,  -2.08226E-15,  -194.637E-18,       NoValue
D:/MoVerHu_Projekt/FE_Modell/FE-Abaqus-Model/Job-19.odb,Step-163,Increment      6: Step Time =    1.000,"LAGERSITZ_NEU-1",         13337,             6,         13024,      -100.184,      -56.8227,      -7.27989,"ASSEMBLY_LAGERSITZ_NEU-1_SET-GEHAEUSE","ALUMINIUM",NA,            0.,            0.,            0.,            0.,  -2.08226E-15,  -194.637E-18,       NoValue
D:/MoVerHu_Projekt/FE_Modell/FE-Abaqus-Model/Job-19.odb,Step-163,Increment      6: Step Time =    1.000,"LAGERSITZ_NEU-1",         13342,             6,         13024,      -100.184,      -56.8227,      -7.27989,"ASSEMBLY_LAGERSITZ_NEU-1_SET-GEHAEUSE","ALUMINIUM",NA,            0.,            0.,            0.,            0.,  -2.08226E-15,  -194.637E-18,       NoValue
D:/MoVerHu_Projekt/FE_Modell/FE-Abaqus-Model/Job-19.odb,Step-163,Increment      6: Step Time =    1.000,"LAGERSITZ_NEU-1",         13343,             6,         13025,      -109.184,      -57.6460,      -9.81452,"ASSEMBLY_LAGERSITZ_NEU-1_SET-GEHAEUSE","ALUMINIUM",NA,            0.,            0.,            0.,            0.,  -398.522E-18,  -289.221E-18,       NoValue
D:/MoVerHu_Projekt/FE_Modell/FE-Abaqus-Model/Job-19.odb,Step-163,Increment      6: Step Time =    1.000,"LAGERSITZ_NEU-1",         13338,             6,         13025,      -109.184,      -57.6460,      -9.81452,"ASSEMBLY_LAGERSITZ_NEU-1_SET-GEHAEUSE","ALUMINIUM",NA,            0.,            0.,            0.,            0.,  -398.522E-18,  -289.221E-18,       NoValue
D:/MoVerHu_Projekt/FE_Modell/FE-Abaqus-Model/Job-19.odb,Step-163,Increment      6: Step Time =    1.000,"LAGERSITZ_NEU-1",         13344,             6,         13025,      -109.184,      -57.6460,      -9.81452,"ASSEMBLY_LAGERSITZ_NEU-1_SET-GEHAEUSE","ALUMINIUM",NA,            0.,            0.,            0.,            0.,  -398.522E-18,  -289.221E-18,       NoValue
D:/MoVerHu_Projekt/FE_Modell/FE-Abaqus-Model/Job-19.odb,Step-163,Increment      6: Step Time =    1.000,"LAGERSITZ_NEU-1",         13339,             6,         13025,      -109.184,      -57.6460,      -9.81452,"ASSEMBLY_LAGERSITZ_NEU-1_SET-GEHAEUSE","ALUMINIUM",NA,            0.,            0.,            0.,            0.,  -398.522E-18,  -289.221E-18,       NoValue
D:/MoVerHu_Projekt/FE_Modell/FE-Abaqus-Model/Job-19.odb,Step-163,Increment      6: Step Time =    1.000,"LAGERSITZ_NEU-1",         13344,             6,         13026,      -106.184,      -57.6460,      -9.81452,"ASSEMBLY_LAGERSITZ_NEU-1_SET-GEHAEUSE","ALUMINIUM",NA,            0.,            0.,            0.,            0.,   1.42715E-15,   385.277E-18,       NoValue
D:/MoVerHu_Projekt/FE_Modell/FE-Abaqus-Model/Job-19.odb,Step-163,Increment      6: Step Time =    1.000,"LAGERSITZ_NEU-1",         13340,             6,         13026,      -106.184,      -57.6460,      -9.81452,"ASSEMBLY_LAGERSITZ_NEU-1_SET-GEHAEUSE","ALUMINIUM",NA,            0.,            0.,            0.,            0.,   1.42715E-15,   385.277E-18,       NoValue
D:/MoVerHu_Projekt/FE_Modell/FE-Abaqus-Model/Job-19.odb,Step-163,Increment      6: Step Time =    1.000,"LAGERSITZ_NEU-1",         13339,             6,         13026,      -106.184,      -57.6460,      -9.81452,"ASSEMBLY_LAGERSITZ_NEU-1_SET-GEHAEUSE","ALUMINIUM",NA,            0.,            0.,            0.,            0.,   1.42715E-15,   385.277E-18,       NoValue
D:/MoVerHu_Projekt/FE_Modell/FE-Abaqus-Model/Job-19.odb,Step-163,Increment      6: Step Time =    1.000,"LAGERSITZ_NEU-1",         13345,             6,         13026,      -106.184,      -57.6460,      -9.81452,"ASSEMBLY_LAGERSITZ_NEU-1_SET-GEHAEUSE","ALUMINIUM",NA,            0.,            0.,            0.,            0.,   1.42715E-15,   385.277E-18,       NoValue
D:/MoVerHu_Projekt/FE_Modell/FE-Abaqus-Model/Job-19.odb,Step-163,Increment      6: Step Time =    1.000,"LAGERSITZ_NEU-1",         13346,             6,         13027,      -103.184,      -57.6460,      -9.81452,"ASSEMBLY_LAGERSITZ_NEU-1_SET-GEHAEUSE","ALUMINIUM",NA,            0.,            0.,            0.,            0.,   1.52651E-15,   485.545E-18,       NoValue
D:/MoVerHu_Projekt/FE_Modell/FE-Abaqus-Model/Job-19.odb,Step-163,Increment      6: Step Time =    1.000,"LAGERSITZ_NEU-1",         13340,             6,         13027,      -103.184,      -57.6460,      -9.81452,"ASSEMBLY_LAGERSITZ_NEU-1_SET-GEHAEUSE","ALUMINIUM",NA,            0.,            0.,            0.,            0.,   1.52651E-15,   485.545E-18,       NoValue
D:/MoVerHu_Projekt/FE_Modell/FE-Abaqus-Model/Job-19.odb,Step-163,Increment      6: Step Time =    1.000,"LAGERSITZ_NEU-1",         13345,             6,         13027,      -103.184,      -57.6460,      -9.81452,"ASSEMBLY_LAGERSITZ_NEU-1_SET-GEHAEUSE","ALUMINIUM",NA,            0.,            0.,            0.,            0.,   1.52651E-15,   485.545E-18,       NoValue
D:/MoVerHu_Projekt/FE_Modell/FE-Abaqus-Model/Job-19.odb,Step-163,Increment      6: Step Time =    1.000,"LAGERSITZ_NEU-1",         13341,             6,         13027,      -103.184,      -57.6460,      -9.81452,"ASSEMBLY_LAGERSITZ_NEU-1_SET-GEHAEUSE","ALUMINIUM",NA,            0.,            0.,            0.,            0.,   1.52651E-15,   485.545E-18,       NoValue
D:/MoVerHu_Projekt/FE_Modell/FE-Abaqus-Model/Job-19.odb,Step-163,Increment      6: Step Time =    1.000,"LAGERSITZ_NEU-1",         13341,             6,         13028,      -100.184,      -57.6460,      -9.81452,"ASSEMBLY_LAGERSITZ_NEU-1_SET-GEHAEUSE","ALUMINIUM",NA,            0.,            0.,            0.,            0.,  -3.33421E-15,   1.15901E-15,       NoValue
D:/MoVerHu_Projekt/FE_Modell/FE-Abaqus-Model/Job-19.odb,Step-163,Increment      6: Step Time =    1.000,"LAGERSITZ_NEU-1",         13342,             6,         13028,      -100.184,      -57.6460,      -9.81452,"ASSEMBLY_LAGERSITZ_NEU-1_SET-GEHAEUSE","ALUMINIUM",NA,            0.,            0.,            0.,            0.,  -3.33421E-15,   1.15901E-15,       NoValue
D:/MoVerHu_Projekt/FE_Modell/FE-Abaqus-Model/Job-19.odb,Step-163,Increment      6: Step Time =    1.000,"LAGERSITZ_NEU-1",         13347,             6,         13028,      -100.184,      -57.6460,      -9.81452,"ASSEMBLY_LAGERSITZ_NEU-1_SET-GEHAEUSE","ALUMINIUM",NA,            0.,            0.,            0.,            0.,  -3.33421E-15,   1.15901E-15,       NoValue
D:/MoVerHu_Projekt/FE_Modell/FE-Abaqus-Model/Job-19.odb,Step-163,Increment      6: Step Time =    1.000,"LAGERSITZ_NEU-1",         13346,             6,         13028,      -100.184,      -57.6460,      -9.81452,"ASSEMBLY_LAGERSITZ_NEU-1_SET-GEHAEUSE","ALUMINIUM",NA,            0.,            0.,            0.,            0.,  -3.33421E-15,   1.15901E-15,       NoValue
D:/MoVerHu_Projekt/FE_Modell/FE-Abaqus-Model/Job-19.odb,Step-163,Increment      6: Step Time =    1.000,"LAGERSITZ_NEU-1",         13348,             6,         13029,      -109.184,      -58.9138,      -14.9583,"ASSEMBLY_LAGERSITZ_NEU-1_SET-GEHAEUSE","ALUMINIUM",NA,            0.,            0.,            0.,            0.,  -2.36848E-15,  -463.558E-18,       NoValue
D:/MoVerHu_Projekt/FE_Modell/FE-Abaqus-Model/Job-19.odb,Step-163,Increment      6: Step Time =    1.000,"LAGERSITZ_NEU-1",         13354,             6,         13029,      -109.184,      -58.9138,      -14.9583,"ASSEMBLY_LAGERSITZ_NEU-1_SET-GEHAEUSE","ALUMINIUM",NA,            0.,            0.,            0.,            0.,  -2.36848E-15,  -463.558E-18,       NoValue
D:/MoVerHu_Projekt/FE_Modell/FE-Abaqus-Model/Job-19.odb,Step-163,Increment      6: Step Time =    1.000,"LAGERSITZ_NEU-1",         13353,             6,         13029,      -109.184,      -58.9138,      -14.9583,"ASSEMBLY_LAGERSITZ_NEU-1_SET-GEHAEUSE","ALUMINIUM",NA,            0.,            0.,            0.,            0.,  -2.36848E-15,  -463.558E-18,       NoValue
D:/MoVerHu_Projekt/FE_Modell/FE-Abaqus-Model/Job-19.odb,Step-163,Increment      6: Step Time =    1.000,"LAGERSITZ_NEU-1",         13349,             6,         13029,      -109.184,      -58.9138,      -14.9583,"ASSEMBLY_LAGERSITZ_NEU-1_SET-GEHAEUSE","ALUMINIUM",NA,            0.,            0.,            0.,            0.,  -2.36848E-15,  -463.558E-18,       NoValue
D:/MoVerHu_Projekt/FE_Modell/FE-Abaqus-Model/Job-19.odb,Step-163,Increment      6: Step Time =    1.000,"LAGERSITZ_NEU-1",         13350,             6,         13030,      -106.184,      -58.9138,      -14.9583,"ASSEMBLY_LAGERSITZ_NEU-1_SET-GEHAEUSE","ALUMINIUM",NA,            0.,            0.,            0.,            0.,  -434.250E-18,  -168.785E-18,       NoValue
D:/MoVerHu_Projekt/FE_Modell/FE-Abaqus-Model/Job-19.odb,Step-163,Increment      6: Step Time =    1.000,"LAGERSITZ_NEU-1",         13355,             6,         13030,      -106.184,      -58.9138,      -14.9583,"ASSEMBLY_LAGERSITZ_NEU-1_SET-GEHAEUSE","ALUMINIUM",NA,            0.,            0.,            0.,            0.,  -434.250E-18,  -168.785E-18,       NoValue
D:/MoVerHu_Projekt/FE_Modell/FE-Abaqus-Model/Job-19.odb,Step-163,Increment      6: Step Time =    1.000,"LAGERSITZ_NEU-1",         13354,             6,         13030,      -106.184,      -58.9138,      -14.9583,"ASSEMBLY_LAGERSITZ_NEU-1_SET-GEHAEUSE","ALUMINIUM",NA,            0.,            0.,            0.,            0.,  -434.250E-18,  -168.785E-18,       NoValue
D:/MoVerHu_Projekt/FE_Modell/FE-Abaqus-Model/Job-19.odb,Step-163,Increment      6: Step Time =    1.000,"LAGERSITZ_NEU-1",         13349,             6,         13030,      -106.184,      -58.9138,      -14.9583,"ASSEMBLY_LAGERSITZ_NEU-1_SET-GEHAEUSE","ALUMINIUM",NA,            0.,            0.,            0.,            0.,  -434.250E-18,  -168.785E-18,       NoValue
D:/MoVerHu_Projekt/FE_Modell/FE-Abaqus-Model/Job-19.odb,Step-163,Increment      6: Step Time =    1.000,"LAGERSITZ_NEU-1",         13355,             6,         13031,      -103.184,      -58.9138,      -14.9583,"ASSEMBLY_LAGERSITZ_NEU-1_SET-GEHAEUSE","ALUMINIUM",NA,            0.,            0.,            0.,            0.,   1.89503E-15,   103.211E-18,       NoValue
D:/MoVerHu_Projekt/FE_Modell/FE-Abaqus-Model/Job-19.odb,Step-163,Increment      6: Step Time =    1.000,"LAGERSITZ_NEU-1",         13356,             6,         13031,      -103.184,      -58.9138,      -14.9583,"ASSEMBLY_LAGERSITZ_NEU-1_SET-GEHAEUSE","ALUMINIUM",NA,            0.,            0.,            0.,            0.,   1.89503E-15,   103.211E-18,       NoValue
D:/MoVerHu_Projekt/FE_Modell/FE-Abaqus-Model/Job-19.odb,Step-163,Increment      6: Step Time =    1.000,"LAGERSITZ_NEU-1",         13351,             6,         13031,      -103.184,      -58.9138,      -14.9583,"ASSEMBLY_LAGERSITZ_NEU-1_SET-GEHAEUSE","ALUMINIUM",NA,            0.,            0.,            0.,            0.,   1.89503E-15,   103.211E-18,       NoValue
D:/MoVerHu_Projekt/FE_Modell/FE-Abaqus-Model/Job-19.odb,Step-163,Increment      6: Step Time =    1.000,"LAGERSITZ_NEU-1",         13350,             6,         13031,      -103.184,      -58.9138,      -14.9583,"ASSEMBLY_LAGERSITZ_NEU-1_SET-GEHAEUSE","ALUMINIUM",NA,            0.,            0.,            0.,            0.,   1.89503E-15,   103.211E-18,       NoValue
D:/MoVerHu_Projekt/FE_Modell/FE-Abaqus-Model/Job-19.odb,Step-163,Increment      6: Step Time =    1.000,"LAGERSITZ_NEU-1",         13357,             6,         13032,      -100.184,      -58.9138,      -14.9583,"ASSEMBLY_LAGERSITZ_NEU-1_SET-GEHAEUSE","ALUMINIUM",NA,            0.,            0.,            0.,            0.,  -3.31633E-15,   72.0713E-18,       NoValue
D:/MoVerHu_Projekt/FE_Modell/FE-Abaqus-Model/Job-19.odb,Step-163,Increment      6: Step Time =    1.000,"LAGERSITZ_NEU-1",         13356,             6,         13032,      -100.184,      -58.9138,      -14.9583,"ASSEMBLY_LAGERSITZ_NEU-1_SET-GEHAEUSE","ALUMINIUM",NA,            0.,            0.,            0.,            0.,  -3.31633E-15,   72.0713E-18,       NoValue
D:/MoVerHu_Projekt/FE_Modell/FE-Abaqus-Model/Job-19.odb,Step-163,Increment      6: Step Time =    1.000,"LAGERSITZ_NEU-1",         13351,             6,         13032,      -100.184,      -58.9138,      -14.9583,"ASSEMBLY_LAGERSITZ_NEU-1_SET-GEHAEUSE","ALUMINIUM",NA,            0.,            0.,            0.,            0.,  -3.31633E-15,   72.0713E-18,       NoValue
D:/MoVerHu_Projekt/FE_Modell/FE-Abaqus-Model/Job-19.odb,Step-163,Increment      6: Step Time =    1.000,"LAGERSITZ_NEU-1",         13352,             6,         13032,      -100.184,      -58.9138,      -14.9583,"ASSEMBLY_LAGERSITZ_NEU-1_SET-GEHAEUSE","ALUMINIUM",NA,            0.,            0.,            0.,            0.,  -3.31633E-15,   72.0713E-18,       NoValue
D:/MoVerHu_Projekt/FE_Modell/FE-Abaqus-Model/Job-19.odb,Step-163,Increment      6: Step Time =    1.000,"LAGERSITZ_NEU-1",         13353,             6,         13033,      -109.184,      -59.3583,      -17.5548,"ASSEMBLY_LAGERSITZ_NEU-1_SET-GEHAEUSE","ALUMINIUM",NA,            0.,            0.,            0.,            0.,  -1.57898E-15,  -5.47296E-18,       NoValue
D:/MoVerHu_Projekt/FE_Modell/FE-Abaqus-Model/Job-19.odb,Step-163,Increment      6: Step Time =    1.000,"LAGERSITZ_NEU-1",         13354,             6,         13033,      -109.184,      -59.3583,      -17.5548,"ASSEMBLY_LAGERSITZ_NEU-1_SET-GEHAEUSE","ALUMINIUM",NA,            0.,            0.,            0.,            0.,  -1.57898E-15,  -5.47296E-18,       NoValue
D:/MoVerHu_Projekt/FE_Modell/FE-Abaqus-Model/Job-19.odb,Step-163,Increment      6: Step Time =    1.000,"LAGERSITZ_NEU-1",         13358,             6,         13033,      -109.184,      -59.3583,      -17.5548,"ASSEMBLY_LAGERSITZ_NEU-1_SET-GEHAEUSE","ALUMINIUM",NA,            0.,            0.,            0.,            0.,  -1.57898E-15,  -5.47296E-18,       NoValue
D:/MoVerHu_Projekt/FE_Modell/FE-Abaqus-Model/Job-19.odb,Step-163,Increment      6: Step Time =    1.000,"LAGERSITZ_NEU-1",         13359,             6,         13033,      -109.184,      -59.3583,      -17.5548,"ASSEMBLY_LAGERSITZ_NEU-1_SET-GEHAEUSE","ALUMINIUM",NA,            0.,            0.,            0.,            0.,  -1.57898E-15,  -5.47296E-18,       NoValue
D:/MoVerHu_Projekt/FE_Modell/FE-Abaqus-Model/Job-19.odb,Step-163,Increment      6: Step Time =    1.000,"LAGERSITZ_NEU-1",         13355,             6,         13034,      -106.184,      -59.3583,      -17.5548,"ASSEMBLY_LAGERSITZ_NEU-1_SET-GEHAEUSE","ALUMINIUM",NA,            0.,            0.,            0.,            0.,   1.59874E-15,   384.428E-18,       NoValue
D:/MoVerHu_Projekt/FE_Modell/FE-Abaqus-Model/Job-19.odb,Step-163,Increment      6: Step Time =    1.000,"LAGERSITZ_NEU-1",         13359,             6,         13034,      -106.184,      -59.3583,      -17.5548,"ASSEMBLY_LAGERSITZ_NEU-1_SET-GEHAEUSE","ALUMINIUM",NA,            0.,            0.,            0.,            0.,   1.59874E-15,   384.428E-18,       NoValue
D:/MoVerHu_Projekt/FE_Modell/FE-Abaqus-Model/Job-19.odb,Step-163,Increment      6: Step Time =    1.000,"LAGERSITZ_NEU-1",         13354,             6,         13034,      -106.184,      -59.3583,      -17.5548,"ASSEMBLY_LAGERSITZ_NEU-1_SET-GEHAEUSE","ALUMINIUM",NA,            0.,            0.,            0.,            0.,   1.59874E-15,   384.428E-18,       NoValue
D:/MoVerHu_Projekt/FE_Modell/FE-Abaqus-Model/Job-19.odb,Step-163,Increment      6: Step Time =    1.000,"LAGERSITZ_NEU-1",         13360,             6,         13034,      -106.184,      -59.3583,      -17.5548,"ASSEMBLY_LAGERSITZ_NEU-1_SET-GEHAEUSE","ALUMINIUM",NA,            0.,            0.,            0.,            0.,   1.59874E-15,   384.428E-18,       NoValue
D:/MoVerHu_Projekt/FE_Modell/FE-Abaqus-Model/Job-19.odb,Step-163,Increment      6: Step Time =    1.000,"LAGERSITZ_NEU-1",         13360,             6,         13035,      -103.184,      -59.3583,      -17.5548,"ASSEMBLY_LAGERSITZ_NEU-1_SET-GEHAEUSE","ALUMINIUM",NA,            0.,            0.,            0.,            0.,   3.07866E-15,   449.958E-18,       NoValue
D:/MoVerHu_Projekt/FE_Modell/FE-Abaqus-Model/Job-19.odb,Step-163,Increment      6: Step Time =    1.000,"LAGERSITZ_NEU-1",         13356,             6,         13035,      -103.184,      -59.3583,      -17.5548,"ASSEMBLY_LAGERSITZ_NEU-1_SET-GEHAEUSE","ALUMINIUM",NA,            0.,            0.,            0.,            0.,   3.07866E-15,   449.958E-18,       NoValue
D:/MoVerHu_Projekt/FE_Modell/FE-Abaqus-Model/Job-19.odb,Step-163,Increment      6: Step Time =    1.000,"LAGERSITZ_NEU-1",         13361,             6,         13035,      -103.184,      -59.3583,      -17.5548,"ASSEMBLY_LAGERSITZ_NEU-1_SET-GEHAEUSE","ALUMINIUM",NA,            0.,            0.,            0.,            0.,   3.07866E-15,   449.958E-18,       NoValue
D:/MoVerHu_Projekt/FE_Modell/FE-Abaqus-Model/Job-19.odb,Step-163,Increment      6: Step Time =    1.000,"LAGERSITZ_NEU-1",         13355,             6,         13035,      -103.184,      -59.3583,      -17.5548,"ASSEMBLY_LAGERSITZ_NEU-1_SET-GEHAEUSE","ALUMINIUM",NA,            0.,            0.,            0.,            0.,   3.07866E-15,   449.958E-18,       NoValue
D:/MoVerHu_Projekt/FE_Modell/FE-Abaqus-Model/Job-19.odb,Step-163,Increment      6: Step Time =    1.000,"LAGERSITZ_NEU-1",         13356,             6,         13036,      -100.184,      -59.3583,      -17.5548,"ASSEMBLY_LAGERSITZ_NEU-1_SET-GEHAEUSE","ALUMINIUM",NA,            0.,            0.,            0.,            0.,  -1.81652E-15,   618.603E-18,       NoValue
D:/MoVerHu_Projekt/FE_Modell/FE-Abaqus-Model/Job-19.odb,Step-163,Increment      6: Step Time =    1.000,"LAGERSITZ_NEU-1",         13361,             6,         13036,      -100.184,      -59.3583,      -17.5548,"ASSEMBLY_LAGERSITZ_NEU-1_SET-GEHAEUSE","ALUMINIUM",NA,            0.,            0.,            0.,            0.,  -1.81652E-15,   618.603E-18,       NoValue
D:/MoVerHu_Projekt/FE_Modell/FE-Abaqus-Model/Job-19.odb,Step-163,Increment      6: Step Time =    1.000,"LAGERSITZ_NEU-1",         13362,             6,         13036,      -100.184,      -59.3583,      -17.5548,"ASSEMBLY_LAGERSITZ_NEU-1_SET-GEHAEUSE","ALUMINIUM",NA,            0.,            0.,            0.,            0.,  -1.81652E-15,   618.603E-18,       NoValue
D:/MoVerHu_Projekt/FE_Modell/FE-Abaqus-Model/Job-19.odb,Step-163,Increment      6: Step Time =    1.000,"LAGERSITZ_NEU-1",         13357,             6,         13036,      -100.184,      -59.3583,      -17.5548,"ASSEMBLY_LAGERSITZ_NEU-1_SET-GEHAEUSE","ALUMINIUM",NA,            0.,            0.,            0.,            0.,  -1.81652E-15,   618.603E-18,       NoValue
D:/MoVerHu_Projekt/FE_Modell/FE-Abaqus-Model/Job-19.odb,Step-163,Increment      6: Step Time =    1.000,"LAGERSITZ_NEU-1",         13359,             6,         13037,      -109.184,      -59.6779,      -20.1696,"ASSEMBLY_LAGERSITZ_NEU-1_SET-GEHAEUSE","ALUMINIUM",NA,            0.,            0.,            0.,            0.,  -394.745E-18,   1.00140E-15,       NoValue
D:/MoVerHu_Projekt/FE_Modell/FE-Abaqus-Model/Job-19.odb,Step-163,Increment      6: Step Time =    1.000,"LAGERSITZ_NEU-1",         13364,             6,         13037,      -109.184,      -59.6779,      -20.1696,"ASSEMBLY_LAGERSITZ_NEU-1_SET-GEHAEUSE","ALUMINIUM",NA,            0.,            0.,            0.,            0.,  -394.745E-18,   1.00140E-15,       NoValue
D:/MoVerHu_Projekt/FE_Modell/FE-Abaqus-Model/Job-19.odb,Step-163,Increment      6: Step Time =    1.000,"LAGERSITZ_NEU-1",         13358,             6,         13037,      -109.184,      -59.6779,      -20.1696,"ASSEMBLY_LAGERSITZ_NEU-1_SET-GEHAEUSE","ALUMINIUM",NA,            0.,            0.,            0.,            0.,  -394.745E-18,   1.00140E-15,       NoValue
D:/MoVerHu_Projekt/FE_Modell/FE-Abaqus-Model/Job-19.odb,Step-163,Increment      6: Step Time =    1.000,"LAGERSITZ_NEU-1",         13363,             6,         13037,      -109.184,      -59.6779,      -20.1696,"ASSEMBLY_LAGERSITZ_NEU-1_SET-GEHAEUSE","ALUMINIUM",NA,            0.,            0.,            0.,            0.,  -394.745E-18,   1.00140E-15,       NoValue
D:/MoVerHu_Projekt/FE_Modell/FE-Abaqus-Model/Job-19.odb,Step-163,Increment      6: Step Time =    1.000,"LAGERSITZ_NEU-1",         13359,             6,         13038,      -106.184,      -59.6779,      -20.1696,"ASSEMBLY_LAGERSITZ_NEU-1_SET-GEHAEUSE","ALUMINIUM",NA,            0.,            0.,            0.,            0.,  -59.2577E-18,   1.67458E-15,       NoValue
D:/MoVerHu_Projekt/FE_Modell/FE-Abaqus-Model/Job-19.odb,Step-163,Increment      6: Step Time =    1.000,"LAGERSITZ_NEU-1",         13365,             6,         13038,      -106.184,      -59.6779,      -20.1696,"ASSEMBLY_LAGERSITZ_NEU-1_SET-GEHAEUSE","ALUMINIUM",NA,            0.,            0.,            0.,            0.,  -59.2577E-18,   1.67458E-15,       NoValue
D:/MoVerHu_Projekt/FE_Modell/FE-Abaqus-Model/Job-19.odb,Step-163,Increment      6: Step Time =    1.000,"LAGERSITZ_NEU-1",         13360,             6,         13038,      -106.184,      -59.6779,      -20.1696,"ASSEMBLY_LAGERSITZ_NEU-1_SET-GEHAEUSE","ALUMINIUM",NA,            0.,            0.,            0.,            0.,  -59.2577E-18,   1.67458E-15,       NoValue
D:/MoVerHu_Projekt/FE_Modell/FE-Abaqus-Model/Job-19.odb,Step-163,Increment      6: Step Time =    1.000,"LAGERSITZ_NEU-1",         13364,             6,         13038,      -106.184,      -59.6779,      -20.1696,"ASSEMBLY_LAGERSITZ_NEU-1_SET-GEHAEUSE","ALUMINIUM",NA,            0.,            0.,            0.,            0.,  -59.2577E-18,   1.67458E-15,       NoValue
D:/MoVerHu_Projekt/FE_Modell/FE-Abaqus-Model/Job-19.odb,Step-163,Increment      6: Step Time =    1.000,"LAGERSITZ_NEU-1",         13360,             6,         13039,      -103.184,      -59.6779,      -20.1696,"ASSEMBLY_LAGERSITZ_NEU-1_SET-GEHAEUSE","ALUMINIUM",NA,            0.,            0.,            0.,            0.,   947.514E-18,   2.21522E-15,       NoValue
D:/MoVerHu_Projekt/FE_Modell/FE-Abaqus-Model/Job-19.odb,Step-163,Increment      6: Step Time =    1.000,"LAGERSITZ_NEU-1",         13366,             6,         13039,      -103.184,      -59.6779,      -20.1696,"ASSEMBLY_LAGERSITZ_NEU-1_SET-GEHAEUSE","ALUMINIUM",NA,            0.,            0.,            0.,            0.,   947.514E-18,   2.21522E-15,       NoValue
D:/MoVerHu_Projekt/FE_Modell/FE-Abaqus-Model/Job-19.odb,Step-163,Increment      6: Step Time =    1.000,"LAGERSITZ_NEU-1",         13365,             6,         13039,      -103.184,      -59.6779,      -20.1696,"ASSEMBLY_LAGERSITZ_NEU-1_SET-GEHAEUSE","ALUMINIUM",NA,            0.,            0.,            0.,            0.,   947.514E-18,   2.21522E-15,       NoValue
D:/MoVerHu_Projekt/FE_Modell/FE-Abaqus-Model/Job-19.odb,Step-163,Increment      6: Step Time =    1.000,"LAGERSITZ_NEU-1",         13361,             6,         13039,      -103.184,      -59.6779,      -20.1696,"ASSEMBLY_LAGERSITZ_NEU-1_SET-GEHAEUSE","ALUMINIUM",NA,            0.,            0.,            0.,            0.,   947.514E-18,   2.21522E-15,       NoValue
D:/MoVerHu_Projekt/FE_Modell/FE-Abaqus-Model/Job-19.odb,Step-163,Increment      6: Step Time =    1.000,"LAGERSITZ_NEU-1",         13361,             6,         13040,      -100.184,      -59.6779,      -20.1696,"ASSEMBLY_LAGERSITZ_NEU-1_SET-GEHAEUSE","ALUMINIUM",NA,            0.,            0.,            0.,            0.,  -869.836E-18,   2.12194E-15,       NoValue
D:/MoVerHu_Projekt/FE_Modell/FE-Abaqus-Model/Job-19.odb,Step-163,Increment      6: Step Time =    1.000,"LAGERSITZ_NEU-1",         13362,             6,         13040,      -100.184,      -59.6779,      -20.1696,"ASSEMBLY_LAGERSITZ_NEU-1_SET-GEHAEUSE","ALUMINIUM",NA,            0.,            0.,            0.,            0.,  -869.836E-18,   2.12194E-15,       NoValue
D:/MoVerHu_Projekt/FE_Modell/FE-Abaqus-Model/Job-19.odb,Step-163,Increment      6: Step Time =    1.000,"LAGERSITZ_NEU-1",         13366,             6,         13040,      -100.184,      -59.6779,      -20.1696,"ASSEMBLY_LAGERSITZ_NEU-1_SET-GEHAEUSE","ALUMINIUM",NA,            0.,            0.,            0.,            0.,  -869.836E-18,   2.12194E-15,       NoValue
D:/MoVerHu_Projekt/FE_Modell/FE-Abaqus-Model/Job-19.odb,Step-163,Increment      6: Step Time =    1.000,"LAGERSITZ_NEU-1",         13367,             6,         13040,      -100.184,      -59.6779,      -20.1696,"ASSEMBLY_LAGERSITZ_NEU-1_SET-GEHAEUSE","ALUMINIUM",NA,            0.,            0.,            0.,            0.,  -869.836E-18,   2.12194E-15,       NoValue
D:/MoVerHu_Projekt/FE_Modell/FE-Abaqus-Model/Job-19.odb,Step-163,Increment      6: Step Time =    1.000,"LAGERSITZ_NEU-1",         13364,             6,         13041,      -109.184,      -59.8720,      -22.7967,"ASSEMBLY_LAGERSITZ_NEU-1_SET-GEHAEUSE","ALUMINIUM",NA,            0.,            0.,            0.,            0.,  -1.97373E-15,   635.668E-18,       NoValue
D:/MoVerHu_Projekt/FE_Modell/FE-Abaqus-Model/Job-19.odb,Step-163,Increment      6: Step Time =    1.000,"LAGERSITZ_NEU-1",         13368,             6,         13041,      -109.184,      -59.8720,      -22.7967,"ASSEMBLY_LAGERSITZ_NEU-1_SET-GEHAEUSE","ALUMINIUM",NA,            0.,            0.,            0.,            0.,  -1.97373E-15,   635.668E-18,       NoValue
D:/MoVerHu_Projekt/FE_Modell/FE-Abaqus-Model/Job-19.odb,Step-163,Increment      6: Step Time =    1.000,"LAGERSITZ_NEU-1",         13363,             6,         13041,      -109.184,      -59.8720,      -22.7967,"ASSEMBLY_LAGERSITZ_NEU-1_SET-GEHAEUSE","ALUMINIUM",NA,            0.,            0.,            0.,            0.,  -1.97373E-15,   635.668E-18,       NoValue
D:/MoVerHu_Projekt/FE_Modell/FE-Abaqus-Model/Job-19.odb,Step-163,Increment      6: Step Time =    1.000,"LAGERSITZ_NEU-1",         13369,             6,         13041,      -109.184,      -59.8720,      -22.7967,"ASSEMBLY_LAGERSITZ_NEU-1_SET-GEHAEUSE","ALUMINIUM",NA,            0.,            0.,            0.,            0.,  -1.97373E-15,   635.668E-18,       NoValue
D:/MoVerHu_Projekt/FE_Modell/FE-Abaqus-Model/Job-19.odb,Step-163,Increment      6: Step Time =    1.000,"LAGERSITZ_NEU-1",         13364,             6,         13042,      -106.184,      -59.8720,      -22.7967,"ASSEMBLY_LAGERSITZ_NEU-1_SET-GEHAEUSE","ALUMINIUM",NA,            0.,            0.,            0.,            0.,  -1.97373E-15,   807.373E-18,       NoValue
D:/MoVerHu_Projekt/FE_Modell/FE-Abaqus-Model/Job-19.odb,Step-163,Increment      6: Step Time =    1.000,"LAGERSITZ_NEU-1",         13365,             6,         13042,      -106.184,      -59.8720,      -22.7967,"ASSEMBLY_LAGERSITZ_NEU-1_SET-GEHAEUSE","ALUMINIUM",NA,            0.,            0.,            0.,            0.,  -1.97373E-15,   807.373E-18,       NoValue
D:/MoVerHu_Projekt/FE_Modell/FE-Abaqus-Model/Job-19.odb,Step-163,Increment      6: Step Time =    1.000,"LAGERSITZ_NEU-1",         13370,             6,         13042,      -106.184,      -59.8720,      -22.7967,"ASSEMBLY_LAGERSITZ_NEU-1_SET-GEHAEUSE","ALUMINIUM",NA,            0.,            0.,            0.,            0.,  -1.97373E-15,   807.373E-18,       NoValue
D:/MoVerHu_Projekt/FE_Modell/FE-Abaqus-Model/Job-19.odb,Step-163,Increment      6: Step Time =    1.000,"LAGERSITZ_NEU-1",         13369,             6,         13042,      -106.184,      -59.8720,      -22.7967,"ASSEMBLY_LAGERSITZ_NEU-1_SET-GEHAEUSE","ALUMINIUM",NA,            0.,            0.,            0.,            0.,  -1.97373E-15,   807.373E-18,       NoValue
D:/MoVerHu_Projekt/FE_Modell/FE-Abaqus-Model/Job-19.odb,Step-163,Increment      6: Step Time =    1.000,"LAGERSITZ_NEU-1",         13371,             6,         13043,      -103.184,      -59.8720,      -22.7967,"ASSEMBLY_LAGERSITZ_NEU-1_SET-GEHAEUSE","ALUMINIUM",NA,            0.,            0.,            0.,            0.,   710.175E-18,   1.48916E-15,       NoValue
D:/MoVerHu_Projekt/FE_Modell/FE-Abaqus-Model/Job-19.odb,Step-163,Increment      6: Step Time =    1.000,"LAGERSITZ_NEU-1",         13370,             6,         13043,      -103.184,      -59.8720,      -22.7967,"ASSEMBLY_LAGERSITZ_NEU-1_SET-GEHAEUSE","ALUMINIUM",NA,            0.,            0.,            0.,            0.,   710.175E-18,   1.48916E-15,       NoValue
D:/MoVerHu_Projekt/FE_Modell/FE-Abaqus-Model/Job-19.odb,Step-163,Increment      6: Step Time =    1.000,"LAGERSITZ_NEU-1",         13366,             6,         13043,      -103.184,      -59.8720,      -22.7967,"ASSEMBLY_LAGERSITZ_NEU-1_SET-GEHAEUSE","ALUMINIUM",NA,            0.,            0.,            0.,            0.,   710.175E-18,   1.48916E-15,       NoValue
D:/MoVerHu_Projekt/FE_Modell/FE-Abaqus-Model/Job-19.odb,Step-163,Increment      6: Step Time =    1.000,"LAGERSITZ_NEU-1",         13365,             6,         13043,      -103.184,      -59.8720,      -22.7967,"ASSEMBLY_LAGERSITZ_NEU-1_SET-GEHAEUSE","ALUMINIUM",NA,            0.,            0.,            0.,            0.,   710.175E-18,   1.48916E-15,       NoValue
D:/MoVerHu_Projekt/FE_Modell/FE-Abaqus-Model/Job-19.odb,Step-163,Increment      6: Step Time =    1.000,"LAGERSITZ_NEU-1",         13367,             6,         13044,      -100.184,      -59.8720,      -22.7967,"ASSEMBLY_LAGERSITZ_NEU-1_SET-GEHAEUSE","ALUMINIUM",NA,            0.,            0.,            0.,            0.,  -4.89531E-15,   1.04104E-15,       NoValue
D:/MoVerHu_Projekt/FE_Modell/FE-Abaqus-Model/Job-19.odb,Step-163,Increment      6: Step Time =    1.000,"LAGERSITZ_NEU-1",         13372,             6,         13044,      -100.184,      -59.8720,      -22.7967,"ASSEMBLY_LAGERSITZ_NEU-1_SET-GEHAEUSE","ALUMINIUM",NA,            0.,            0.,            0.,            0.,  -4.89531E-15,   1.04104E-15,       NoValue
D:/MoVerHu_Projekt/FE_Modell/FE-Abaqus-Model/Job-19.odb,Step-163,Increment      6: Step Time =    1.000,"LAGERSITZ_NEU-1",         13366,             6,         13044,      -100.184,      -59.8720,      -22.7967,"ASSEMBLY_LAGERSITZ_NEU-1_SET-GEHAEUSE","ALUMINIUM",NA,            0.,            0.,            0.,            0.,  -4.89531E-15,   1.04104E-15,       NoValue
D:/MoVerHu_Projekt/FE_Modell/FE-Abaqus-Model/Job-19.odb,Step-163,Increment      6: Step Time =    1.000,"LAGERSITZ_NEU-1",         13371,             6,         13044,      -100.184,      -59.8720,      -22.7967,"ASSEMBLY_LAGERSITZ_NEU-1_SET-GEHAEUSE","ALUMINIUM",NA,            0.,            0.,            0.,            0.,  -4.89531E-15,   1.04104E-15,       NoValue
